-11.3375108637313,-42.1329101437348 -11.3380682570344,-42.1339832218961;-11.339172571439,-42.1343690168323 -11.3394718609582,-42.134199067602;-11.3384089558409,-42.1322134420659 -11.3383785286101,-42.1323067217323;-11.3394718609582,-42.134199067602 -11.3405496334874,-42.1337817768378;-11.3380553276963,-42.1325595658847 -11.339172571439,-42.1343690168323;-11.3383785286101,-42.1323067217323 -11.3382605920821,-42.132421658033 -11.3380553276963,-42.1325595658847;-11.3405496334874,-42.1337817768378 -11.3397100531874,-42.132000519884 -11.3384089558409,-42.1322134420659;-11.3382725105763,-42.1349989126074 -11.3383629035265,-42.1350468537079 -11.3389643588179,-42.1346468482742;-11.3377348083384,-42.1341697531622 -11.3382725105763,-42.1349989126074;-11.3380682570344,-42.1339832218961 -11.3377706427195,-42.1341694780426 -11.3377348083384,-42.1341697531622;-11.3378044118678,-42.1327091877787 -11.3375108637313,-42.1329101437348;-11.3389643588179,-42.1346468482742 -11.3378044118678,-42.1327091877787;-11.3373907785566,-42.1352281162757 -11.3376904055824,-42.1351780372749 -11.3382030377299,-42.1350077316403;-11.3371359854771,-42.1343772681325 -11.3373907785566,-42.1352281162757;-11.337680231248,-42.1341955371604 -11.3371359854771,-42.1343772681325;-11.3382030377299,-42.1350077316403 -11.337680231248,-42.1341955371604;-11.336501556923,-42.1355085230787 -11.3373291113831,-42.1352441881749;-11.3362270818511,-42.1346808779526 -11.336501556923,-42.1355085230787;-11.3370782826135,-42.1343944814029 -11.3362270818511,-42.1346808779526;-11.3373291113831,-42.1352441881749 -11.3370782826135,-42.1343944814029;-11.336189459853,-42.1346007301563 -11.3370589908709,-42.1343294205697;-11.3359383894888,-42.1339209215223 -11.336189459853,-42.1346007301563;-11.3367813624601,-42.1333952306895 -11.3359383894888,-42.1339209215223;-11.3370589908709,-42.1343294205697 -11.3367813624601,-42.1333952306895;-11.3359187308888,-42.1338571756435 -11.3367708890102,-42.1333307772139 -11.3370291504131,-42.1331599227471;-11.335756022006,-42.1332348747128 -11.3357497026082,-42.1333139147803 -11.3359187308888,-42.1338571756435;-11.3367576361077,-42.1326984470314 -11.3362003620104,-42.1330361822699 -11.335756022006,-42.1332348747128;-11.3370291504131,-42.1331599227471 -11.3367576361077,-42.1326984470314;-11.3370758575612,-42.1331213659145 -11.3377711340521,-42.1326600688574;-11.3368191533679,-42.1326646453546 -11.3370758575612,-42.1331213659145;-11.3375369539083,-42.1322856618621 -11.3368191533679,-42.1326646453546;-11.3377711340521,-42.1326600688574 -11.3375369539083,-42.1322856618621;-11.3378246957747,-42.1326176961633 -11.3379653884437,-42.1325334938434;-11.337588281531,-42.1322653582909 -11.3378246957747,-42.1326176961633;-11.3377542806473,-42.13217783546 -11.337588281531,-42.1322653582909;-11.3379653884437,-42.1325334938434 -11.3377542806473,-42.13217783546;-11.3389976241427,-42.1345981883101 -11.339129178617,-42.1344084158716;-11.3378585200665,-42.1326730514981 -11.3389976241427,-42.1345981883101;-11.3379999251955,-42.1325935949112 -11.3378585200665,-42.1326730514981;-11.339129178617,-42.1344084158716 -11.3379999251955,-42.1325935949112;-11.3376970547364,-42.134115630972 -11.3377416486072,-42.1341141456086 -11.3379947616941,-42.1339650957861 -11.3374650647691,-42.132939594863;-11.3371144136206,-42.133179177034 -11.3376970547364,-42.134115630972;-11.3374650647691,-42.132939594863 -11.3371144136206,-42.133179177034;-11.3371140943041,-42.1343117468157 -11.3376407594267,-42.1341336435628;-11.3368285165272,-42.1333683755029 -11.3371140943041,-42.1343117468157;-11.3370576641276,-42.133209223004 -11.3368285165272,-42.1333683755029;-11.3376407594267,-42.1341336435628 -11.3370576641276,-42.133209223004;-11.3320507030537,-42.1359457220993 -11.3324997427529,-42.1359169959073;-11.3297480337135,-42.1355223101654 -11.3289093863939,-42.1355757191336;-11.3229678067687,-42.1338825911208 -11.3220328145792,-42.1337790916889 -11.3212681055388,-42.1337119795945;-11.3297283965067,-42.1354358649142 -11.3289109421402,-42.1354686397748;-11.3230177695069,-42.1379929658005 -11.3242479508604,-42.1379115325685;-11.3214663926202,-42.1383796177491 -11.3214961690337,-42.1384600174506;-11.3192752310026,-42.1334857235045 -11.3192762402819,-42.1336039763373 -11.319372207456,-42.1340944725262 -11.3194271167657,-42.1342378654026;-11.3230318043969,-42.1338888869661 -11.3229942494862,-42.1340457736886;-11.3287551459429,-42.1373703186279 -11.328859936609,-42.1345679204179;-11.3306746144928,-42.1359816333321 -11.3303303569583,-42.1361204927792 -11.3301099560279,-42.1361766863357 -11.3299061939712,-42.13608022574 -11.3298035365138,-42.1359484177055 -11.3297480337135,-42.1355223101654;-11.3214961690337,-42.1384600174506 -11.3219928077449,-42.1383406317101 -11.3223400723382,-42.1381564528643;-11.3289093863939,-42.1355757191336 -11.3288331315338,-42.1373408264085;-11.3307737590343,-42.1347941800017 -11.33095518143,-42.1358410919055;-11.329620081364,-42.1346426136824 -11.3289420412575,-42.1345820137682;-11.3289109421402,-42.1354686397748 -11.3289420412575,-42.1345820137682;-11.3354803848553,-42.134855720438 -11.3361245948751,-42.1346241322179;-11.3352537896795,-42.1341954238452 -11.3354803848553,-42.134855720438;-11.3358743597972,-42.1339515350452 -11.3352537896795,-42.1341954238452;-11.3361245948751,-42.1346241322179 -11.3358743597972,-42.1339515350452;-11.3341303387059,-42.1353576580915 -11.3354138813313,-42.1348822382887;-11.3339301375402,-42.134671201736 -11.3341303387059,-42.1353576580915;-11.3351914721566,-42.1342166271665 -11.3339301375402,-42.134671201736;-11.3354138813313,-42.1348822382887 -11.3351914721566,-42.1342166271665;-11.3324997427529,-42.1359169959073 -11.3340593506825,-42.1353807156294;-11.3319544461225,-42.1353632706781 -11.3320507030537,-42.1359457220993;-11.3338697900875,-42.1346928973687 -11.3329391846725,-42.1350253688432 -11.3319544461225,-42.1353632706781;-11.3340593506825,-42.1353807156294 -11.3338697900875,-42.1346928973687;-11.331508132203,-42.136034233752 -11.3317735778892,-42.135974297583 -11.3319840630752,-42.1359505877511;-11.3313467494396,-42.1348669952996 -11.3313486924427,-42.1349851643327 -11.331508132203,-42.136034233752;-11.3318141078423,-42.1348440343618 -11.331597402975,-42.1349013270211 -11.3313467494396,-42.1348669952996;-11.3319840630752,-42.1359505877511 -11.3318141078423,-42.1348440343618;-11.3310218941411,-42.1362484299323 -11.3312357693645,-42.1361471031147 -11.3314534261089,-42.1360533378638;-11.33095518143,-42.1358410919055 -11.3310218941411,-42.1362484299323;-11.3312886816619,-42.1349864240923 -11.3312827402163,-42.1348616537345 -11.3307737590343,-42.1347941800017;-11.3314534261089,-42.1360533378638 -11.3312886816619,-42.1349864240923;-11.3288331315338,-42.1373408264085 -11.3296951407855,-42.1368593754313 -11.3300129392646,-42.1367231937112 -11.3308371889106,-42.1363706238075 -11.3309587100746,-42.1362764200893;-11.3242479508604,-42.1379115325685 -11.3247852409867,-42.1378068635424 -11.3251476682169,-42.1377535137034 -11.3258622608849,-42.1377549013123 -11.3262808611014,-42.1377729686187 -11.3273613021856,-42.1379452852789 -11.3275977264021,-42.1379325859646 -11.3277414921186,-42.1378925047348 -11.3278996052285,-42.1378293213058 -11.3282043858238,-42.1376776371003 -11.3287551459429,-42.1373703186279;-11.3229942494862,-42.1340457736886 -11.3228764189871,-42.1353969092544 -11.3227806839137,-42.1361977363165 -11.3227829189075,-42.1363338652961 -11.3228571276551,-42.136932990211 -11.3229370570911,-42.1373795757036 -11.3230177695069,-42.1379929658005;-11.328859936609,-42.1345679204179 -11.327101731557,-42.1343685267341 -11.3230318043969,-42.1338888869661;-11.329620081364,-42.1346426136824 -11.3296225681846,-42.1347794892261 -11.329683596544,-42.1350369568702 -11.3297283965067,-42.1354358649142;-11.3309097108441,-42.1359498989759 -11.3306746144928,-42.1359816333321;-11.3309587100746,-42.1362764200893 -11.3309097108441,-42.1359498989759;-11.3223400723382,-42.1381564528643 -11.3226362187503,-42.138068398746 -11.3229384607426,-42.1380002387355;-11.3194271167657,-42.1342378654026 -11.3195548843092,-42.1344723051836 -11.3196993303789,-42.1346236522545 -11.3199233430914,-42.134803574702 -11.3206166828962,-42.1353978663493 -11.3207810649962,-42.1355080626906 -11.3209571255348,-42.1356868238642 -11.3211162980256,-42.135945468022 -11.3212147608141,-42.1363668168705 -11.3213367858438,-42.1368046840981 -11.321410194436,-42.1371682410071 -11.3214397341268,-42.1375552855225 -11.3214250286961,-42.1379775979337 -11.3214663926202,-42.1383796177491;-11.3212681055388,-42.1337119795945 -11.3192752310026,-42.1334857235045;-11.3229384607426,-42.1380002387355 -11.3228650899107,-42.1373843003571 -11.3227913850495,-42.136944252459 -11.3227137521419,-42.1363373602883 -11.3227114293863,-42.1361981332705 -11.3228117566695,-42.1353908904742 -11.3229306101624,-42.13404173424 -11.3229678067687,-42.1338825911208;-11.3214297617868,-42.1384857672064 -11.3211380622296,-42.138566868877 -11.3203207575339,-42.1388744153288 -11.3197187353545,-42.1390820091838;-11.3192126981998,-42.1334743738105 -11.3173846942416,-42.1332684424792;-11.3214297617868,-42.1384857672064 -11.3213980502828,-42.1383933359928 -11.3213580191765,-42.137977408188 -11.3213662008104,-42.1375566519626 -11.3213470742078,-42.1371750359918 -11.3212733752922,-42.1368197314041 -11.3211523707087,-42.13639019536 -11.3210495126629,-42.135977366484 -11.320897841267,-42.1357379630785 -11.3207338074349,-42.1355659604796 -11.3205762791883,-42.1354605815398 -11.3198796778406,-42.1348565549669 -11.3196496623322,-42.1346813780178 -11.3194925840826,-42.1345308371085 -11.3193558260918,-42.1342744551539 -11.3192991041281,-42.1341142627864 -11.3192111080967,-42.1336067852033 -11.3192126981998,-42.1334743738105;-11.3296976158316,-42.134646322348 -11.32970008286,-42.1347599985398 -11.3297604375572,-42.1350182697155 -11.3298751108077,-42.1359037576851 -11.3299563571913,-42.1360155871809 -11.3301205641093,-42.1361026545272 -11.3302786293455,-42.1360597976704;-11.33015990345,-42.1347091356644 -11.3296976158316,-42.134646322348;-11.3302786293455,-42.1360597976704 -11.33015990345,-42.1347091356644;-11.3303483587027,-42.1360432303678 -11.3306601546412,-42.1359133065676 -11.3308994098327,-42.1358861818299;-11.3302260853447,-42.1347132635111 -11.3303483587027,-42.1360432303678;-11.3307035245671,-42.134784911059 -11.3302260853447,-42.1347132635111;-11.3308994098327,-42.1358861818299 -11.3307035245671,-42.134784911059;-11.3319407352593,-42.1352915583556 -11.332877323224,-42.1349672862456;-11.331875703312,-42.1348265992615 -11.3319407352593,-42.1352915583556;-11.332734220039,-42.1344941196414 -11.331875703312,-42.1348265992615;-11.332877323224,-42.1349672862456 -11.332734220039,-42.1344941196414;-11.33294123968,-42.1349474720678 -11.3338379759848,-42.1346205965302;-11.3328027696892,-42.1344654706474 -11.33294123968,-42.1349474720678;-11.3336858051461,-42.134144287657 -11.3328027696892,-42.1344654706474;-11.3338379759848,-42.1346205965302 -11.3336858051461,-42.134144287657;-11.3339117325541,-42.1345928062305 -11.335161091596,-42.1341474000262;-11.3337612937152,-42.1341138616173 -11.3339117325541,-42.1345928062305;-11.3349712029078,-42.1336339566959 -11.3337612937152,-42.1341138616173;-11.335161091596,-42.1341474000262 -11.3349712029078,-42.1336339566959;-11.3352248054869,-42.134126101213 -11.3358559893561,-42.1338939820649;-11.3350321830272,-42.1336101518248 -11.3352248054869,-42.134126101213;-11.3356883947302,-42.1333574080737 -11.3350321830272,-42.1336101518248;-11.3358559893561,-42.1338939820649 -11.3356883947302,-42.1333574080737;-11.3290429526883,-42.1302488780993 -11.3294086512295,-42.1301233329534;-11.3285487312586,-42.1284893610411 -11.3288391703679,-42.1283927007539;-11.3294182625871,-42.1293403595384 -11.3288391703679,-42.1283927007539;-11.3291187626906,-42.129458231656 -11.3285487312586,-42.1284893610411;-11.3294182625871,-42.1293403595384 -11.3291187626906,-42.129458231656;-11.3298493381164,-42.1321265991216 -11.3294294982505,-42.1322582438253;-11.328476897672,-42.1285148535993 -11.3281717544934,-42.128607573943 -11.3280989773936,-42.1286691236442;-11.3290535876799,-42.1294798798835 -11.328476897672,-42.1285148535993;-11.3286979497279,-42.129626612082 -11.3290535876799,-42.1294798798835;-11.3286979497279,-42.129626612082 -11.3281355665465,-42.1287048187354 -11.3280989773936,-42.1286691236442;-11.3295337375708,-42.1293781542392 -11.3298924308425,-42.1292403463042;-11.3298898946848,-42.1299812904927 -11.3298795617228,-42.1299402336667 -11.3295337375708,-42.1293781542392;-11.3294294982505,-42.1322582438253 -11.3295985015863,-42.1317547917827 -11.3295931646389,-42.1314061112161;-11.3294101426569,-42.1335017678003 -11.3289207092604,-42.1336440711793;-11.3290078794021,-42.1339767409036 -11.3289207092604,-42.1336440711793;-11.3293398728489,-42.133452845782 -11.3289029194356,-42.1335889227224;-11.3289029194356,-42.1335889227224 -11.3282856125141,-42.1318526358192;-11.3295184915106,-42.1312515664782 -11.3282856125141,-42.1318526358192;-11.3294651220361,-42.1311555014242 -11.3282135637235,-42.1317859239761;-11.3254324708795,-42.1301678214785 -11.326276301442,-42.1296782451169 -11.3263587573802,-42.129605780475 -11.3265988229484,-42.1294618516938 -11.3268114615143,-42.1293603922037 -11.3279501111681,-42.128692338798 -11.327983348846,-42.1286607196738;-11.325550087684,-42.1302123453788 -11.3263225676461,-42.129754519287 -11.3264124510264,-42.1296795420297 -11.3266455343439,-42.129534317592 -11.3268558497327,-42.1294341993888 -11.327997876481,-42.1287535424951 -11.3280351093045,-42.1287196167725;-11.3297470344043,-42.1280107435205 -11.3300961241846,-42.1278926505945;-11.3297470344043,-42.1280107435205 -11.3294174816366,-42.1275475826412 -11.3291547354374,-42.1270955683391;-11.3287411843105,-42.127224243737 -11.3290829018507,-42.1271210608973;-11.3282135637235,-42.1317859239761 -11.3278684411219,-42.1319744961193;-11.3286067188522,-42.1261634498395 -11.3283469874097,-42.1257222621838;-11.3291576400759,-42.1295224937982 -11.3292816335398,-42.129740332242 -11.3293432128237,-42.1299054245161 -11.3294068226954,-42.1300125245813 -11.329490915942,-42.1300935936022;-11.3293201109233,-42.1281347101087 -11.329664697911,-42.1280334218333;-11.329664697911,-42.1280334218333 -11.3293531306942,-42.1275829600549 -11.3290829018507,-42.1271210608973;-11.3220424437839,-42.133695081677 -11.3235605639087,-42.133869755261;-11.3278684411219,-42.1319744961193 -11.3272253389544,-42.1322288906144;-11.3282242376184,-42.1318837680127 -11.3278844519642,-42.1320367605062;-11.3289660733137,-42.1340096520795 -11.3282242376184,-42.1318837680127;-11.3271248264441,-42.1322413434917 -11.3266018055942,-42.1311917438269;-11.3293201109233,-42.1281347101087 -11.3287411843105,-42.127224243737;-11.3294661051468,-42.1294047724955 -11.3291576400759,-42.1295224937982;-11.3288598155282,-42.128293924563 -11.3282870802551,-42.1273603517966;-11.3307535059632,-42.1273622616598 -11.3309314042115,-42.1276326669972;-11.3309314042115,-42.1276326669972 -11.3315344792732,-42.1272786494831;-11.3308175493326,-42.12734091387 -11.3309563099663,-42.1275668446453;-11.3286303355276,-42.1272598323873 -11.3282870802551,-42.1273603517966;-11.329812039703,-42.1299916468649 -11.3298059843869,-42.129959630498 -11.3294661051468,-42.1294047724955;-11.3309563099663,-42.1275668446453 -11.3314793308162,-42.1272501857634;-11.3314793308162,-42.1272501857634 -11.3313690339023,-42.1270971932699;-11.3313690339023,-42.1270971932699 -11.3308175493326,-42.12734091387;-11.3293398728489,-42.133452845782 -11.3293104469771,-42.133410944859 -11.3293108106724,-42.1333246081978 -11.3293217913696,-42.1332561858081 -11.3292664811057,-42.1330908822494 -11.329240881245,-42.1329613539715 -11.3292190053002,-42.1327619490065 -11.3292201840148,-42.1326001506675 -11.3292535661392,-42.1324533211154 -11.3293434858184,-42.1322853068817 -11.3294664119148,-42.1319591254006 -11.3295348614031,-42.1317433862244 -11.3295259772733,-42.1313408543016 -11.3295184915106,-42.1312515664782;-11.329490915942,-42.1300935936022 -11.329812039703,-42.1299916468649;-11.329092536846,-42.1295512030641 -11.3287353611617,-42.1296952718322;-11.3294086512295,-42.1301233329534 -11.3293475135625,-42.1300574204467 -11.3292844113378,-42.1299358223293 -11.3292291337979,-42.1297724186024 -11.329092536846,-42.1295512030641;-11.327965888288,-42.127384508003 -11.3275928117808,-42.1268275090085;-11.3292428162396,-42.1281669068733 -11.3286632715756,-42.127246143612;-11.3313103274803,-42.1270331499005 -11.3300143387417,-42.1276424514008;-11.3293832447059,-42.1323258451596 -11.3293263172665,-42.1324628268108 -11.329291135037,-42.1326096958421 -11.3292942955818,-42.1327332321482 -11.3293049694767,-42.1329289202213 -11.3293794967021,-42.1332485607517 -11.3293743497935,-42.1333238543324 -11.3293939186008,-42.1333932346493 -11.3294472880753,-42.1334466041237;-11.3300143387417,-42.1276424514008 -11.3299047138251,-42.1274759485072;-11.3313103274803,-42.1270331499005 -11.3312346458835,-42.1268993246189;-11.3311914127837,-42.1268049273666 -11.3309994647175,-42.1264785286703;-11.3267067655607,-42.1324601583371 -11.3262566829926,-42.1315840094644 -11.326181076237,-42.1314923918665 -11.325550087684,-42.1302123453788;-11.3255054091613,-42.130272781445 -11.3241005562235,-42.1310343038772;-11.3271248264441,-42.1322413434917 -11.3267067655607,-42.1324601583371;-11.3288598155282,-42.128293924563 -11.3292428162396,-42.1281669068733;-11.3241005562235,-42.1310343038772 -11.3240685345388,-42.1312015282306 -11.3245986713187,-42.1319344690135;-11.3243994252806,-42.1318561937842 -11.3239582376249,-42.1312050861956 -11.3239155420453,-42.1310343038772;-11.3239155420453,-42.1310343038772 -11.3254324708795,-42.1301678214785;-11.3272253389544,-42.1322288906144 -11.3266774123497,-42.1311045736853;-11.3280196546329,-42.1343583326462 -11.327905799754,-42.1339776303949 -11.3277599231904,-42.1336467396531 -11.3276798689787,-42.1334919681771 -11.3275731300298,-42.1331077079608 -11.3271888698135,-42.1323071658436;-11.327983348846,-42.1286607196738 -11.3279429153624,-42.1286183660065 -11.3275243653494,-42.1279580008734 -11.3272495124811,-42.1276141867151 -11.3271212638344,-42.127378939683 -11.3270910277237,-42.1272959646877 -11.3270095750956,-42.1271309236064;-11.3316928087141,-42.1262548450643 -11.3310648278977,-42.1264523121199;-11.3293681282724,-42.1282240295259 -11.329706921163,-42.1281065546511;-11.3293681282724,-42.1282240295259 -11.329539419813,-42.1284838096029 -11.3299131439541,-42.1291434206613;-11.3310648278977,-42.1264523121199 -11.3315113525009,-42.1271816949378;-11.3284085426855,-42.1264151420198 -11.3287280587208,-42.1262519767941;-11.3288266402537,-42.1271024026762 -11.3284085426855,-42.1264151420198;-11.3315113525009,-42.1271816949378 -11.3320325943683,-42.1268614780909;-11.3315344792732,-42.1272786494831 -11.3321108695975,-42.1269628800924;-11.3320325943683,-42.1268614780909 -11.3316928087141,-42.1262548450643;-11.3302870460352,-42.132077789057 -11.3307103287911,-42.1318876574444;-11.3302265606308,-42.1320199721263 -11.3306823466639,-42.131823504981;-11.3306823466639,-42.131823504981 -11.3304079017691,-42.1309163330088;-11.3288266402537,-42.1271024026762 -11.3291934543657,-42.1269811790836;-11.3307053319432,-42.1331681501093 -11.3310935552713,-42.1330340596527;-11.3300434744588,-42.1277045477562 -11.3307535059632,-42.1273622616598;-11.3284022293882,-42.1272337967066 -11.328754243818,-42.1271299958157;-11.3283390156973,-42.1264446297236 -11.328754243818,-42.1271299958157;-11.3279713518977,-42.1266320418335 -11.3283390156973,-42.1264446297236;-11.3294866086751,-42.1293026755263 -11.329853724417,-42.1291635215849;-11.3301475012,-42.1309275323931 -11.3298644179257,-42.1301086341008;-11.3298296278168,-42.1310431645916 -11.3300708890766,-42.1309535897058;-11.3284022293882,-42.1272337967066 -11.3279713518977,-42.1266320418335;-11.3268223830055,-42.1265764885358 -11.3275134994949,-42.1261752288405;-11.3300708890766,-42.1309535897058 -11.3297782043737,-42.1301175702264 -11.3297912051044,-42.1300816543268;-11.3278613928765,-42.127504912164 -11.3282160811562,-42.1273842217358;-11.3287906453719,-42.1283178793889 -11.3282160811562,-42.1273842217358;-11.3284203989634,-42.1284393089986 -11.3278613928765,-42.127504912164;-11.3287906453719,-42.1283178793889 -11.3284203989634,-42.1284393089986;-11.3280401242802,-42.1286163944939 -11.328002203412,-42.1285814682688 -11.3275817541797,-42.1279149733664 -11.3273882401699,-42.1276841278234;-11.3294775087855,-42.1301810884486 -11.3297912051044,-42.1300816543268;-11.3298296278168,-42.1310431645916 -11.3294574374447,-42.1302139840859 -11.3294775087855,-42.1301810884486;-11.3275928117808,-42.1268275090085 -11.3279102272347,-42.1266637809336;-11.33061665395,-42.1265268991248 -11.3309619546017,-42.1264145450937;-11.3287280587208,-42.1262519767941 -11.3291934543657,-42.1269811790836;-11.3299953992892,-42.1255769485333 -11.330350871635,-42.125393023922;-11.33061665395,-42.1265268991248 -11.3299953992892,-42.1255769485333;-11.3297624240056,-42.1310713110085 -11.3293748563109,-42.1302154961987;-11.3305471913468,-42.1265564983469 -11.3297479760781,-42.1268137291666;-11.3299309067149,-42.1256090051687 -11.3305471913468,-42.1265564983469;-11.32956632026,-42.1311549183198 -11.3297624240056,-42.1310713110085;-11.3267711053484,-42.1264807104406 -11.3283738797272,-42.1255923211532;-11.3291979243375,-42.1260055584375 -11.3299309067149,-42.1256090051687;-11.3297479760781,-42.1268137291666 -11.3291979243375,-42.1260055584375;-11.3288089365161,-42.126210608838 -11.3291240453716,-42.1260428856176;-11.3307426905754,-42.1332375304261 -11.3311166820435,-42.1331265667419;-11.3316077607926,-42.1341524648529 -11.3312089254788,-42.133109709316;-11.327965888288,-42.127384508003 -11.3283290640863,-42.1272600581309;-11.330922510456,-42.1250860711583 -11.3304232128686,-42.1253530333116;-11.3296680969981,-42.1268314374507 -11.3291240453716,-42.1260428856176;-11.3292825836713,-42.1269510276982 -11.3296680969981,-42.1268314374507;-11.3292825836713,-42.1269510276982 -11.3288089365161,-42.126210608838;-11.3312089254788,-42.133109709316 -11.3315753958703,-42.132999412402;-11.3311923665822,-42.1306263898733 -11.3309522185089,-42.1307035791462;-11.3308884447499,-42.1307252717227 -11.3305594197711,-42.1308351569999 -11.3304693454505,-42.1308902403337;-11.3289060891279,-42.1283771482533 -11.3292951855663,-42.1282483868143;-11.3319465645308,-42.1340574811938 -11.3315753958703,-42.132999412402;-11.329853724417,-42.1291635215849 -11.3292951855663,-42.1282483868143;-11.3273469521156,-42.1269552511902 -11.3275227937242,-42.126866158332;-11.3315623043145,-42.132904700545 -11.3311968158391,-42.1330228109764;-11.3312932706102,-42.1297398730463 -11.331883317904,-42.1296158783659;-11.327756437482,-42.1266285625981 -11.3275134994949,-42.1261752288405;-11.3316077607926,-42.1341524648529 -11.3319465645308,-42.1340574811938;-11.3213959464036,-42.1300111560597 -11.3213074291184,-42.1299500872833 -11.3212197927956,-42.1299120010841 -11.3209664330669,-42.1298453340679;-11.3212754417919,-42.1336214533655 -11.3220424437839,-42.133695081677;-11.3311252661923,-42.1342917539036 -11.331539042229,-42.1341712036185;-11.3320037184043,-42.1341205170384 -11.3311491553406,-42.1343491270988;-11.3311196535033,-42.1305717924295 -11.3306817987178,-42.1298237551003 -11.3306886686055,-42.1297873654902;-11.3278417563847,-42.1265921846179 -11.3286067188522,-42.1261634498395;-11.3283469874097,-42.1257222621838 -11.3275838039247,-42.126117196295;-11.3192432227139,-42.1334041287201 -11.3212754417919,-42.1336214533655;-11.3275838039247,-42.126117196295 -11.3278417563847,-42.1265921846179;-11.3307576556388,-42.1298094034312 -11.3311856394663,-42.1305572754195;-11.3297903851939,-42.1280873670228 -11.3303317250982,-42.1289615870568;-11.3302558904402,-42.1290113398512 -11.3302199275994,-42.1289708572682 -11.329706921163,-42.1281065546511;-11.3286511934143,-42.1261029644351 -11.3284181467091,-42.1256511028845;-11.3286511934143,-42.1261029644351 -11.3287623798195,-42.1261163068038 -11.329505105006,-42.1257436099736;-11.3283738797272,-42.1255923211532 -11.3286209507121,-42.1254874364961 -11.3288593343648,-42.125494552426 -11.329560253463,-42.1256831245692;-11.3284181467091,-42.1256511028845 -11.328528443623,-42.1255870595151 -11.3288059648903,-42.1255621537604 -11.329505105006,-42.1257436099736;-11.3291547354374,-42.1270955683391 -11.3295282633274,-42.1269828978868;-11.3270095750956,-42.1271309236064 -11.325852853969,-42.1276862588447;-11.3258421800741,-42.1275973097206 -11.3269487071783,-42.1270280353261;-11.3269487071783,-42.1270280353261 -11.3266925337008,-42.1265690578456;-11.3278935084309,-42.12740676471 -11.3275227937242,-42.126866158332;-11.3266925337008,-42.1265690578456 -11.3258190533018,-42.1254856575136;-11.327703827232,-42.1274718866946 -11.3273469521156,-42.1269552511902;-11.329560253463,-42.1256831245692 -11.3308810413426,-42.1250141562376;-11.3283522680755,-42.1284681393545 -11.3277878799256,-42.1275244205135;-11.3280401242802,-42.1286163944939 -11.3281368722536,-42.1285410052025 -11.3283522680755,-42.1284681393545;-11.3297903851939,-42.1280873670228 -11.3301401010266,-42.1279649765237;-11.3174103051474,-42.1332069332222 -11.3192432227139,-42.1334041287201;-11.327703827232,-42.1274718866946 -11.3278935084309,-42.12740676471;-11.3298724648887,-42.1321781896136 -11.3293832447059,-42.1323258451596;-11.3283165562112,-42.1272353183911 -11.3279102272347,-42.1266637809336;-11.3309619546017,-42.1264145450937 -11.330350871635,-42.125393023922;-11.3258190533018,-42.1254856575136 -11.3241147880834,-42.1271134264853;-11.3310374265019,-42.126392278815 -11.3304232128686,-42.1253530333116;-11.3295305548357,-42.1334978255859 -11.3303083155969,-42.1333434231397;-11.3298493381164,-42.1321265991216 -11.3295931646389,-42.1314061112161;-11.3294472880753,-42.1334466041237 -11.3302745149298,-42.1332615899455;-11.3302745149298,-42.1332615899455 -11.3298724648887,-42.1321781896136;-11.3305734072494,-42.130756131464 -11.3311196535033,-42.1305717924295;-11.3281295998455,-42.1343591086035 -11.3272724819902,-42.1323018288961;-11.3272724819902,-42.1323018288961 -11.32780261877,-42.1320723401559;-11.3316535473669,-42.1261892646108 -11.330922510456,-42.1250860711583;-11.3310374265019,-42.126392278815 -11.3316535473669,-42.1261892646108;-11.3270816629929,-42.127097762215 -11.327303538055,-42.1275804759602 -11.3273374637776,-42.1276177087837;-11.3320036169727,-42.1340414341122 -11.3325781167154,-42.1339012287149;-11.332596719317,-42.133979453499 -11.3320037184043,-42.1341205170384;-11.3310935552713,-42.1330340596527 -11.3307103287911,-42.1318876574444;-11.3304693454505,-42.1308902403337 -11.3310969720251,-42.1327045623631 -11.3311476369815,-42.1328573421601 -11.3311968158391,-42.1330228109764;-11.331539042229,-42.1341712036185 -11.3311621598489,-42.1332090754626 -11.3311166820435,-42.1331265667419;-11.3272894657663,-42.1269902165697 -11.3270816629929,-42.127097762215;-11.3302294669992,-42.1299517051411 -11.3298962359582,-42.1300583027607 -11.3298644179257,-42.1301086341008;-11.3311874149859,-42.1296518796731 -11.3307929422936,-42.1297620366977 -11.3307576556388,-42.1298094034312;-11.3294866086751,-42.1293026755263 -11.3289060891279,-42.1283771482533;-11.3273374637776,-42.1276177087837 -11.3274317459339,-42.1275620738225 -11.3276331193435,-42.1274931780901 -11.3272894657663,-42.1269902165697;-11.3295630600852,-42.1269456259088 -11.3309994647175,-42.1264785286703;-11.3306722330595,-42.1288130895787 -11.3301401010266,-42.1279649765237;-11.3298597208103,-42.12740820823 -11.3295630600852,-42.1269456259088;-11.3296013367285,-42.1312173313024 -11.3299775063491,-42.1321327157772;-11.3327125803805,-42.1344198774141 -11.332596719317,-42.133979453499;-11.3295282633274,-42.1269828978868 -11.3295282633274,-42.1269828978868 -11.3291547354374,-42.1270955683391;-11.3277524555592,-42.1343591086035 -11.3280196546329,-42.1343583326462;-11.3302870460352,-42.132077789057 -11.3307053319432,-42.1331681501093;-11.3311491553406,-42.1343491270988 -11.33133818812,-42.1347973362738;-11.3294651220361,-42.1311555014242 -11.3294216503294,-42.1310425595825 -11.3286479218443,-42.1296993119883 -11.3280702120582,-42.1287525521843 -11.3280351093045,-42.1287196167725;-11.3258786136522,-42.1254286795945 -11.3267711053484,-42.1264807104406;-11.3299131439541,-42.1291434206613 -11.3302558904402,-42.1290113398512;-11.3267671413513,-42.1324938525372 -11.3271888698135,-42.1323071658436;-11.3299775063491,-42.1321327157772 -11.3301210832995,-42.1320706419154 -11.3302265606308,-42.1320199721263;-11.3343428379195,-42.1338200128719 -11.3356694907745,-42.1332977126152;-11.3337021268553,-42.1319936621169 -11.3343428379195,-42.1338200128719;-11.3349862059831,-42.1314135310858 -11.3337021268553,-42.1319936621169;-11.3356694907745,-42.1332977126152 -11.335461666571,-42.132617443528 -11.3352630533661,-42.1320313597711 -11.3351693515822,-42.1317499446811 -11.3349862059831,-42.1314135310858;-11.3336683066224,-42.1319134823386 -11.3342441921926,-42.1316679857379;-11.3331640860043,-42.1304819112639 -11.3336683066224,-42.1319134823386;-11.3332429429224,-42.1305127341311 -11.3331747193033,-42.1304586711957 -11.3331640860043,-42.1304819112639;-11.3342441921926,-42.1316679857379 -11.3334789557461,-42.1304245497884 -11.3332429429224,-42.1305127341311;-11.3321768749439,-42.1304972603366 -11.3326578135351,-42.1304252505641 -11.333044062134,-42.1303565972942 -11.3331247530177,-42.1303712593714;-11.3320887820782,-42.1300254551912 -11.3321768749439,-42.1304972603366;-11.3328795255362,-42.1298886740191 -11.3320887820782,-42.1300254551912;-11.3331247530177,-42.1303712593714 -11.3331050785655,-42.130281252914 -11.3328795255362,-42.1298886740191;-11.3316069521106,-42.1305778876198 -11.3321092851291,-42.1305051559929;-11.3313307324395,-42.1297939814826 -11.3316069521106,-42.1305778876198;-11.3318824366149,-42.1296974975017 -11.3313307324395,-42.1297939814826;-11.3321092851291,-42.1305051559929 -11.3320088776266,-42.129999851446 -11.3318824366149,-42.1296974975017;-11.33133818812,-42.1347973362738 -11.3315948499003,-42.1348191053652 -11.3318291946365,-42.134765883701 -11.3327125803805,-42.1344198774141;-11.3307426905754,-42.1332375304261 -11.3311252661923,-42.1342917539036;-11.3304079017691,-42.1309163330088 -11.3298201247133,-42.1311244310172 -11.3296013367285,-42.1312173313024;-11.3315623043145,-42.132904700545 -11.3315340164382,-42.1328198941919 -11.3310536232199,-42.1312793333709 -11.3308884447499,-42.1307252717227;-11.3309522185089,-42.1307035791462 -11.331120464483,-42.1312585383112 -11.3317698108428,-42.1332309361986 -11.3320036169727,-42.1340414341122;-11.3314330306294,-42.130561938531 -11.3311923665822,-42.1306263898733;-11.3325781167154,-42.1339012287149 -11.3315158985391,-42.1305379825515 -11.3314330306294,-42.130561938531;-11.3307700294341,-42.134723981026 -11.3312593687439,-42.13478995517;-11.3300030007729,-42.1321994584004 -11.3304144220168,-42.1332905764834 -11.3307877435287,-42.134458749454 -11.3307700294341,-42.134723981026;-11.3312593687439,-42.13478995517 -11.3310859298304,-42.1343388065206 -11.330678940806,-42.1332359256789 -11.3302298517357,-42.1321168129155 -11.3301383740366,-42.1321411722941 -11.3300030007729,-42.1321994584004;-11.3298726949988,-42.1346013737548 -11.3301632520632,-42.1346293825706 -11.3307003928301,-42.1347071190551;-11.3295305548357,-42.1334978255859 -11.3298726949988,-42.1346013737548;-11.3297925109833,-42.1345843002356 -11.3294101426569,-42.1335017678003;-11.3287858599637,-42.1344429002097 -11.3297925109833,-42.1345843002356;-11.3287858599637,-42.1344429002097 -11.3278844519642,-42.1320367605062;-11.3287380675037,-42.1344470281576 -11.32780261877,-42.1320723401559;-11.3287380675037,-42.1344470281576 -11.3281295998455,-42.1343591086035;-11.3277524555592,-42.1343591086035 -11.3274477177444,-42.1337574760768 -11.3272248017689,-42.1333836761396 -11.3269630100531,-42.1328318247222 -11.3267671413513,-42.1324938525372;-11.3236637661695,-42.133871728394 -11.3276475979259,-42.1343444860429 -11.3273772696485,-42.1337940119712 -11.3271591176848,-42.1334192371508 -11.3268980304501,-42.1328686059304 -11.3265964620675,-42.132364726957 -11.3265375058034,-42.1322318570669 -11.3263429678812,-42.131848775534 -11.3262120546222,-42.1316189516533 -11.3261288810566,-42.1315302491732 -11.3259282657735,-42.1311243394843 -11.3258567464321,-42.1309543323835 -11.3255054091613,-42.130272781445;-11.3210351762134,-42.1297890422004 -11.3212632520432,-42.1298421293632 -11.3213515043897,-42.1298746670543 -11.3214588735786,-42.1299595699326 -11.3222821350304,-42.1313648998414 -11.3224952508695,-42.1316896506759 -11.3226420453434,-42.1319864054415 -11.3229127763368,-42.1324709169299 -11.3230172190007,-42.1327267932602 -11.3232928361513,-42.1332357622454 -11.3236637661695,-42.133871728394;-11.3235605639087,-42.133869755261 -11.3232215838848,-42.1332776681664 -11.3229550348583,-42.1327671000468 -11.3228457874498,-42.1325155206541 -11.32256384755,-42.1320286426828 -11.3224171989471,-42.1317328043972 -11.3222052764277,-42.1314105890845 -11.3213959464036,-42.1300111560597;-11.3307003928301,-42.1347071190551 -11.330719426855,-42.1344585976776 -11.3303083155969,-42.1333434231397;-11.327044294473,-42.1270258758829 -11.327756437482,-42.1266285625981;-11.3268223830055,-42.1265764885358 -11.327044294473,-42.1270258758829;-11.3308810413077,-42.1250141563697 -11.3302919585924,-42.1240793422409 -11.3292334827729,-42.1224392977939;-11.3312036232159,-42.1295715935829 -11.3312281531847,-42.1295659689925 -11.3323261429901,-42.1288323194034 -11.3330603284917,-42.128366363212;-11.3300434744588,-42.1277045477562 -11.3307318895849,-42.128756271319 -11.330732386707,-42.1287570846828 -11.3312036232159,-42.1295715935829;-11.3312346458835,-42.1268993246189 -11.3299047138251,-42.1274759485072;-11.3298597208103,-42.12740820823 -11.3311914127837,-42.1268049273666;-11.3300961241846,-42.1278926505945 -11.3295282633274,-42.1269828978868;-11.3303317250982,-42.1289615870568 -11.3306722330595,-42.1288130895787;-11.3302768327118,-42.1298576610527 -11.3298924308425,-42.1292403463042;-11.3298898946848,-42.1299812904927 -11.3302768327118,-42.1298576610527;-11.3287353611617,-42.1296952718322 -11.3290429526883,-42.1302488780993;-11.3273882401699,-42.1276841278234 -11.3274671681987,-42.1276332318438 -11.3277878799256,-42.1275244205135;-11.3330603284917,-42.128366363212 -11.3328191845982,-42.1280090719844 -11.3327334689834,-42.1278876000665 -11.3321108695975,-42.1269628800924;-11.3332608027929,-42.1304390989312 -11.3334795918867,-42.130351383702 -11.3335743046921,-42.1303335880146 -11.3340909637503,-42.1300017563766;-11.332394702401,-42.1288646896252 -11.3327251382776,-42.1294557450284 -11.3329216904283,-42.1298231793633 -11.3331660361247,-42.1302590810441 -11.3331908010511,-42.1303898348534 -11.3332608027929,-42.1304390989312;-11.3331010066008,-42.1284317006214 -11.332394702401,-42.1288646896252;-11.3340909637503,-42.1300017563766 -11.3331010066008,-42.1284317006214;-11.3343137070468,-42.1316408849025 -11.3349536793187,-42.1313667624415;-11.3335346191776,-42.1304028904014 -11.3343137070468,-42.1316408849025;-11.3341313179442,-42.1300725596663 -11.3335995326646,-42.130400742101 -11.3335346191776,-42.1304028904014;-11.3349536793187,-42.1313667624415 -11.3341313179442,-42.1300725596663;-11.3320595442971,-42.1299498572466 -11.3328530905198,-42.1298264613454;-11.33194915746,-42.1296816293534 -11.3320595442971,-42.1299498572466;-11.3326860542067,-42.1295100403748 -11.33194915746,-42.1296816293534;-11.3328530905198,-42.1298264613454 -11.3326860542067,-42.1295100403748;-11.331883317904,-42.1296158783659 -11.3326472162458,-42.1294429734346;-11.3312315126808,-42.1296210818382 -11.3312932706102,-42.1297398730463;-11.3323476367486,-42.1289021380356 -11.3312590547281,-42.1296208703329 -11.3312315126808,-42.1296210818382;-11.3326472162458,-42.1294429734346 -11.3323476367486,-42.1289021380356;-11.3311856394663,-42.1305572754195 -11.3314895726617,-42.130461250714;-11.330293836017,-42.129943217147 -11.3305734072494,-42.130756131464;-11.3306886686055,-42.1297873654902 -11.3303461201942,-42.1298971673747 -11.330293836017,-42.129943217147;-11.3314895726617,-42.130461250714 -11.3312290301108,-42.1297381057773 -11.3311874149859,-42.1296518796731;-11.3301475012,-42.1309275323931 -11.3304108701122,-42.1308346226872 -11.3305116833156,-42.1307809675305;-11.329075079011,-42.1303019916367 -11.32956632026,-42.1311549183198;-11.3293748563109,-42.1302154961987 -11.329075079011,-42.1303019916367;-11.3305116833156,-42.1307809675305 -11.3302294669992,-42.1299517051411;-11.3303404809513,-42.1298401351169 -11.3307224389299,-42.1297140351174;-11.3299621892459,-42.1292083338386 -11.3303404809513,-42.1298401351169;-11.3303274170184,-42.1290593375898 -11.3299621892459,-42.1292083338386;-11.3307224389299,-42.1297140351174 -11.3303274170184,-42.1290593375898;-11.3307745602865,-42.1296956859247 -11.3311468806189,-42.1295863845932;-11.3303861337057,-42.1290349399705 -11.3307745602865,-42.1296956859247;-11.3307208266211,-42.1288841644672 -11.3303861337057,-42.1290349399705;-11.3311468806189,-42.1295863845932 -11.3307208266211,-42.1288841644672;-11.3413930965221,-42.1333369111127 -11.3410376393336,-42.1319827884899;-11.3397335208296,-42.1319273221743 -11.3396299160236,-42.1316216891238 -11.339415513275,-42.1303211671881;-11.3361858246715,-42.1297188791884 -11.3368095060618,-42.1306002000074;-11.3374200072674,-42.1322703761936 -11.3372267708361,-42.1320132166851 -11.3371496151636,-42.1318602145123;-11.3419121768608,-42.133012485901 -11.3415087611628,-42.1318219864284;-11.3398922772817,-42.1322507919256 -11.3397335208296,-42.1319273221743;-11.3355577862828,-42.1311787303302 -11.3357950569713,-42.1317869609589 -11.3360155512379,-42.13241425474;-11.339790718085,-42.130211144725 -11.3397385279423,-42.1296730220368;-11.3413319884953,-42.1333800696741 -11.3409727542912,-42.1320025361114;-11.3393619125878,-42.1302788508561 -11.339790718085,-42.130211144725;-11.339415513275,-42.1303211671881 -11.3397991813514,-42.1302703875897;-11.337199654704,-42.1304412392815 -11.3372860549254,-42.1303951770655;-11.3373390266452,-42.1304470665344 -11.3372592595493,-42.1304887911858;-11.3354688214655,-42.1311369515385 -11.3360525205813,-42.1309141408306;-11.3396714568761,-42.1319357854407 -11.3395763153364,-42.1316386156566 -11.3393619125878,-42.1302788508561;-11.3406000095286,-42.1337594422841 -11.3406402376508,-42.1337543008172 -11.3413319884953,-42.1333800696741;-11.3399112494238,-42.132308169162 -11.3409727542912,-42.1320025361114;-11.3413930965221,-42.1333369111127 -11.3419121768608,-42.133012485901;-11.3398344449614,-42.1302203132635 -11.3397752020967,-42.1296617376816;-11.337727216898,-42.132112070846 -11.3375543818369,-42.131646713376;-11.3398922772817,-42.1322507919256 -11.340264661003,-42.1321492327289;-11.3403041562462,-42.1321464116401 -11.3409953230016,-42.1319432932467;-11.340264661003,-42.1321492327289 -11.3397991813514,-42.1302703875897;-11.3409953230016,-42.1319432932467 -11.3413987386997,-42.1317937755404;-11.3413987386997,-42.1317937755404 -11.3410489236888,-42.1304424740064;-11.3403041562462,-42.1321464116401 -11.3398344449614,-42.1302203132635;-11.3410376393336,-42.1319827884899 -11.3415087611628,-42.1318219864284;-11.3355347528943,-42.1326270824395 -11.3357083596892,-42.1331852865922;-11.3359655837494,-42.1324643137026 -11.3355347528943,-42.1326270824395;-11.3361435743987,-42.1329905564358 -11.3359655837494,-42.1324643137026;-11.3357083596892,-42.1331852865922 -11.3361435743987,-42.1329905564358;-11.335058744564,-42.1313814375152 -11.33522078677,-42.1317250001698 -11.3353220401875,-42.1320070459039 -11.3355106807991,-42.1325611177827;-11.3355020148885,-42.1312110384396 -11.335058744564,-42.1313814375152;-11.3359399999918,-42.1324009150693 -11.3357420402215,-42.1318095110548 -11.3355020148885,-42.1312110384396;-11.3355106807991,-42.1325611177827 -11.3359399999918,-42.1324009150693;-11.3346988002324,-42.1308239597756 -11.3350293458899,-42.1313246552498;-11.3355347588853,-42.1302265436326 -11.3346988002324,-42.1308239597756;-11.3360525205813,-42.1309141408306 -11.3355347588853,-42.1302265436326;-11.3350293458899,-42.1313246552498 -11.3354688214655,-42.1311369515385;-11.334370014502,-42.130311091232 -11.3346599523371,-42.1307687801535;-11.3351665184843,-42.129741523272 -11.334370014502,-42.130311091232;-11.3355003564619,-42.1301695102041 -11.3351665184843,-42.129741523272;-11.3346599523371,-42.1307687801535 -11.3355003564619,-42.1301695102041;-11.3340577665906,-42.1298236766514 -11.3343267930664,-42.1302406635404;-11.3348245551556,-42.1292916914892 -11.3340577665906,-42.1298236766514;-11.3351237740829,-42.1296813397088 -11.3348245551556,-42.1292916914892;-11.3343267930664,-42.1302406635404 -11.3351237740829,-42.1296813397088;-11.3348925717358,-42.1292615711262 -11.3351735300212,-42.129624218022;-11.3354715650343,-42.1288306939779 -11.3348925717358,-42.1292615711262;-11.3357551608067,-42.1292263727926 -11.3354715650343,-42.1288306939779;-11.3351735300212,-42.129624218022 -11.3357551608067,-42.1292263727926;-11.3355327800479,-42.1287628873199 -11.3358362713452,-42.1292179729777 -11.3361858246715,-42.1297188791884;-11.3360753580515,-42.1283524787951 -11.3355327800479,-42.1287628873199;-11.3372860549254,-42.1303951770655 -11.3360753580515,-42.1283524787951;-11.3368095060618,-42.1306002000074 -11.337199654704,-42.1304412392815;-11.3361340671778,-42.1283123305126 -11.337338663691,-42.130373372509;-11.3371780946552,-42.1275376811517 -11.3361340671778,-42.1283123305126;-11.3378023497512,-42.1301963725849 -11.3372089608739,-42.1277575414843 -11.3371780946552,-42.1275376811517;-11.337338663691,-42.130373372509 -11.3378023497512,-42.1301963725849;-11.3399112494238,-42.132308169162 -11.3406000095286,-42.1337594422841;-11.3384062068414,-42.13214723304 -11.3396714568761,-42.1319357854407;-11.3378481771681,-42.130097639881 -11.3380128654696,-42.1307282644419 -11.3381209727753,-42.1312176908726 -11.3382056383753,-42.1315400142971 -11.3382781088048,-42.1317105042079 -11.3383841051,-42.1320070123474 -11.3384062068414,-42.13214723304;-11.3377950890009,-42.1321084306371 -11.3380216756317,-42.1325049553369;-11.3376539561729,-42.1317276773397 -11.3377950890009,-42.1321084306371;-11.3381681164786,-42.1315884735356 -11.3376539561729,-42.1317276773397;-11.3380216756317,-42.1325049553369 -11.338223528326,-42.1323637000351 -11.338325385941,-42.132272350257 -11.3383495290066,-42.1321816721014 -11.3383309171801,-42.1320171811152 -11.3382249417164,-42.1317326210143 -11.3381681164786,-42.1315884735356;-11.3368355953909,-42.1306588367407 -11.3371820552419,-42.1318087796886 -11.3372723346195,-42.1319567788606 -11.3374783970375,-42.132247202634;-11.3371932108514,-42.1305204708292 -11.3368355953909,-42.1306588367407;-11.3375543818369,-42.131646713376 -11.3371932108514,-42.1305204708292;-11.3374783970375,-42.132247202634 -11.337727216898,-42.132112070846;-11.3365838815995,-42.1320873792648 -11.3367795831547,-42.1326148101991;-11.3371496151636,-42.1318602145123 -11.3365838815995,-42.1320873792648;-11.3365664255412,-42.1320257256393 -11.3371259225272,-42.1318049196125;-11.3361505524705,-42.1309485676962 -11.3365664255412,-42.1320257256393;-11.3367663674413,-42.1306839309143 -11.3361505524705,-42.1309485676962;-11.3371259225272,-42.1318049196125 -11.3367663674413,-42.1306839309143;-11.3367795831547,-42.1326148101991 -11.3374200072674,-42.1322703761936;-11.3360155512379,-42.13241425474 -11.3362041346238,-42.1329642179194;-11.3360881416341,-42.130961727931 -11.3355577862828,-42.1311787303302;-11.3367317254166,-42.1326342419211 -11.3365196890434,-42.1320857203318 -11.3360881416341,-42.130961727931;-11.3362041346238,-42.1329642179194 -11.3367317254166,-42.1326342419211;-11.3355881034626,-42.1301865396051 -11.3361173293182,-42.1308837783649;-11.3361616656187,-42.1297834345706 -11.3355881034626,-42.1301865396051;-11.3367412467341,-42.1306244564755 -11.3361616656187,-42.1297834345706;-11.3361173293182,-42.1308837783649 -11.3367412467341,-42.1306244564755;-11.3352135447414,-42.1297012121413 -11.3355496174512,-42.1301335170539;-11.3358115733603,-42.1292923724463 -11.3352135447414,-42.1297012121413;-11.3361127003179,-42.1297190391128 -11.3358115733603,-42.1292923724463;-11.3355496174512,-42.1301335170539 -11.3361127003179,-42.1297190391128;-11.3372592595493,-42.1304887911858 -11.3376325836958,-42.1316624603662;-11.3378203642052,-42.1302713132074 -11.3373390266452,-42.1304470665344;-11.3381472693876,-42.1315245884423 -11.3380637730758,-42.1312386509143 -11.337956978103,-42.1307481107701 -11.3378203642052,-42.1302713132074;-11.3376325836958,-42.1316624603662 -11.3381472693876,-42.1315245884423;-11.335680455458,-42.1373727858675 -11.3332046818326,-42.1377686426415;-11.3384882835497,-42.1363884792142 -11.3378397456893,-42.1366606280303;-11.3377881094223,-42.13660723194 -11.3377325438501,-42.1364215913516 -11.3375244685714,-42.1358260253544 -11.3374605821148,-42.1356224363635;-11.336989465711,-42.1369758643926 -11.3367489760711,-42.1370526903064;-11.3400419259258,-42.1357962547357 -11.3399508569381,-42.1356892173985 -11.3398176059896,-42.1354792654625;-11.3398176059896,-42.1354792654625 -11.3393308982115,-42.1358346340684;-11.3367572071244,-42.1376580228387 -11.3367529501385,-42.1374779787596 -11.3367304312642,-42.137260227127 -11.3366915337964,-42.1370746382113;-11.3367489760711,-42.1370526903064 -11.336789610788,-42.1372491629273 -11.3368123693793,-42.1374747757828 -11.3368143400204,-42.1376279167053;-11.3412141295572,-42.1371530563024 -11.3407151449642,-42.1365848557873;-11.3392833782157,-42.1357883548061 -11.3395862248939,-42.1355613490663;-11.3332046818326,-42.1377686426415 -11.3327367017279,-42.1378741572883 -11.3321744782504,-42.1380393070102 -11.3318594929244,-42.1381539252959 -11.3316534092333,-42.1382674336786 -11.33142384814,-42.1384942075463 -11.331240675005,-42.1385944271042;-11.3366915337964,-42.1370746382113 -11.3362167500139,-42.1372283851224;-11.3422826845278,-42.1362140966213 -11.3417423764333,-42.1362080486447;-11.3393620073074,-42.1359546911217 -11.3392328528846,-42.1358280249179;-11.3391888164253,-42.1373836342802 -11.3392003857557,-42.1375750947282 -11.3391795727352,-42.1377929059359 -11.3390473318768,-42.1380796043006;-11.3392974630249,-42.1346237664776 -11.3391814082165,-42.1344515407346;-11.3378397456893,-42.1366606280303 -11.336989465711,-42.1369758643926;-11.3362167500139,-42.1372283851224 -11.335680455458,-42.1373727858675;-11.3407151449642,-42.1365848557873 -11.3406062547854,-42.136301723805;-11.3406062547854,-42.136301723805 -11.3404560105967,-42.1361262293858 -11.3401774556378,-42.1357851771869 -11.3401342743827,-42.1357785647261 -11.3400419259258,-42.1357962547357;-11.3417423764333,-42.1362080486447 -11.3416672450895,-42.1361843356225 -11.3416241223949,-42.1360697243016;-11.3378427058817,-42.1365811166211 -11.3384737461086,-42.1363258487376 -11.3386747678309,-42.1363176097684;-11.3406379176727,-42.1338259854963 -11.3410731744582,-42.134725017152;-11.3377756735147,-42.1356103724368 -11.3376752046053,-42.1356031401743 -11.3375332871741,-42.1356389162567;-11.3373483110737,-42.1353129822774 -11.336522909576,-42.1355727705063;-11.3374605821148,-42.1356224363635 -11.3373483110737,-42.1353129822774;-11.3370045996133,-42.1369041209874 -11.3377881094223,-42.13660723194;-11.336522909576,-42.1355727705063 -11.3370045996133,-42.1369041209874;-11.3376732288379,-42.1352617574094 -11.3376456571264,-42.1352801543099 -11.3374408465316,-42.135329336149 -11.3374100990378,-42.1353203111777;-11.3377317682921,-42.1355369942056 -11.3376732288379,-42.1352617574094;-11.3375088481749,-42.1355796774469 -11.3376694229088,-42.1355356364712 -11.3377317682921,-42.1355369942056;-11.3374100990378,-42.1353203111777 -11.3375088481749,-42.1355796774469;-11.3382456509187,-42.1350769662929 -11.3377260057568,-42.1352371653343;-11.338390022922,-42.1354007181024 -11.338285407588,-42.135196242282 -11.3382456509187,-42.1350769662929;-11.3377990685236,-42.1355299958597 -11.338390022922,-42.1354007181024;-11.3377260057568,-42.1352371653343 -11.3377990685236,-42.1355299958597;-11.3385199888827,-42.1350159723753 -11.338363086684,-42.1351100804292 -11.3383094891284,-42.1350917126387;-11.3387843076165,-42.1353174138707 -11.3385199888827,-42.1350159723753;-11.3384590024386,-42.1353877469958 -11.3387843076165,-42.1353174138707;-11.3383094891284,-42.1350917126387 -11.3383363501788,-42.1351709802467 -11.3384590024386,-42.1353877469958;-11.3389954673188,-42.1346966656836 -11.338568109271,-42.1349860618228;-11.3395862248939,-42.1355613490663 -11.3389954673188,-42.1346966656836;-11.3386542250532,-42.1363831182384 -11.3384882835497,-42.1363884792142;-11.3389499266002,-42.1381201710347 -11.3391234899977,-42.1377700981773 -11.3391372339697,-42.1375730921818 -11.3391231446086,-42.1373968485196 -11.3389705994979,-42.1371754754601 -11.3388651388382,-42.1369586126953 -11.3386542250532,-42.1363831182384;-11.3387214439057,-42.1363809281547 -11.338917720597,-42.1369370460554 -11.339027182852,-42.1371424470419 -11.3391888164253,-42.1373836342802;-11.3393709268808,-42.1361398985701 -11.3391288482105,-42.1363472541046 -11.3390162894282,-42.1363978116882 -11.3387214439057,-42.1363809281547;-11.3394440188445,-42.1360266572248 -11.3393709268808,-42.1361398985701;-11.3393308982115,-42.1358346340684 -11.339413549497,-42.1359111655177 -11.3394440188445,-42.1360266572248;-11.3388646956355,-42.1353138444062 -11.3392833782157,-42.1357883548061;-11.338568109271,-42.1349860618228 -11.3388646956355,-42.1353138444062;-11.3391814082165,-42.1344515407346 -11.3390359080783,-42.1346677945216;-11.3397859119363,-42.1354227205606 -11.3392974630249,-42.1346237664776;-11.3390359080783,-42.1346677945216 -11.3396386261107,-42.1355312851677 -11.3397859119363,-42.1354227205606;-11.3405790494304,-42.1338368355131 -11.3395043092312,-42.1342563338948 -11.3392182905528,-42.1344102051291;-11.3416091879619,-42.1360085815365 -11.3413791876227,-42.135347185902 -11.3412287716568,-42.1350333549916 -11.3410167232328,-42.1347622860884 -11.3405790494304,-42.1338368355131;-11.3407215474578,-42.136414505219 -11.3408390708055,-42.1363437191051 -11.3411680086684,-42.1362062778195 -11.3416091879619,-42.1360085815365;-11.3402130301099,-42.1357182673208 -11.3405040719208,-42.1360775285129 -11.3406602170083,-42.1362691313321 -11.3407215474578,-42.136414505219;-11.3392182905528,-42.1344102051291 -11.3398426654701,-42.135412898047 -11.3399951637885,-42.1356473424098 -11.340061663392,-42.1357311721082 -11.3401294974951,-42.1357136500218 -11.3402130301099,-42.1357182673208;-11.3419423278162,-42.1330851273956 -11.3413931837448,-42.1334294039925 -11.3406659258646,-42.1338217975519 -11.3406379176727,-42.1338259854963;-11.3417448522183,-42.1361363715327 -11.3422700890484,-42.1361585157879;-11.3410731744582,-42.134725017152 -11.3412855529762,-42.1350043054355 -11.3414374789963,-42.1353319434888 -11.3417148046899,-42.1361201261833 -11.3417448522183,-42.1361363715327;-11.3416241223949,-42.1360697243016 -11.3411899557801,-42.1362746332944 -11.3408742824781,-42.1364013331598 -11.3407535223542,-42.1364763090118;-11.3407535223542,-42.1364763090118 -11.3407779562155,-42.1365453878588 -11.3412780989793,-42.1371240722177;-11.3388383731092,-42.1353773716604 -11.3377756735147,-42.1356103724368;-11.3392328528846,-42.1358280249179 -11.3388383731092,-42.1353773716604;-11.3386747678309,-42.1363176097684 -11.338998087662,-42.1363332440061 -11.3390909418659,-42.1362896197345 -11.3393226666513,-42.1360937219308 -11.3393712193734,-42.1360259762877 -11.3393620072724,-42.1359546909519;-11.3375332871741,-42.1356389162567 -11.3375789006369,-42.1358088121042 -11.3377893712764,-42.1363954680705 -11.3378427058817,-42.1365811166211;-11.3383238803925,-42.1290496976078 -11.3389429809014,-42.128916970239 -11.3394282081745,-42.1287956634207 -11.3397159592319,-42.1287251362008 -11.3399501096021,-42.1286066504713 -11.3405538226048,-42.1284768803866;-11.3360906960568,-42.1282546795074 -11.3371761917349,-42.1274591521656;-11.3374688225808,-42.125331383752 -11.3375708982952,-42.1259935079786;-11.3391911146361,-42.1235691954498 -11.3387284328399,-42.1244796902687;-11.3387284328399,-42.1244796902687 -11.3382637003652,-42.1254114507836 -11.3382627380132,-42.125413335865 -11.3380433758633,-42.1258444936599 -11.3377204126877,-42.1263929074438 -11.3373852094348,-42.1269470507197 -11.3372761003027,-42.1271390837567;-11.3348661260765,-42.1263010279359 -11.3358245019013,-42.1278224914032;-11.3332600922814,-42.1256273089936 -11.3330199296462,-42.1252537226722;-11.335018542109,-42.1261114826684 -11.334383465349,-42.1256964190383;-11.330862411887,-42.1233679329535 -11.3306457114213,-42.1232201278649;-11.3326650468546,-42.1259751446016 -11.3333092629841,-42.1256638826023;-11.3326748070446,-42.1258799245062 -11.3332600922814,-42.1256273089936;-11.3333152407383,-42.1255757185016 -11.3330839730156,-42.125227037935;-11.3333152407383,-42.1255757185016 -11.3338062399036,-42.1253284399365;-11.3333770214749,-42.1256439709882 -11.3338827361503,-42.1253684670424;-11.3338062399036,-42.1253284399365 -11.3309244793137,-42.1234133518545;-11.3326748070446,-42.1258799245062 -11.3327699826074,-42.1255081171673;-11.3325921085728,-42.1258826375125 -11.3327166131329,-42.1254938853074;-11.3366895998621,-42.1253385416013 -11.3368236037998,-42.125315482476 -11.3368937674645,-42.1254365647021 -11.3373225913883,-42.1253550379538 -11.3373221920436,-42.1253539407634 -11.3373922840819,-42.125383116379;-11.3367074639116,-42.1252422156374 -11.3368609910494,-42.125223359835 -11.3369344443641,-42.1253381302897 -11.3373299961703,-42.1252684549329 -11.3374688225808,-42.125331383752;-11.3348661260765,-42.1263010279359 -11.3350930893154,-42.1261660646196;-11.3354299904425,-42.1273585130834 -11.3347865667248,-42.1263549203709;-11.337619514712,-42.1291244710241 -11.3382191069368,-42.1289789413819 -11.3381988633537,-42.1287803902346 -11.3381504639076,-42.128512520677 -11.3381425248551,-42.128357298467 -11.338092669789,-42.1281694566303 -11.3381039632178,-42.1279214520097 -11.3380849989627,-42.1277940513377 -11.3380674658566,-42.1277544567137 -11.3380522757964,-42.1275128642413;-11.338285935464,-42.1289833300352 -11.3382704218151,-42.1287664258355 -11.3382292007107,-42.1285043499882 -11.3382216184903,-42.1283435949003 -11.3381681251105,-42.1281525267841 -11.3381858564492,-42.1279133832674 -11.3381585045179,-42.127767593468 -11.3381388708305,-42.1277274359949 -11.3381249168726,-42.1275064373018;-11.3303222580796,-42.1239973872459 -11.330862411887,-42.1233679329535;-11.3309244793137,-42.1234133518545 -11.3303638397868,-42.1240552484304;-11.337633343332,-42.12921222187 -11.3383238803925,-42.1290496976078;-11.3300795547609,-42.1236300029211 -11.3303222580796,-42.1239973872459;-11.3357049421403,-42.1231381631987 -11.3361603768223,-42.124287001548 -11.3366185219323,-42.125108772042 -11.3367074639116,-42.1252422156374;-11.338285935464,-42.1289833300352 -11.3389401598126,-42.1288549062854 -11.3394253870857,-42.1287420627335 -11.3397244224983,-42.1286743566024 -11.3399247198029,-42.1285699763169 -11.340551001516,-42.1284317429658;-11.3340952085381,-42.1266509104794 -11.335018542109,-42.1261114826684;-11.3347865667248,-42.1263549203709 -11.3341722489561,-42.1267186939236;-11.3337736644575,-42.1293573777415 -11.3340205500369,-42.1297541054898;-11.3344620218089,-42.1288587762903 -11.3337736644575,-42.1293573777415;-11.3347664598064,-42.1292349384041 -11.3344620218089,-42.1288587762903;-11.3340205500369,-42.1297541054898 -11.3347664598064,-42.1292349384041;-11.3334696472521,-42.1288733250836 -11.3337197483718,-42.1292787176576;-11.3341285657481,-42.1283928725751 -11.3334696472521,-42.1288733250836;-11.3344084946682,-42.1287750450134 -11.3341285657481,-42.1283928725751;-11.3337197483718,-42.1292787176576 -11.3344084946682,-42.1287750450134;-11.3331641724392,-42.1283987359875 -11.3334094971647,-42.1287854643691;-11.3337956358046,-42.1279660329948 -11.3331641724392,-42.1283987359875;-11.3340692724312,-42.1283091276061 -11.3337956358046,-42.1279660329948;-11.3334094971647,-42.1287854643691 -11.3340692724312,-42.1283091276061;-11.3326710089394,-42.1276226902486 -11.3331167904893,-42.1283095030221;-11.3333145580928,-42.1272373499159 -11.3326710089394,-42.1276226902486;-11.3337368442087,-42.1278736268841 -11.3333145580928,-42.1272373499159;-11.3331167904893,-42.1283095030221 -11.3337368442087,-42.1278736268841;-11.3319219713244,-42.1264603166532 -11.3326124243824,-42.1275443405811;-11.332888893903,-42.1265243877296 -11.3326042524448,-42.1260241222733 -11.3319219712938,-42.1264603167914;-11.3336221035457,-42.1260871571045 -11.332888893903,-42.1265243877296;-11.3340367635806,-42.1266798968317 -11.3336221035457,-42.1260871571045;-11.3333451973818,-42.1271052253077 -11.3340367635806,-42.1266798968317;-11.3331146883601,-42.1267152657337 -11.3333451973818,-42.1271052253077;-11.3332665774477,-42.1271565504658 -11.3330353844392,-42.1267537892063;-11.3326124242439,-42.1275443405497 -11.3332665774477,-42.1271565504658;-11.3303638397868,-42.1240552484304 -11.3309714532927,-42.1250075248013 -11.3318785736885,-42.1263931099186;-11.3306457114213,-42.1232201278649 -11.3300795547609,-42.1236300029211;-11.3343067127104,-42.1256479680543 -11.3341113333117,-42.1255275343721 -11.3339912565298,-42.125444236594 -11.3338827361503,-42.1253684670424;-11.333621907636,-42.1259988160232 -11.3343067127104,-42.1256479680543;-11.3333770214749,-42.1256439709882 -11.333621907636,-42.1259988160232;-11.3335790887808,-42.1260329372818 -11.3333092629841,-42.1256638826023;-11.3329199032962,-42.1264100617004 -11.3335790887808,-42.1260329372818;-11.3326650468546,-42.1259751446016 -11.3329199032962,-42.1264100617004;-11.3318785735495,-42.1263931098888 -11.3325921085728,-42.1258826375125;-11.3298850423043,-42.1233083406696 -11.330040415007,-42.1235683461396;-11.33032348699,-42.123005430512 -11.3298850423043,-42.1233083406696;-11.3305818646575,-42.1231776417427 -11.33032348699,-42.123005430512;-11.330040415007,-42.1235683461396 -11.3305818646575,-42.1231776417427;-11.3296841307935,-42.1230157627352 -11.3298368976714,-42.1232413212563;-11.3300097819687,-42.1227954429788 -11.3296841307935,-42.1230157627352;-11.3302683441321,-42.1229602477979 -11.3300097819687,-42.1227954429788;-11.3298368976714,-42.1232413212563 -11.3302683441321,-42.1229602477979;-11.3293224605124,-42.1224447130412 -11.3296477184296,-42.1229549935403;-11.329948398144,-42.1227522920402 -11.3295163556815,-42.1224998670767 -11.3293224605124,-42.1224447130412;-11.3296477184296,-42.1229549935403 -11.329948398144,-42.1227522920402;-11.3295527042891,-42.1224357575391 -11.330345313303,-42.1229347721472 -11.3306736379843,-42.1231502761252 -11.3309349496208,-42.1233355042151 -11.3318638556527,-42.1239471349 -11.3329171708912,-42.1246345748243 -11.3343977163519,-42.1256256336268 -11.3351021484463,-42.1260747105507 -11.3368020401396,-42.1272270840282 -11.3369254772282,-42.1272968985802;-11.3375708982952,-42.1259935079786 -11.3376495442391,-42.1261163811109 -11.3377016428214,-42.1262814060544 -11.337987207099,-42.1258152338629 -11.338211276746,-42.1253804745115 -11.3391527549565,-42.1235249931939;-11.3376585107655,-42.1263626090217 -11.3375805626881,-42.126164444491 -11.3375014857002,-42.1260376977124 -11.3373922840819,-42.125383116379;-11.3371783372234,-42.1272689940326 -11.3372163876809,-42.1271277482495 -11.3373280668146,-42.1269184944942 -11.3376585107655,-42.1263626090217;-11.3366895998621,-42.1253385416013 -11.3371783372234,-42.1272689940326;-11.3369254772282,-42.1272968985802 -11.337127083097,-42.1272919954045 -11.3365555314761,-42.1251544036652 -11.3360928614843,-42.1243273434976 -11.3360906097475,-42.1243226163949 -11.3356307425691,-42.1231680719257;-11.3378328887923,-42.130034541746 -11.337633343332,-42.12921222187;-11.3372761003027,-42.1271390837567 -11.3372416388248,-42.1273178745091 -11.3372426048395,-42.1274724910371 -11.3372882450977,-42.1277474963259 -11.337619514712,-42.1291244710241;-11.335828233415,-42.1277903254545 -11.3358245019013,-42.1278224914032 -11.3360906960568,-42.1282546795074;-11.3348705284578,-42.1277633634098 -11.3354299904425,-42.1273585130834;-11.3341722489561,-42.1267186939236 -11.3345955291192,-42.1273787778097 -11.3348705284578,-42.1277633634098;-11.3371761917349,-42.1274591521656 -11.3371399900954,-42.1273452403939 -11.3368954053202,-42.1273615814047 -11.3367646422654,-42.1272896142476 -11.3350930893154,-42.1261660646196;-11.3352341485312,-42.128294409812 -11.3354865769293,-42.1286982053596;-11.3357917182596,-42.1279154732132 -11.3352341485312,-42.128294409812;-11.3360348376276,-42.1282910350741 -11.3357917182596,-42.1279154732132;-11.3354865769293,-42.1286982053596 -11.3360348376276,-42.1282910350741;-11.3345375896448,-42.1287982882807 -11.3348368215546,-42.1291887650327;-11.3351690048543,-42.1283428498307 -11.3345375896448,-42.1287982882807;-11.3354251027934,-42.128731000752 -11.3351690048543,-42.1283428498307;-11.3348368215546,-42.1291887650327 -11.3354251027934,-42.128731000752;-11.3342072639897,-42.1283512180735 -11.334477595433,-42.1287203681585;-11.3348500067645,-42.1278769303768 -11.3342072639897,-42.1283512180735;-11.3351160228006,-42.1282663021096 -11.3348500067645,-42.1278769303768;-11.334477595433,-42.1287203681585 -11.3351160228006,-42.1282663021096;-11.3338564782389,-42.1279103538581 -11.3341405325111,-42.1282712235043;-11.3345498859823,-42.1274504485286 -11.3338564782389,-42.1279103538581;-11.3348058169798,-42.1278073308295 -11.3345498859823,-42.1274504485286;-11.3341405325111,-42.1282712235043 -11.3348058169798,-42.1278073308295;-11.3333949543161,-42.1271920313981 -11.3338050667575,-42.1278281728857;-11.3340957504575,-42.1267644888709 -11.3333949543161,-42.1271920313981;-11.3344928838305,-42.1273715304312 -11.3340957504575,-42.1267644888709;-11.3338050667575,-42.1278281728857 -11.3344928838305,-42.1273715304312;-11.3349179853069,-42.1278398790156 -11.335181015892,-42.128219655253;-11.3354827116108,-42.1274366458887 -11.3349179853069,-42.1278398790156;-11.3357401555419,-42.1278311407596 -11.3354827116108,-42.1274366458887;-11.335181015892,-42.128219655253 -11.3357401555419,-42.1278311407596;-11.333691225318,-42.1260518319041 -11.3340952085381,-42.1266509104794;-11.334383465349,-42.1256964190383 -11.333691225318,-42.1260518319041;-11.2734605570424,-42.0822736393068 -11.2735261421076,-42.0823415027213 -11.273609402533,-42.0823679246927 -11.2736873290022,-42.0824070933424 -11.2738598465644,-42.0823113505649 -11.273960232456,-42.0823390606551 -11.2742944917708,-42.0826154089126 -11.2749336860664,-42.0831730390038;-11.2721890915034,-42.0864472373029 -11.2714124154593,-42.0867586335145;-11.2713857431439,-42.0866887277704 -11.2719211996977,-42.0864761489479 -11.2724730872693,-42.0862463988925;-11.2714124154593,-42.0867586335145 -11.2711276713103,-42.0868859209507 -11.2709016369348,-42.08695599123;-11.2756381096998,-42.0837891378966 -11.2754186387161,-42.0836348910455;-11.2752217954932,-42.0843707209985 -11.274948426587,-42.083963955336 -11.2749474368097,-42.0838783938989 -11.2750594919336,-42.0835058540871 -11.2750418200825,-42.0834097444979;-11.2750418200825,-42.0834097444979 -11.2749052090383,-42.0832445919471 -11.2742469180665,-42.0826695600875 -11.2739274580374,-42.0824110341404 -11.2738603694401,-42.082404227188 -11.2736908351127,-42.0824934798609;-11.2760180033329,-42.0839118357078 -11.2763346373955,-42.0840399881361 -11.2766558350892,-42.0841302595047 -11.2768408306268,-42.0841433771067 -11.2777812613016,-42.0839104551464 -11.2779083315571,-42.083894955183 -11.2805264472107,-42.0850240819918 -11.282048706289,-42.0857112289589;-11.2752656519747,-42.0844313920755 -11.2750474627549,-42.084514373278 -11.2747248028439,-42.0846601212931 -11.2742678473791,-42.084739999465 -11.2741422683805,-42.0848059297404 -11.2737141978229,-42.0849613426761 -11.2736183827336,-42.0850060994209 -11.2735410021332,-42.0850483748219 -11.2734806618164,-42.0850999427236 -11.272551270858,-42.0863195977163 -11.2725042961301,-42.086345308533 -11.272280432216,-42.0867218841369 -11.2720031637673,-42.087057196659 -11.2717410826524,-42.0874208214252;-11.2731483462516,-42.0853753071496 -11.2731307155418,-42.0852874927942 -11.2731083255728,-42.0852074577538 -11.2730434994831,-42.0850869440604 -11.2729890427573,-42.0849521671661 -11.2729668578023,-42.0847858972901 -11.2729256221748,-42.0844973546781 -11.2728995085637,-42.084396741242 -11.2728241694123,-42.0843144507596 -11.2726937184032,-42.0842311473751 -11.2722915869546,-42.083980926685 -11.2720708991121,-42.0839713044647;-11.2708488675254,-42.08690211911 -11.2711124999075,-42.0868196669436 -11.2713857431439,-42.0866887277704;-11.2734868900345,-42.0823826005572 -11.273404126505,-42.0823022816637;-11.2728714763088,-42.0838468952674 -11.2725494539741,-42.0839428995837 -11.2724071880016,-42.0839649494174 -11.2727184443215,-42.0841662316091 -11.2728776862009,-42.0842607236795 -11.2729556683489,-42.0843562454503 -11.2729975082383,-42.0844628140675 -11.2730344276666,-42.0847785723312 -11.273053472188,-42.0849373042254 -11.273095947818,-42.0850544339594 -11.2731639467667,-42.0851636471216 -11.2732046341055,-42.0852664519362;-11.2731415136739,-42.0854485559318 -11.2731483462516,-42.0853753071496;-11.2723893820875,-42.0863661968073 -11.2721890915034,-42.0864472373029;-11.2716692387737,-42.0874168723811 -11.2719407355308,-42.0870136309839 -11.2722103225021,-42.0866836908151 -11.2723893820875,-42.0863661968073;-11.2754186387161,-42.0836348910455 -11.2751223277947,-42.0834046980115 -11.2751371823909,-42.0835109721644 -11.2750230251556,-42.0838855088393 -11.2750243661182,-42.0839532377767 -11.2752791653241,-42.084331717394;-11.273841569096,-42.0835499392607 -11.2736751677697,-42.083616419914 -11.2735369858623,-42.0836617396314;-11.2736843088197,-42.0849044265914 -11.2740941934296,-42.0847422961317 -11.2740294803525,-42.0837576492329 -11.2739401253561,-42.0834794568832 -11.273841569096,-42.0835499392607;-11.2753286926195,-42.0844115458795 -11.2754400841011,-42.0846037104335;-11.2738116259653,-42.0834864777302 -11.2739189773465,-42.0834043034049 -11.2738428365238,-42.0832157275896 -11.2737225713781,-42.0829191487261 -11.2736051759992,-42.0826569774582 -11.2734868900345,-42.0823826005572;-11.2752791653241,-42.084331717394 -11.2753155215526,-42.0843196100654 -11.2756381096998,-42.0837891378966;-11.2735369858623,-42.0836617396314 -11.2728714763088,-42.0838468952674;-11.2754400841011,-42.0846037104335 -11.2755551535375,-42.0847514076727 -11.2757076390837,-42.0848789787356 -11.2758492161409,-42.0850046715589 -11.2768542408394,-42.0862285977702 -11.2769210599546,-42.0863228008933 -11.276987879416,-42.0865850761016;-11.2749912382156,-42.0832179155503 -11.2757106551366,-42.083747618082 -11.2760180033329,-42.0839118357078;-11.2698721434244,-42.0834570967478 -11.2710870682939,-42.0837607379801 -11.2715100030693,-42.0838570581459 -11.2717677479198,-42.0838888309807 -11.2723007328528,-42.083902166058 -11.2725444133379,-42.0838698106065 -11.2728491512331,-42.0837779700894 -11.2735162897145,-42.0835981390499 -11.2736641219905,-42.0835469040077 -11.2738116259653,-42.0834864777302;-11.2732046341055,-42.0852664519362 -11.2732168085694,-42.0853412409492 -11.2734210133981,-42.0850624250528 -11.2735100701228,-42.0849853354251 -11.2735829035531,-42.0849457215195 -11.2736843088197,-42.0849044265914;-11.2741630709407,-42.084708647961 -11.274240899188,-42.0846813155536 -11.2747109699533,-42.0845917290609 -11.2750059070375,-42.0844554299034 -11.2752217954932,-42.0843707209985;-11.272473087005,-42.0862463990563 -11.2725182053399,-42.0862451512333 -11.2731415136739,-42.0854485559318;-11.2757072119915,-42.0838350442357 -11.2753641949196,-42.0844018171783 -11.2753286926195,-42.0844115458795;-11.2749336860664,-42.0831730390038 -11.2753145007005,-42.0828093961039;-11.2826354400581,-42.0860283916878 -11.2779066941596,-42.0839759487902 -11.2777864981588,-42.0839846710137 -11.2768533928181,-42.0842199317403 -11.276649570551,-42.0842133669542 -11.2763053550202,-42.0841124144426 -11.2759984216952,-42.083987445408 -11.2757072119915,-42.0838350442357;-11.2736908351127,-42.0824934798609 -11.2735824293841,-42.082435578401 -11.2736743676433,-42.0826171310932 -11.2737915062122,-42.0828979741049 -11.2739044774301,-42.0831728033909 -11.2740052916802,-42.0834054287746 -11.2741004672427,-42.0837533623305 -11.2741630709407,-42.084708647961;-11.2720708991121,-42.0839713044647 -11.2717685142677,-42.0839598144784 -11.271496846337,-42.0839119695494 -11.2710763413021,-42.0838342669404 -11.2698400266566,-42.0834998079231;-11.276925838705,-42.0865966796434 -11.2768558674356,-42.0863543125694 -11.2768031059229,-42.0862701873648 -11.2757990880527,-42.085064754664 -11.2756666198635,-42.0849360953928 -11.2754978756841,-42.0848006218053 -11.275386441375,-42.0846525966295 -11.2752656519747,-42.0844313920755;-11.2753145007005,-42.0828093961039 -11.2754400711738,-42.0827551659818 -11.2755981618093,-42.0827038969083 -11.2759735687732,-42.0826657340241;-11.2759655064662,-42.0827382674109 -11.2756125938678,-42.0827705841584 -11.2754668361573,-42.0828151047025 -11.2753552807736,-42.0828763775561 -11.2749912382156,-42.0832179155503;-11.3129957783982,-42.1185826437364 -11.3130178046269,-42.1185839099667 -11.3135124286305,-42.1183766468575 -11.3134602343436,-42.1183497748765 -11.3127785511855,-42.1183820502529 -11.3129957783982,-42.1185826437364;-11.3175646002089,-42.1176917479502 -11.3171581562524,-42.1176811053115 -11.3169510724038,-42.1176544174113 -11.3166196826894,-42.1176974876318 -11.3156529287927,-42.1178083093696 -11.3153208295663,-42.1178336666581;-11.3153208295663,-42.1178336666581 -11.3153997760043,-42.1177602361196 -11.3154615536479,-42.1176793173713 -11.3158635534286,-42.1168753116 -11.3158925625046,-42.1168247755009 -11.3159351060859,-42.1167786203333 -11.3165047778214,-42.1164419676157;-11.3168048722776,-42.1166423954399 -11.3168774210439,-42.1166977837977 -11.3171341361363,-42.1170763063174 -11.3175646002089,-42.1176917479502;-11.3153713145175,-42.1177349130665 -11.3152288700782,-42.1178410838851 -11.3149998340744,-42.1178474211663 -11.3147345610713,-42.1178341869619 -11.3143601124285,-42.1178705478075 -11.31424062838,-42.1179055282988 -11.3139266948951,-42.1180204740508 -11.3136851091681,-42.1181430711516 -11.3134866042383,-42.1182336867253 -11.3134773010091,-42.1182717495032;-11.3134773010091,-42.1182717495032 -11.3133209157035,-42.1176146347894 -11.3131535277458,-42.1173013462145 -11.3129926750654,-42.1169671774221 -11.3128265392039,-42.1166921881625 -11.3125774519653,-42.1160928818527 -11.3124023224429,-42.1157215635293 -11.3123581905309,-42.1154763651253 -11.3123347235176,-42.1152733411837 -11.3123209119751,-42.1150520294514 -11.3122488067392,-42.1147790031781 -11.3121550079778,-42.1145444791982 -11.3117967500032,-42.1138655794458 -11.3116996326257,-42.1136528486051 -11.311675412006,-42.1135658084342;-11.3153713145175,-42.1177349130665 -11.3154295444232,-42.1176617873426 -11.3158300341268,-42.1168556571819 -11.315856203403,-42.1167978187386 -11.3159037409753,-42.1167525253364 -11.3164642029355,-42.116418665735;-11.3134382742947,-42.1183083368991 -11.3128033022109,-42.1183388564761;-11.3128033022109,-42.1183388564761 -11.3127638355438,-42.1179393429187 -11.3127234768211,-42.1176050947989 -11.312703682646,-42.1174862585491 -11.3126978117929,-42.1173128491245 -11.3127064828785,-42.1171464502479 -11.3126880254175,-42.1170064234151 -11.3126982270681,-42.1169002751266 -11.3127370107733,-42.1168067074083 -11.312798838928,-42.1167422303194 -11.3129537221889,-42.1169928580178;-11.3129537221889,-42.1169928580178 -11.3131147977744,-42.117322255704 -11.3132705957414,-42.1176323871217 -11.3134382742947,-42.1183083368991;-11.3116013899012,-42.1135283618434 -11.3116492518564,-42.1136756613008 -11.3117498696215,-42.1138906708118 -11.3121100915294,-42.1145695829959 -11.3121971000202,-42.114795831327 -11.3122678816173,-42.1150592081589 -11.3122851268481,-42.1152777871464 -11.312302988983,-42.1154862697259 -11.3123542636384,-42.115740541188 -11.3125285601982,-42.116117848907 -11.3127820435088,-42.1166941204366 -11.3127018812587,-42.1167725280955 -11.3126490239923,-42.1168903950897 -11.3126395432325,-42.1170040278289 -11.3126586902319,-42.1171480939221 -11.312653538802,-42.1173106320653 -11.3126596962494,-42.117495218541 -11.3126824539278,-42.1176115531295 -11.3127184604606,-42.1179427096174 -11.3127530996884,-42.1183403119265;-11.3112200426108,-42.118034915243 -11.3114744599147,-42.1181326864897 -11.3117561250106,-42.1181839290989 -11.3120174264807,-42.1182698450054 -11.3122932127653,-42.1183402206721 -11.3127530996884,-42.1183403119265;-11.3112200426108,-42.118034915243 -11.3113201822086,-42.1177504051606 -11.3113237368977,-42.1176324714034 -11.3114838941805,-42.1168941765162 -11.3116470075878,-42.1162795278405 -11.3116393813101,-42.1161996187267 -11.3115753692733,-42.1160868362016 -11.3115932922698,-42.1160728959962;-11.3115932922698,-42.1160728959962 -11.3116302148912,-42.1160136465627 -11.3116662322309,-42.1158017050565 -11.3116351207242,-42.1156994107281 -11.311626384652,-42.1156394289462 -11.3116297345823,-42.1155561713809 -11.3116167212501,-42.1154697450298 -11.3115854453574,-42.1153623560655 -11.3115127348026,-42.1152873567312 -11.3111942979614,-42.1151413543567 -11.310794686683,-42.1149844427187 -11.3100797661738,-42.114669292898 -11.3098562327788,-42.1145709613728 -11.3096374118641,-42.1144931691029 -11.3093929884898,-42.1144299583259 -11.3091799385784,-42.1144080426958 -11.3089571263656,-42.114394791871 -11.3088882787951,-42.1144075626026;-11.3088882787951,-42.1144075626026 -11.3088067291048,-42.114386186232 -11.3085313108615,-42.1140172640673 -11.3084147433467,-42.1138804511952 -11.3076081991174,-42.1132061398533 -11.3075123457966,-42.1131043882769;-11.3075123457966,-42.1131043882769 -11.3081993394289,-42.1120584484941 -11.3092730379345,-42.1122641879165 -11.3094755896375,-42.1122512244567;-11.3113156058853,-42.1174635548034 -11.3112989888899,-42.1164699153797 -11.3113144695575,-42.1162176120113 -11.3113327520736,-42.1161732064367;-11.3113327520736,-42.1161732064367 -11.3115367291715,-42.1161079836168 -11.3115973176004,-42.1162157678787 -11.3116025330587,-42.1162878025758 -11.3114875841043,-42.1167323327441 -11.3114415269604,-42.1168834968943 -11.3113156058853,-42.1174635548034;-11.3088443424142,-42.1144437093938 -11.3090810099897,-42.1148204120646 -11.3091415111649,-42.1150271221863 -11.3095053224816,-42.1154930199238 -11.3097630328694,-42.1159084734186 -11.309881259369,-42.1161553140499 -11.3099145315146,-42.1164626270351 -11.3099824909997,-42.1167736599398 -11.3100288838942,-42.1169149606222 -11.3102013766005,-42.1172243918933 -11.3103331137859,-42.1174058175761 -11.3104896303656,-42.1175361099778 -11.3107123441586,-42.1177428889676 -11.3109513003619,-42.1179330222163 -11.3111795788261,-42.1180171074762;-11.3088443424142,-42.1144437093938 -11.3088849807805,-42.1144532275488 -11.3089666142656,-42.1144469472258 -11.3091885361021,-42.1144522204317 -11.3093945253968,-42.1144771015079 -11.309628884121,-42.1145432968972 -11.309841791011,-42.1146155691574 -11.3100630635476,-42.1147109116089 -11.3107760133567,-42.1150247008418 -11.3111799537305,-42.1151795989646 -11.3114863478361,-42.1153236321867 -11.3115498033987,-42.1153838987266 -11.3115693598291,-42.1154733834025 -11.3115819068215,-42.1155607779486 -11.311577206685,-42.115643659235 -11.3115919291454,-42.1157078293165 -11.3116192600611,-42.1158016241835 -11.3115875632656,-42.1159992038381 -11.3115572153056,-42.1160423297825 -11.3115329523242,-42.1160605019918;-11.3115329523242,-42.1160605019918 -11.3113025844389,-42.1161383759273 -11.3112760955693,-42.1162071954498 -11.311260367133,-42.116465317703 -11.3112779615688,-42.1176284555857 -11.3112761286968,-42.1177465545803 -11.3111795788261,-42.1180171074762;-11.3135712040881,-42.1184193677773 -11.3137258745031,-42.1186558350159 -11.3139314716262,-42.1189689661016 -11.3140748248806,-42.1192309740901 -11.3141218853497,-42.1194727297085 -11.3141644096552,-42.1196005359264;-11.3122887350882,-42.1183837269803 -11.3127164806106,-42.1183786592471 -11.3129854056036,-42.1186213239288 -11.3130238955596,-42.1186246282215 -11.3135516788578,-42.1184074127775 -11.3135712040881,-42.1184193677773;-11.3122887350882,-42.1183837269803 -11.3120058223979,-42.1183101113018 -11.3117471704946,-42.1182259352174 -11.3114675935667,-42.1181729799904 -11.311184203261,-42.1180654224153 -11.3109268803253,-42.1179695876496 -11.3106923433181,-42.1177777977462 -11.3104490928763,-42.1175801039957 -11.3103015855439,-42.1174331308996 -11.3101679020919,-42.1172443381215 -11.309994480155,-42.1169364640356 -11.3099412969352,-42.1167832446468 -11.3098751693204,-42.1164736215212 -11.3098403666885,-42.1161668879921 -11.3097296083273,-42.1159329439372 -11.3094724252572,-42.1155203025539 -11.3091065514759,-42.1150552172953 -11.3090408797648,-42.1148372756371 -11.3087801578327,-42.1144096258286 -11.3084974161352,-42.1140423028442 -11.3083833806434,-42.1139124266617 -11.3075770288115,-42.1132388388487 -11.3073742356314,-42.1130175460058 -11.3073301098821,-42.1129359638082;-11.3060532931541,-42.1129655033944 -11.3067992962867,-42.1131870334997 -11.3068798739345,-42.1131953429514 -11.3069541595515,-42.1131762147125 -11.3069982809333,-42.113137532313 -11.307061775933,-42.1131024376023 -11.3070958862662,-42.1130632092395 -11.3073301098821,-42.1129359638082;-11.3069143093843,-42.1122006079493 -11.3073046445831,-42.1128982084804;-11.3073046445831,-42.1128982084804 -11.307063308369,-42.1130352522554 -11.3070402723847,-42.1130694549884 -11.3069781124372,-42.1131013371689 -11.3069325085438,-42.1131378118516 -11.3068819092137,-42.1131542235168 -11.30681127087,-42.1131505715339 -11.3063005574753,-42.1130071616484 -11.3063144884942,-42.1129293335044 -11.3063289288017,-42.1128966085992 -11.3065550063787,-42.112580885835 -11.3069143093843,-42.1122006079493;-11.3074778006566,-42.113071093249 -11.3074073607617,-42.1129946399795 -11.3069406460747,-42.11216265409;-11.3069406460747,-42.11216265409 -11.3069404803061,-42.1120948554207 -11.306963397918,-42.1120670049357 -11.3075478616929,-42.1119065484899 -11.3075967561349,-42.1119116366769;-11.3075967561349,-42.1119116366769 -11.3076039634393,-42.1120352505786 -11.3076561779307,-42.1121144511616 -11.307700526361,-42.1122197248349;-11.3078728689825,-42.1124660781098 -11.3074778006566,-42.113071093249;-11.307700526361,-42.1122197248349 -11.3078728689825,-42.1124660781098;-11.3069015998632,-42.1121064805323 -11.3068796965557,-42.1120461825774 -11.3068468651426,-42.1119987141155 -11.3067658277553,-42.1118033463835 -11.3066639419708,-42.1116469698886 -11.3066213269268,-42.1116063872721;-11.3078563717119,-42.1119567696157 -11.3076526367079,-42.1118828898849 -11.3075473925201,-42.1118645425075 -11.3069353263236,-42.1120291890732 -11.3069020812098,-42.1120702436836 -11.3069015998632,-42.1121064805323;-11.3094101241074,-42.1122118173622 -11.3092684593388,-42.1122199427878 -11.3081900550045,-42.112013252512 -11.3078563717119,-42.1119567696157;-11.308144151935,-42.1120510571098 -11.3078962802353,-42.1124358471876 -11.3077421046823,-42.1121966680109 -11.3076942704854,-42.1120919960503 -11.3076458377956,-42.1120226382728 -11.307630450283,-42.1119145160237 -11.3076528709308,-42.1119231784115 -11.307842782105,-42.1119971853494 -11.308144151935,-42.1120510571098;-11.3184305339225,-42.1176852524851 -11.3184004067695,-42.1176578144399 -11.3183091820698,-42.1176089900085 -11.3181689769597,-42.1175969044324 -11.3178598337188,-42.1176655379658 -11.3176149181038,-42.1176883004069;-11.3176149181038,-42.1176883004069 -11.317173007174,-42.117050154265 -11.3169407618131,-42.1167082770184;-11.3134983606362,-42.1183182106299 -11.313604555841,-42.1183842921173 -11.3137657082906,-42.1186274096335 -11.3139652623935,-42.118946391986 -11.314111672232,-42.1192083212439 -11.3141608576788,-42.1194626434546 -11.3141960308257,-42.1195799490973;-11.3134983606362,-42.1183182106299 -11.3135201665376,-42.1182677365929 -11.3137090001412,-42.1181753312413 -11.3139431651519,-42.1180555885539 -11.3142534052105,-42.1179422236267 -11.3143717174228,-42.1179075767317 -11.3147347169023,-42.1178714038271 -11.3149985619893,-42.1178864454541 -11.3152346755864,-42.1178786716225 -11.3156556812241,-42.1178454030623 -11.3166279017379,-42.1177325897843 -11.3169502498811,-42.1176863028534 -11.3171578780741,-42.1177180869694 -11.3176049447201,-42.1177302668919 -11.3178634297419,-42.1177051056382 -11.3181728432824,-42.1176422373355 -11.318295690276,-42.1176522972986 -11.31838033748,-42.11769431028 -11.3184244066233,-42.1177397386516;-11.3066038805735,-42.1116383771916 -11.3066356531587,-42.1116740435487 -11.3067339454759,-42.1118252402587 -11.3068132079794,-42.1120215312903 -11.3068469633067,-42.1120713278667 -11.3068946777804,-42.1121609079431;-11.3068946777804,-42.1121609079431 -11.3065164425294,-42.1125573733211 -11.3062827756193,-42.1128819277598 -11.3062731359641,-42.1129167910131 -11.3062627333296,-42.1129951508877 -11.30606689049,-42.112937746611;-11.3142244652129,-42.0684000380569 -11.3142273674186,-42.0684616266948 -11.3141092741663,-42.0686086033587 -11.3139204951409,-42.0689213754693 -11.3138775437792,-42.0690329672142 -11.313595797202,-42.0693304340675;-11.3178880871371,-42.0696536339615 -11.3182835611493,-42.0695257917937;-11.3141831148497,-42.0683168470166 -11.3144567370673,-42.067959685535 -11.3145935442406,-42.0677830571179 -11.3146913848728,-42.0676831498763;-11.3146971118895,-42.0722698552811 -11.3147455830909,-42.0725731728939;-11.3161282035815,-42.0741735451977 -11.3161086704081,-42.0740680308198 -11.3160644571216,-42.0739394124452 -11.3159554186615,-42.0737724633191;-11.3178219715607,-42.0696605355238 -11.3178042610752,-42.0691215583124 -11.317774293701,-42.0689182777559;-11.3158335343255,-42.0688490046155 -11.315871920941,-42.0684919791557;-11.3183924881754,-42.0669363160422 -11.3175399610514,-42.0672339939355 -11.3174553133625,-42.0673617371871;-11.3146913848728,-42.0676831498763 -11.3142741245081,-42.0677485265946 -11.3139166618652,-42.067848663075 -11.313234408773,-42.0680456318674;-11.313234408773,-42.0680456318674 -11.3137235762562,-42.0681945708169 -11.3141831148497,-42.0683168470166;-11.3158308999253,-42.0689173187237 -11.3152558998,-42.0688677868595;-11.3148410532589,-42.0709443763927 -11.3147124470572,-42.0711696848999;-11.3152558998,-42.0688677868595 -11.3150345563944,-42.0688042966473 -11.3144973510493,-42.0685802871371 -11.3143193636919,-42.0684525638411 -11.3142244652129,-42.0684000380569;-11.3183126459664,-42.0695869019547 -11.3178865772436,-42.0697317094436;-11.315899311457,-42.0692015886326 -11.3161821077499,-42.0691968875958 -11.3174456853827,-42.068879790819 -11.317777644047,-42.0688534709575 -11.3177903536356,-42.0687698046019;-11.315935146637,-42.0684919805979 -11.3158932013334,-42.0688876388124 -11.315899311457,-42.0692015886326;-11.3164042811445,-42.067727473439 -11.3160596315853,-42.0681561603863 -11.315935146637,-42.0684919805979;-11.3173995387969,-42.0673925470944 -11.3169132454938,-42.0674120268076 -11.3167372822602,-42.0674429062262 -11.3165514694632,-42.0675226159862 -11.3164519409807,-42.0676124476509 -11.3164042811445,-42.067727473439;-11.3177903536356,-42.0687698046019 -11.3178125873235,-42.0683480032984 -11.3177856638374,-42.0680627503566 -11.3177217337052,-42.067769237832 -11.3173995387969,-42.0673925470944;-11.3158937078955,-42.0658627683352 -11.315984176886,-42.0658929518042 -11.3160801180373,-42.0659526286375 -11.3161472599039,-42.0660034182763 -11.3162128201107,-42.0660408179735 -11.3163456265339,-42.0660762976002 -11.3164567700307,-42.0661236493941 -11.3165220405267,-42.0661613436072 -11.3166824677875,-42.066150896812 -11.3169170268394,-42.0661744433907 -11.3169491068633,-42.0661827669018;-11.3147770024828,-42.0676040147035 -11.3148677406574,-42.0675618675525 -11.3150576775194,-42.0673824325183 -11.3151135858488,-42.0672593570438 -11.315378764426,-42.0668929105583 -11.3155845094148,-42.0666808616791 -11.315665876985,-42.0664500340304 -11.3157182283531,-42.0663499337254 -11.3157415325688,-42.0662762517325 -11.3157685258063,-42.0661300704161 -11.3158512672067,-42.0658928879418 -11.3158937078955,-42.0658627683352;-11.3118730316394,-42.0676201287041 -11.3131436265359,-42.0680117032059;-11.3131436265359,-42.0680117032059 -11.3138956283227,-42.067775887361 -11.3142645040637,-42.0676803206924 -11.3147770024828,-42.0676040147035;-11.3169491068633,-42.0661827669018 -11.3171038721455,-42.0658672670658 -11.3173016638505,-42.0654280806057;-11.3158984855651,-42.0692707854304 -11.3158717217902,-42.069639072485 -11.3156201307866,-42.0700174385467 -11.3153271958131,-42.0703258963546;-11.317774293701,-42.0689182777559 -11.3174609594402,-42.0689407372714 -11.3168395006311,-42.0691397646877 -11.3161888502497,-42.0692684149939 -11.3158984855651,-42.0692707854304;-11.3153271958131,-42.0703258963546 -11.3155443691234,-42.0702889753806 -11.3157257841619,-42.0703432879518 -11.3158964921737,-42.0703599088392 -11.3160956363002,-42.0703389380266 -11.3162986079781,-42.070266464007 -11.3166703817258,-42.0700731421459 -11.3174998475844,-42.0697069317162 -11.317735807049,-42.0696379162508 -11.3178219715607,-42.0696605355238;-11.3152607485553,-42.0703998906804 -11.3148799499618,-42.0708901080605;-11.316308213553,-42.0703275727099 -11.3161041728649,-42.0703989529061 -11.3158962747727,-42.0704302280411 -11.3157075943025,-42.0704108333401 -11.3155346713111,-42.0703549891106 -11.3152607485553,-42.0703998906804;-11.3174732365602,-42.0733423809741 -11.3174670180097,-42.0726361000679 -11.3175436109215,-42.0725165443516 -11.3175995282685,-42.0723667909506 -11.3176242995056,-42.0721257417279 -11.3177191069931,-42.071763369072 -11.317785968412,-42.0711331951041 -11.3178370079495,-42.0704937881429 -11.3171608573585,-42.0704718871894;-11.3171608573585,-42.0704718871894 -11.3165165741696,-42.0703226778187 -11.316308213553,-42.0703275727099;-11.3161869815642,-42.074163103523 -11.3162764556008,-42.0741535049217 -11.3164653696156,-42.0741101398222 -11.3166227792804,-42.0740976008754 -11.3167601442685,-42.0741019570687 -11.3168837098398,-42.074133775832 -11.3170257564349,-42.0741758857308 -11.3171426949089,-42.0741888405954 -11.3172359179308,-42.0741527545865 -11.3173558012891,-42.0740582947453 -11.317427319422,-42.0739215099344 -11.3174929499,-42.0737276098582 -11.3174926957002,-42.0735247094586 -11.3174732365602,-42.0733423809741;-11.3148799499618,-42.0708901080605 -11.3152169939349,-42.0710188360579 -11.3152822187614,-42.0711528204759 -11.3154073498112,-42.0713086516014 -11.3155801916526,-42.0714300976579 -11.3156277674739,-42.0715667230731 -11.315542698903,-42.0720226145979 -11.3155594553686,-42.0723333038814 -11.3155732612105,-42.0726034169619 -11.3155605357639,-42.0729107504881 -11.3157785201655,-42.0732816139047 -11.3159281936635,-42.0736447407754 -11.3160043066726,-42.073737047599 -11.3161150579845,-42.07390044167 -11.3161725944494,-42.0740432785002 -11.3161869815642,-42.074163103523;-11.3159554186615,-42.0737724633191 -11.3158740871539,-42.0736760835561 -11.3157232919054,-42.0733112054032 -11.3154990541083,-42.0729141971927 -11.3155033330625,-42.0726046427906 -11.3154868211322,-42.0723379309316 -11.3154746309795,-42.0720173573105 -11.3155593424688,-42.0715829183371 -11.3155253544234,-42.0714718582541 -11.3153647121686,-42.0713532281537 -11.3152256971403,-42.0711829900126 -11.3151706292245,-42.0710684564675 -11.3148410532589,-42.0709443763927;-11.3148654787305,-42.074550847345 -11.3148933374663,-42.0745160048816 -11.3153415911781,-42.0743509709245 -11.3155679489559,-42.0742953162419 -11.3159374041873,-42.0742533189067 -11.3160886782959,-42.0742027559388 -11.3161282035815,-42.0741735451977;-11.3147455830909,-42.0725731728939 -11.3147880632844,-42.072680392604 -11.3148260882622,-42.073263017819 -11.3149084322333,-42.0738301890888 -11.3148408988045,-42.0742147533857 -11.3148654787305,-42.074550847345;-11.3147124470572,-42.0711696848999 -11.3146566197267,-42.0714704386112 -11.3146428211914,-42.0718245621031 -11.3146971118895,-42.0722698552811;-11.3146332771661,-42.072255555347 -11.3145780695941,-42.071828436743 -11.3146002240826,-42.071468384009 -11.3146359183045,-42.0712594518947;-11.3140053869088,-42.0721908475639 -11.3139700253271,-42.0723585063815 -11.3139831325215,-42.0723476369802 -11.3146332771661,-42.072255555347;-11.3146359183045,-42.0712594518947 -11.314386122731,-42.0715679307925 -11.3141091194505,-42.0719444658064 -11.3140053869088,-42.0721908475639;-11.3140059042819,-42.072407564213 -11.3139649357875,-42.0724862640497 -11.3139084247181,-42.0731062223296 -11.3138719550752,-42.0733398962085 -11.3137825633832,-42.0736725147058 -11.3132582320989,-42.0746300941418 -11.3131765442283,-42.074788156155;-11.314684757058,-42.0725914879269 -11.3146395135256,-42.0723206278394 -11.3140059042819,-42.072407564213;-11.3148084557701,-42.0746223993545 -11.3147727630032,-42.074210554384 -11.3148359604931,-42.0738268929561 -11.3147687908448,-42.0732707671239 -11.3147242209518,-42.0727012421636 -11.314684757058,-42.0725914879269;-11.3131765442283,-42.074788156155 -11.3133226534599,-42.0747941164774 -11.3135259764467,-42.0748486540613 -11.3137915502605,-42.0748418309072 -11.3141009476045,-42.0748146057574 -11.3142811752736,-42.0747842313813 -11.3145549860301,-42.0747083126136 -11.3147568474027,-42.0746649511466 -11.3148084557701,-42.0746223993545;-11.3157603149674,-42.0682065078604 -11.3157701519908,-42.0678150440866 -11.3159504646606,-42.0676383686727 -11.3162245989543,-42.0671675929879 -11.3163617185927,-42.066939764725 -11.3164210204967,-42.0667375792579 -11.3164131619279,-42.0663337403829 -11.3164743348262,-42.0662031265112;-11.315871920941,-42.0684919791557 -11.3157603149674,-42.0682065078604;-11.3142339033176,-42.0683445634933 -11.314357030473,-42.0684054342949 -11.3145338399577,-42.0685317100825 -11.3150561315983,-42.0687452238078 -11.3152689590737,-42.0688043060938 -11.3158335343255,-42.0688490046155;-11.315907498888,-42.0659264113066 -11.3158927591995,-42.0659334753258 -11.3158248258432,-42.0661452730769 -11.3158053526215,-42.0662653823414 -11.3157875544367,-42.0663679547143 -11.3157264071772,-42.0664778979556 -11.3156420255691,-42.0667201314579 -11.3154275877631,-42.0669357032974 -11.3151685346499,-42.0672997288555 -11.3151100973203,-42.0674212808617 -11.3149045239815,-42.0676108370436 -11.3148042251432,-42.067658577079 -11.314509261731,-42.0679959323894 -11.3142339033176,-42.0683445634933;-11.3164743348262,-42.0662031265112 -11.3164230899924,-42.0661745285888 -11.3163200276286,-42.0661335753561 -11.3161885981135,-42.0660981893488 -11.3161104445344,-42.0660603016905 -11.3160398556734,-42.0659984926902 -11.3159514407323,-42.0659419571706 -11.315907498888,-42.0659264113066;-11.3142717192574,-42.0700841553395 -11.3139976054492,-42.069631763117 -11.3139477823559,-42.0695966296836 -11.3138758842873,-42.0695951958763 -11.3137957370999,-42.0695633466449 -11.3135371357937,-42.0693873802156;-11.3135371357937,-42.0693873802156 -11.31331823451,-42.0695579875693 -11.3131761135691,-42.0696550535134 -11.3130852867311,-42.0698071794764 -11.3130162242277,-42.0699809754124 -11.3129985425191,-42.0701474439223 -11.3130715544686,-42.0706011606789 -11.3130845052818,-42.070764318371;-11.3130845052818,-42.070764318371 -11.3132821056193,-42.0705581804555 -11.3136972665124,-42.070468675163 -11.3139051396427,-42.0704036071553 -11.3139776047886,-42.0702785616255 -11.3141005536852,-42.0701813241223 -11.3141013225513,-42.0701826558375 -11.3142717192574,-42.0700841553395;-11.315834892996,-42.0692340774451 -11.3158308999253,-42.0689173187237;-11.3155702858228,-42.0699726634956 -11.315808378894,-42.0696137347476 -11.315834892996,-42.0692340774451;-11.3152365507729,-42.0703369415615 -11.3155702858228,-42.0699726634956;-11.313595797202,-42.0693304340675 -11.3138271308273,-42.0694917555445 -11.3138905680581,-42.0695179194536 -11.3139675683114,-42.0695171068253 -11.3140610181738,-42.0695774518845 -11.3143371997548,-42.0700526767933 -11.3144179370832,-42.0700104998271 -11.3145400380282,-42.0700396140947 -11.3150311750804,-42.0703163406505 -11.3152365507729,-42.0703369415615;-11.3132605855946,-42.0745109916369 -11.3137280813996,-42.0736457777682 -11.3138130577015,-42.0733308018864 -11.31384878747,-42.0731027617571 -11.3139055745163,-42.0725953919766;-11.3139055745163,-42.0725953919766 -11.3138915264298,-42.0726217936696 -11.3138164288357,-42.0726424475086 -11.3137552662194,-42.0727184988661 -11.3136971913441,-42.072975034968 -11.3135747485069,-42.073138689021 -11.3134782151482,-42.0733648878511 -11.313402266604,-42.0734979534278 -11.313284265525,-42.0736344927407 -11.3132688000984,-42.0740491884137 -11.3132605855946,-42.0745109916369;-11.3169986181067,-42.0662460786905 -11.316879304329,-42.0664910341216 -11.3167580450454,-42.0668103526019 -11.316693435254,-42.0669166089303 -11.3164308132002,-42.0674952337535 -11.3164394150362,-42.0675383885782;-11.3172356442618,-42.0665632653857 -11.3171746289795,-42.0662729554227 -11.3171066430933,-42.0660638504418 -11.3171069379489,-42.0659904420422 -11.3169986181067,-42.0662460786905;-11.3164394150362,-42.0675383885782 -11.3165229129838,-42.0674720192172 -11.3167171281484,-42.0673857496205 -11.3169068222734,-42.0673471026631 -11.3173684571087,-42.0673264416852 -11.3172924918391,-42.0671330707252 -11.3172356442618,-42.0665632653857;-11.3174924105206,-42.0671869147364 -11.3183688460776,-42.0668701854382;-11.3171629231543,-42.0658900335463 -11.3171623378367,-42.0660514068498 -11.317222653906,-42.0662521259161 -11.3172940761302,-42.0665473919391 -11.3173431255132,-42.0671095689182 -11.3174198767304,-42.067297404514 -11.3174924105206,-42.0671869147364;-11.3173485038295,-42.0654743873078 -11.3171629231543,-42.0658900335463;-11.3158121339569,-42.0681913188938 -11.315900680526,-42.0684053678381 -11.3160068341588,-42.0681249410287 -11.3163577561684,-42.0676902449886 -11.3163931258309,-42.0675908472888 -11.3163714853621,-42.0674951410183 -11.3166410187144,-42.066888141615 -11.3167083285824,-42.0667744709812 -11.3168282852493,-42.066465492503 -11.3169346805871,-42.0662487884752;-11.3166827206001,-42.0662136915422 -11.3165325265129,-42.0662197289413 -11.3164797880304,-42.0663496706756 -11.316484632225,-42.0667416808538 -11.3164184264856,-42.0669686450008 -11.3162720755837,-42.0672054503694 -11.3159947394361,-42.0676806209903 -11.3158907411599,-42.06776794995 -11.3158239832659,-42.067836841754 -11.3158121339569,-42.0681913188938;-11.3169346805871,-42.0662487884752 -11.3168979625264,-42.0662358186177 -11.3166827206001,-42.0662136915422;-11.3137033080126,-42.0682557527099 -11.3131252338365,-42.0680766151419 -11.3118337828677,-42.0676700205789;-11.3130246900359,-42.0708245179633 -11.3130041094847,-42.0706142955309 -11.3129170506551,-42.0701446674636 -11.3129515829351,-42.0699585888297 -11.3130167662672,-42.0697724824322 -11.3131137611668,-42.069603849636 -11.3132758173548,-42.0694857964312 -11.3134926404746,-42.0693146462642 -11.3138118245478,-42.0689880300876 -11.3138616464485,-42.0688834816046 -11.314058867696,-42.0685678457871 -11.314171075127,-42.0684307160258 -11.3141631923901,-42.0683786019253 -11.3137033080126,-42.0682557527099;-11.3124176344383,-42.0712279037889 -11.3130246900359,-42.0708245179633;-11.3178350702358,-42.070426741464 -11.3178167717707,-42.069736628607;-11.3164330059423,-42.070266419696 -11.3165264685293,-42.0702629630065 -11.3171603799226,-42.0704034832784 -11.3178350702358,-42.070426741464;-11.3178167717707,-42.069736628607 -11.3177333269603,-42.0697063835564 -11.3175206147464,-42.069762947515 -11.3172860613131,-42.0698533639646 -11.3167025637035,-42.0701321261082 -11.3164330059423,-42.070266419696;-11.3131377221817,-42.074856962529 -11.3129996175417,-42.0750192447198;-11.3161821334485,-42.074234151072 -11.316125911923,-42.0742731421798 -11.3159621433225,-42.0743245935639 -11.3155905010731,-42.0743629736503 -11.3153684492069,-42.0744241897233 -11.3149384969853,-42.0745777498923 -11.3148726493998,-42.0746652378967 -11.3148068194149,-42.0747368507358 -11.3145754384388,-42.0747809237432 -11.3142984909883,-42.0748619963339 -11.3141091076182,-42.0748936517589 -11.313798337464,-42.0749152113249 -11.3135244156797,-42.0749190112732 -11.3133135365546,-42.0748735307379 -11.3131377221817,-42.074856962529;-11.3175476510533,-42.0733957883867 -11.3175581877308,-42.0735207322653 -11.3175602162992,-42.0737416847705 -11.3174880561701,-42.0739506087052 -11.3174098456581,-42.0741042126885 -11.3172656887806,-42.074221389215 -11.3171449048056,-42.0742669300125 -11.3170029958442,-42.0742473172466 -11.3168574678343,-42.0742031744157 -11.3167493765091,-42.0741754104246 -11.3166264790628,-42.0741724531637 -11.3164772680676,-42.0741918860492 -11.3162967861947,-42.0742245196781 -11.3161821334485,-42.074234151072;-11.318833811944,-42.0736419748243 -11.3175476510533,-42.0733957883867;-11.3175405988764,-42.0733155089888 -11.3188446509088,-42.0735684697044;-11.3178865772436,-42.0697317094436 -11.3178992052647,-42.0704681859368 -11.3178471894417,-42.0711400096669 -11.3177864883632,-42.0717734304147 -11.3176874710805,-42.0721415983068 -11.3176602900347,-42.072388793793 -11.3175990244721,-42.072536169258 -11.3175286002549,-42.0726489868245 -11.3175405988764,-42.0733155089888;-11.3178880871371,-42.0696536339615 -11.3178652053407,-42.0691167084013;-11.3174553133625,-42.0673617371871 -11.317775110032,-42.0677414497456 -11.3178450532566,-42.0680577094705 -11.3178735369339,-42.068346003027 -11.31785558994,-42.0687818397794 -11.3178336919738,-42.0688812440861 -11.3178652053407,-42.0691167084013;-11.3143360321514,-42.0701266418566 -11.3141422869302,-42.0702465062843 -11.3140349020573,-42.0703340150834 -11.3139548458029,-42.0704657275231 -11.3139542125822,-42.0704667693286 -11.3137142000609,-42.0705443132212 -11.3133256378595,-42.0706279233166 -11.3130876250131,-42.0708792113974 -11.3124284860197,-42.0713114224926;-11.3151950012986,-42.0703892215892 -11.3150055776997,-42.0703822009336 -11.314750050633,-42.0702405474573 -11.3145109623152,-42.0701017818147 -11.3144263739899,-42.070085389945 -11.3143360321514,-42.0701266418566;-11.3139068778584,-42.0724643822095 -11.3139426543749,-42.0721798668621 -11.3140487839481,-42.0719124062141 -11.3143274919191,-42.0715258150637 -11.3146480363216,-42.0711392342429 -11.3147963111519,-42.0708835196503 -11.3151950012986,-42.0703892215892;-11.312991364904,-42.0749253927759 -11.3130938216886,-42.0747999139366 -11.3132009210092,-42.0746060541166 -11.3132046537254,-42.0740471667296 -11.3132275389918,-42.07359843209 -11.3133520920336,-42.073455202876 -11.3134156092183,-42.0733369135467 -11.3135059307751,-42.0731040427526 -11.3136334614256,-42.0729397886447 -11.3136938478072,-42.0726875098514 -11.3137841878181,-42.0725733412214 -11.3138683267442,-42.0725505411758 -11.3139068778584,-42.0724643822095;-11.3693459571661,-42.0985190911445 -11.3648113789188,-42.0998104018917;-11.3647788854657,-42.0997065034447 -11.3693090706351,-42.0984032989541;-11.3792017051727,-42.0952656337993 -11.3792091010666,-42.0953784211821;-11.379148035851,-42.0953641417476 -11.3791385839518,-42.0952200002848;-11.3788281442831,-42.0955930290572 -11.378871460373,-42.0958810834995;-11.3792910221175,-42.0958554212472 -11.379789696794,-42.0957654942749;-11.3694293091713,-42.0983775850227 -11.3732244515477,-42.0972915036868 -11.3740332292748,-42.0970652502354;-11.3737617786703,-42.091855843599 -11.3730977677003,-42.0922228307729 -11.3729230009496,-42.0922835652603 -11.3728119579413,-42.0923579465623;-11.3726780263751,-42.0916178996211 -11.3726929956661,-42.0918199770762 -11.3729264994753,-42.0921454147481 -11.3730509919388,-42.0921007199111 -11.3736897918148,-42.0917591582527;-11.3719971357755,-42.0938949179611 -11.3718265994326,-42.094033922002;-11.3717880910909,-42.0939137674392 -11.3719170105339,-42.0938033969314 -11.3723912074915,-42.093331086255;-11.3767298589054,-42.0899974487929 -11.3767157493479,-42.0902738276942 -11.3767274096584,-42.0906398173409 -11.3766265241213,-42.0909852914736 -11.3765833384582,-42.0912600759188 -11.3765105654852,-42.0920377918636 -11.3764484537411,-42.0926744642378 -11.3763866487067,-42.0938604086946 -11.3763539608099,-42.0939556069643 -11.3763499350702,-42.0940768437738 -11.3763793442446,-42.0941775315917 -11.3764761881062,-42.0942842550316 -11.3765529550421,-42.0943321575026 -11.3770559990982,-42.0943248668725 -11.3773778868547,-42.0944169696669 -11.377598012471,-42.0945251281578 -11.3778236431479,-42.0946913836129;-11.3775213735489,-42.0946170700775 -11.3773456108657,-42.0945279235086;-11.376531129374,-42.0909214491295 -11.3766278443956,-42.0906167219446 -11.3766162328899,-42.0902677145652 -11.3766322771774,-42.0899615261734;-11.376173236202,-42.0909769213702 -11.376531129374,-42.0909214491295;-11.376510623441,-42.0910461142808 -11.3761762906526,-42.0911007508584 -11.3758959159119,-42.0911587376543;-11.3722378957515,-42.0936462144739 -11.3719971357755,-42.0938949179611;-11.3773456108657,-42.0945279235086 -11.377050206241,-42.0944466166702 -11.3764973558136,-42.0944584222621 -11.3763891081368,-42.0943879643318 -11.3762746983201,-42.0942349624553 -11.3762414246625,-42.094089051956 -11.3762491680743,-42.093920803366 -11.376282776289,-42.093833598517 -11.3763541675669,-42.0926792683582 -11.3764092602973,-42.0920328487988 -11.3764723538317,-42.0912437769335 -11.376510623441,-42.0910461142808;-11.3725815141208,-42.0927247539458 -11.3724905416267,-42.0933316182537 -11.3725859313332,-42.0934146091615;-11.3723912074915,-42.093331086255 -11.3724645753058,-42.0927012226785 -11.3725360593631,-42.092512777042 -11.3725660204264,-42.0922176970256;-11.378871460373,-42.0958810834995 -11.3792325484957,-42.0958655517699;-11.3728119579413,-42.0923579465623 -11.3726419878096,-42.0925624675665 -11.3725815141208,-42.0927247539458;-11.3711693542979,-42.0923824399691 -11.3710213164968,-42.0918336273972;-11.3711258046575,-42.0916966552482 -11.3711313073428,-42.0918085902651 -11.3712794213886,-42.0923437082077 -11.3717659487816,-42.0939158697465 -11.3717880910909,-42.0939137674392;-11.3716818033229,-42.093968948567 -11.3711693542979,-42.0923824399691;-11.379789696794,-42.0957654942749 -11.3798696054132,-42.0958121280396 -11.3799322668885,-42.0961583264625;-11.379827605528,-42.0961323309796 -11.379785746716,-42.0958870253622 -11.3797568682783,-42.0958686373752 -11.378817247774,-42.0959952279128;-11.3777260275375,-42.0955023451791 -11.3775213735489,-42.0946170700775;-11.3776526776136,-42.0947040019698 -11.3778285582444,-42.0954820752484 -11.3779147118134,-42.0958209646152 -11.3780460060845,-42.0961807726104 -11.3781911864748,-42.0965082602388 -11.3782495911269,-42.0966733664954 -11.3782532828701,-42.09686342173;-11.3781462976118,-42.0967044397309 -11.3779374748277,-42.0962282438133 -11.3778177125225,-42.0958533422084 -11.3777260275375,-42.0955023451791;-11.3741370578356,-42.0970367926664 -11.3742665656683,-42.0970076415144 -11.3746286288621,-42.0969899201423 -11.3763519969926,-42.0969230516297;-11.380035782225,-42.0967669081268 -11.380187842745,-42.096738113396;-11.3712889073391,-42.0903561784083 -11.3713588134169,-42.0904189018767 -11.3721747967293,-42.0909711961621 -11.3723190359513,-42.0911201376666 -11.3726780263751,-42.0916178996211;-11.3795975655519,-42.0967728179434 -11.3799376567916,-42.0967597429378;-11.3794132061004,-42.0963093559788 -11.3789127622531,-42.0963796309785;-11.3789755959111,-42.0968379939049 -11.3794902137692,-42.0967777240793;-11.3782532828701,-42.09686342173 -11.3788823124339,-42.0968458264138;-11.3763519969926,-42.0969230516297 -11.3781591318875,-42.0968666482417 -11.3781462976118,-42.0967044397309;-11.3788872220502,-42.0962835132931 -11.3794226127302,-42.0962194970691 -11.3794661726945,-42.0961718717981;-11.3778236431479,-42.0946913836129 -11.3780804860773,-42.0950229526293 -11.3785832090316,-42.0955658630838 -11.3787649508652,-42.0955056344649 -11.378802286183,-42.0955388702263;-11.3759732424048,-42.091013482363 -11.3759201808468,-42.0909928268146 -11.3756373050713,-42.0910025041911 -11.3755232000502,-42.0909457076191;-11.3745432489295,-42.0894058084224 -11.3751572113803,-42.0904311597593 -11.3753299270654,-42.0908311606683 -11.3755711237163,-42.0908021462258 -11.3756953859837,-42.0908895503442 -11.3759520862262,-42.0908794670896 -11.376173236202,-42.0909769213702;-11.3741277803579,-42.0915462268622 -11.3737617786703,-42.091855843599;-11.3798511731448,-42.0962433359377 -11.3795423414785,-42.0962767751195;-11.369426948255,-42.0980985745902 -11.3697275199627,-42.0975128804225 -11.3698631424075,-42.0972918365309 -11.3699708818505,-42.0971224704077 -11.3701897030091,-42.0967915117189 -11.3704890193594,-42.0963497529482 -11.3709914878574,-42.0956562445514 -11.3712016992891,-42.0953213259108 -11.3713379569895,-42.0950093502923 -11.3714178793217,-42.0946998188833 -11.3714928537533,-42.09432932258 -11.3716139505996,-42.0940372639416 -11.3716818033229,-42.093968948567;-11.3755232000502,-42.0909457076191 -11.3752533325088,-42.0909584180937 -11.3750556491125,-42.0904820985173 -11.3744437638209,-42.0893961534257;-11.3791241031248,-42.0948249602174 -11.3791289983142,-42.0950305581718 -11.3791961597536,-42.0952024914568 -11.3791967446329,-42.0952051200582;-11.3718265994326,-42.094033922002 -11.3717616529349,-42.0940438055942 -11.3716946677013,-42.0941196087263 -11.3716041299388,-42.0943608247511 -11.3715284233889,-42.0947253476883 -11.3714428556303,-42.0950420434975 -11.37128942914,-42.0953918895781 -11.3710720223308,-42.0957377759488 -11.3705726872872,-42.0964309597148 -11.370284516198,-42.0968597369817 -11.3700680312679,-42.0971768500112 -11.369953066687,-42.0973574573154 -11.3698307986557,-42.0975710725337 -11.3694565245578,-42.0982868646674 -11.3694293091713,-42.0983775850227;-11.3712127330198,-42.0908719373452 -11.3712084713755,-42.0904509796742;-11.3748778030462,-42.091331418856 -11.374551348227,-42.0914132477003 -11.3741277803579,-42.0915462268622;-11.3712999254396,-42.0904903930107 -11.3713301273944,-42.0908796356682 -11.3711258046575,-42.0916966552482;-11.3710213164968,-42.0918336273972 -11.3710127452169,-42.0916876583683 -11.3712127330198,-42.0908719373452;-11.3794902137692,-42.0967777240793 -11.3794132061004,-42.0963093559788;-11.3795423414785,-42.0962767751195 -11.3795150235903,-42.0962962015599 -11.3795975655519,-42.0967728179434;-11.3794661726945,-42.0961718717981 -11.379827605528,-42.0961323309796;-11.3793243271272,-42.0952361955801 -11.3792017050806,-42.0952656339242;-11.379196744515,-42.0952051199836 -11.3793076638852,-42.0951784911459;-11.3791566242152,-42.0954270279272 -11.3788281442831,-42.0955930290572;-11.378802286183,-42.0955388702263 -11.3791480359409,-42.0953641415901;-11.3792091008434,-42.0953784193069 -11.3792910221175,-42.0958554212472;-11.3792325484957,-42.0958655517699 -11.379156624104,-42.0954270278714;-11.3791385839518,-42.0952200002848 -11.3790711888317,-42.0950474687772 -11.379069141052,-42.0950372673448 -11.3790641457349,-42.0948274640278;-11.3740332292748,-42.0970652502354 -11.3739029897628,-42.0966764668399 -11.3737683035255,-42.0963437400398 -11.3737002853419,-42.0960605332352 -11.3736330074063,-42.095680041135 -11.3735454402792,-42.0953483565044 -11.3734740717337,-42.0951520983499 -11.373380559799,-42.0949259656703 -11.3732710092544,-42.0946999477511 -11.3731797042859,-42.0945787540323 -11.3730460567394,-42.09450331895 -11.3728312109071,-42.0944768563529 -11.3727089469178,-42.0944406926546 -11.3726143664941,-42.0943593053564 -11.3725698368682,-42.0941579462503 -11.3725102828574,-42.0940397946631 -11.3724280022586,-42.0939373258152 -11.3723354698202,-42.0937548665723 -11.3722378957515,-42.0936462144739;-11.3736897918148,-42.0917591582527 -11.374068196622,-42.0914496355492 -11.374512862707,-42.0912994971073 -11.3748467892749,-42.0912079713246 -11.3753230378603,-42.0911071157526 -11.3754847121547,-42.0911006509215 -11.3758735034387,-42.091041188316 -11.3759732424048,-42.091013482363;-11.3788823124339,-42.0968458264138 -11.3788064880838,-42.0963437271653;-11.3789127622531,-42.0963796309785 -11.3789755959111,-42.0968379939049;-11.3725859313332,-42.0934146091615 -11.372616304684,-42.0939825087484 -11.3726670346782,-42.0941074724064 -11.3727092135252,-42.0942865710978;-11.378817247774,-42.0959952279128 -11.3788872220502,-42.0962835132931;-11.3788064880838,-42.0963437271653 -11.3787110545231,-42.09597384541 -11.3786151197377,-42.0957755206536 -11.3779891325029,-42.0950950857298 -11.3777426936966,-42.0947758974024 -11.3776526776136,-42.0947040019698;-11.3706325072423,-42.0899488386385 -11.3708814150553,-42.0900832428261 -11.3712889073391,-42.0903561784083;-11.3690936957464,-42.0880946948654 -11.3691480894806,-42.0881827652279 -11.3691767368357,-42.088574001057 -11.369225951325,-42.0888725123034 -11.3693092385671,-42.0891889750103 -11.3693981782197,-42.0893662913017 -11.3695074147188,-42.0895208148443 -11.3696247254988,-42.0896239114174 -11.3697772115358,-42.089706800109 -11.3701073115932,-42.0898029413689 -11.3704076524079,-42.0898551332685 -11.3704897160187,-42.0898906005529 -11.3706325072423,-42.0899488386385;-11.3705691365334,-42.0900717433574 -11.3704299357633,-42.0899964265809 -11.3703711581386,-42.089972876875 -11.3700788491864,-42.0899278634377 -11.3697308451202,-42.0898221336667 -11.3695621670007,-42.0897293220583 -11.3694273479358,-42.0895990137721 -11.369337480569,-42.0894669164277;-11.3712084713755,-42.0904509796742 -11.3708173231045,-42.0901978772796 -11.3705691365334,-42.0900717433574;-11.380187842745,-42.096738113396 -11.3839779970643,-42.0952003384753;-11.3725660204264,-42.0922176970256 -11.3725728761957,-42.0918359134968 -11.3725540920786,-42.0916511925414 -11.3722258406549,-42.0911970014557 -11.3721030170165,-42.0910526646877 -11.3712999254396,-42.0904903930107;-11.3727092135252,-42.0942865710978 -11.3727703043435,-42.0943308797677 -11.3728501310758,-42.0943589795415 -11.3730805196144,-42.0943864828165 -11.3732507029647,-42.0944740529023 -11.3733737980059,-42.0946370871478 -11.3734850858107,-42.0948802267866 -11.3735799192948,-42.0951107504581 -11.3736517751225,-42.0953047288074 -11.373747039797,-42.0956506907332 -11.3738177435447,-42.0960367277464 -11.3738857041045,-42.0962949108669 -11.3740103687529,-42.0966295210286 -11.3741370578356,-42.0970367926664;-11.3758959159119,-42.0911587376543 -11.3754834505265,-42.0912334342478 -11.3753413066723,-42.0912262058354 -11.3748778030462,-42.091331418856;-11.3799376567916,-42.0967597429378 -11.3798511731448,-42.0962433359377;-11.3799322668885,-42.0961583264625 -11.3799555320265,-42.0962268291671 -11.380035782225,-42.0967669081268;-11.3741255509168,-42.0971570909637 -11.3732469878935,-42.0973986169932 -11.3694484835306,-42.0984938672239;-11.3769201497959,-42.099161776181 -11.3754663161485,-42.0983137512665 -11.3753722885549,-42.0982315665873 -11.3752982386239,-42.098119895487 -11.3745254320303,-42.0972166606134 -11.3744728302915,-42.097107413826;-11.3798671711277,-42.1015168191594 -11.3798781256625,-42.1016306007291 -11.3798557770328,-42.1017292916344;-11.3810708904041,-42.1010186208399 -11.380189498658,-42.1014975120054 -11.3800716453157,-42.1015766201638 -11.3799695989725,-42.1016656231846 -11.3799265690028,-42.1017904651771;-11.3744728302915,-42.097107413826 -11.374286670619,-42.0971189526937 -11.3741255509168,-42.0971570909637;-11.3790144737788,-42.0991777842817 -11.3790168249394,-42.0992607260134 -11.3790435238041,-42.0993376305792 -11.3792662249744,-42.099806823368 -11.3794264496011,-42.100267927634 -11.3794670134847,-42.10042811125 -11.3795239905635,-42.1005112352306 -11.3796502440118,-42.1007519185359 -11.3799437339603,-42.1014723300669 -11.3799586013651,-42.1015631587434 -11.3800344641653,-42.1014930017614 -11.3801462738151,-42.101424716371;-11.3825010991819,-42.1064075666207 -11.3821936406695,-42.1065619858997 -11.3817463384774,-42.106762402647 -11.381611721009,-42.1067922393197 -11.3815352956757,-42.1067905329419 -11.3811482331379,-42.1069816515553;-11.3801462738151,-42.101424716371 -11.3810301303114,-42.1009529989127;-11.3745616967807,-42.0970904551113 -11.3746055052257,-42.0971750409558 -11.3753802587863,-42.0980576068897 -11.3754502645375,-42.0981606497723 -11.375533342853,-42.09822139007 -11.3769934111586,-42.0990914836491 -11.37708534189,-42.0991777647322 -11.3772339174411,-42.0993879377914 -11.3773051707027,-42.0994650820673 -11.3773852318812,-42.0995416881002 -11.3777747773143,-42.0997977352549 -11.3782532460576,-42.1001575340078 -11.3783616362018,-42.1002625013869 -11.3784632075781,-42.1003745177835 -11.3786183910185,-42.1005560903984 -11.3789951885001,-42.1010689914087 -11.379768512656,-42.1016961324894 -11.3798557770328,-42.1017292916344;-11.3810725346088,-42.1071860811234 -11.3810436440931,-42.1069722018988 -11.3809536271706,-42.1067746973849 -11.3806406384892,-42.1059211120653 -11.3802075216675,-42.104596379891 -11.3801528081162,-42.1043094608154 -11.3801237779399,-42.1040420011363 -11.3800828608225,-42.1038403263082 -11.3800697706668,-42.1037368433675 -11.3800193090599,-42.1034730709584 -11.3798849228847,-42.1031217892853;-11.3798849228847,-42.1031217892853 -11.3798648574712,-42.1028505112418 -11.3798894825051,-42.1025041244359 -11.3798724901551,-42.1023457555354 -11.3798366248222,-42.102186125335 -11.3798273668291,-42.101901120514 -11.3798337360875,-42.1018236893811 -11.379725755323,-42.1017824913792;-11.3798671711277,-42.1015168191594 -11.3795712207249,-42.1008019132663 -11.379443080115,-42.1005633236104 -11.3793871652392,-42.100487303067 -11.3793387962905,-42.1002985799068 -11.3791779232051,-42.0998596509596 -11.37904151626,-42.0995686597394 -11.3789587599283,-42.0993695080206 -11.3789400290569,-42.0992863085649 -11.3789333394719,-42.0991423898722;-11.3763720852709,-42.0970151170928 -11.3746370733936,-42.0970825590057 -11.3745616967807,-42.0970904551113;-11.3820633142918,-42.1085864410875 -11.3816772794015,-42.1078919651402 -11.3815593355807,-42.1078481482388 -11.3812234500508,-42.1072922259104 -11.3810725346088,-42.1071860811234;-11.3799265690028,-42.1017904651771 -11.3799131110694,-42.1019119359821 -11.379930171245,-42.1021811498788 -11.3799664755395,-42.1023304820197 -11.3799735977101,-42.1024947529471 -11.3799457744218,-42.1028472645582 -11.3799777000614,-42.1030965614273 -11.3801008334985,-42.10344251216 -11.3801499560002,-42.1037210313813 -11.3801675124077,-42.1038203250365 -11.3802129437041,-42.1040255114464 -11.3802430721154,-42.1042966539761 -11.3803005370323,-42.1045744047438 -11.3807142797353,-42.1058844197943 -11.3810314724954,-42.1067267667728 -11.3811079923554,-42.1068853643175;-11.3811482331379,-42.1069816515553 -11.3811700854551,-42.1071313762392 -11.3812959171669,-42.1072154648982 -11.3816280873199,-42.1077683806574 -11.3817524354204,-42.1078067567389 -11.3821458377904,-42.1085423461284;-11.379725755323,-42.1017824913792 -11.3791945067914,-42.1013574807298 -11.3789252178748,-42.1011372917849 -11.3785467489522,-42.1006172099301 -11.3783840867895,-42.1004287365485 -11.3782947524854,-42.1003187637439 -11.378189890437,-42.1002246118318 -11.3777210442286,-42.0998676581864 -11.377321842276,-42.0996112745448 -11.3772362995319,-42.099528035518 -11.3771542527722,-42.0994509352572 -11.3770882641597,-42.0993442955961 -11.3770128391584,-42.0992495522803 -11.3769201497959,-42.099161776181;-11.3811079923554,-42.1068853643175 -11.3815226934862,-42.1066950035285 -11.3816212107821,-42.1066986975004 -11.3817205876036,-42.1066753826161 -11.3821579230514,-42.1064853918826 -11.3824716859156,-42.1063257823486;-11.4061748290832,-42.0730219989622 -11.4059101704218,-42.0728777598438;-11.4031761054156,-42.0775249867828 -11.4029615830748,-42.0779686368654 -11.4028405738692,-42.0782885670529 -11.4026183773583,-42.0787750497797 -11.4023600110103,-42.0792026261409 -11.4020533319207,-42.0796632579004 -11.4017959953039,-42.080558041177 -11.4017197915978,-42.0809384535307;-11.4044639673773,-42.0756577150313 -11.4044898647199,-42.0756798650677;-11.4046839318608,-42.075035469013 -11.4044000056891,-42.0751139466763 -11.4040159972129,-42.075191431218 -11.4038310348517,-42.0751648095512 -11.4036011114117,-42.075182084869 -11.4034098307274,-42.0752499319127 -11.4025307204936,-42.0756886953272 -11.4023473142969,-42.0758445884557;-11.4022563978566,-42.0757254177021 -11.4023174771698,-42.0757716536723 -11.4024854858238,-42.0756303014908 -11.4033776769631,-42.0751798282858 -11.4035838720471,-42.0751022662601 -11.4038314441307,-42.0750824335851 -11.4040242588227,-42.075100446839 -11.404384019655,-42.0750373737589 -11.4046820596404,-42.074949284382 -11.4047704668366,-42.0749703326069;-11.4047288256635,-42.0750420161628 -11.4046839318608,-42.075035469013;-11.4047704668366,-42.0749703326069 -11.4050343397398,-42.074777454603 -11.4051795132922,-42.0746476489292 -11.4053968157849,-42.0742691548294 -11.4054832159821,-42.0741496501116 -11.4057805008626,-42.0733690381321 -11.4058962731129,-42.0732301069943 -11.4060252043218,-42.0731174859924 -11.4061748290832,-42.0730219989622;-11.401213156511,-42.0768261174883 -11.4013795496455,-42.0772263012134 -11.4015800109876,-42.0776298775917 -11.4016625388042,-42.077810201735 -11.4017715648613,-42.0779796845788 -11.4018692939153,-42.0781132644883 -11.4019916184297,-42.0782373655475 -11.4021146080373,-42.0783252138778 -11.4023589511456,-42.0785277054403 -11.4024334032181,-42.0785525005556 -11.4026217493651,-42.0785497914563;-11.4025785135877,-42.078638957242 -11.4024242394843,-42.0786410166904 -11.4023365309231,-42.0786126925688 -11.4020604987239,-42.0783932472348 -11.4019291517715,-42.0783047451247 -11.4018007353703,-42.0781700982502 -11.4016957887149,-42.0780295269044 -11.4015886392852,-42.0778548341566 -11.4014937383666,-42.0776663401134 -11.4013004925428,-42.077261469446 -11.4006040679298,-42.0756939541829;-11.4006676476905,-42.0756193100766 -11.4011656696149,-42.076737911592;-11.4016165534556,-42.0809188702015 -11.4017068938156,-42.0805332078322 -11.4019764598771,-42.079621596169 -11.4022837620136,-42.0791575515413 -11.402538741043,-42.0787416391284 -11.4025785135877,-42.078638957242;-11.4026217493651,-42.0785497914563 -11.4027594143794,-42.0782487577235 -11.4028779682282,-42.0779405183957 -11.4030972883434,-42.0774809822757 -11.4034414993277,-42.0769944175827 -11.403682898885,-42.0766459714712 -11.4039982081913,-42.0761438019865;-11.4039982081913,-42.0761438019865 -11.4043833883251,-42.0756431580501 -11.4047288256635,-42.0750420161628;-11.4063857449486,-42.0728928068588 -11.406521702672,-42.0726875761776 -11.4069024764632,-42.0723195232131 -11.4072161052328,-42.0720822303085 -11.4078731638916,-42.0714138960615 -11.4080063557637,-42.0711555850749 -11.4084233858017,-42.0706327211089 -11.4084687089397,-42.0704418485991 -11.4085826271674,-42.0702781625256 -11.4087995873355,-42.0696913853648 -11.4088901109764,-42.069574317187 -11.4091711216124,-42.0690379458667 -11.4092404176463,-42.0687987361544 -11.4093629575988,-42.0686040266607 -11.4094191560238,-42.0683896690052 -11.409555374822,-42.06819012835 -11.4096824076622,-42.0679506745101 -11.4097860262823,-42.0676868342525 -11.4099797304201,-42.0670793676775 -11.409952845909,-42.0668769474838 -11.4100025311789,-42.0666073331474 -11.4103024825307,-42.0655371592208 -11.4103420779524,-42.0653282608728 -11.4106884693952,-42.0643186743511 -11.4109092291596,-42.0633945075372;-11.4110158400817,-42.0633449134013 -11.4107706901206,-42.0643423594532 -11.4104279278032,-42.0653449749151 -11.4103853147946,-42.0655550583966 -11.4100832345726,-42.0666160997356 -11.4100407611988,-42.0668830429111 -11.4100571234978,-42.0670829772993 -11.4098660768281,-42.0677117400278 -11.4097620276151,-42.0679892365892 -11.4096300918279,-42.0682389252599 -11.4094974586437,-42.0684223428302 -11.4094379134952,-42.0686403720699 -11.4093127111144,-42.068829407609 -11.4092477713597,-42.0690698952626 -11.408961896602,-42.0696196407833 -11.4088732527955,-42.0697283902798 -11.4086572608804,-42.0703043184367 -11.4085449405387,-42.07046993818 -11.4084851407278,-42.0706730968366 -11.4080732933032,-42.0711959638714 -11.4079296069391,-42.0714576202648 -11.4072667386938,-42.0721496654287 -11.4069598816199,-42.0723819212526 -11.4065861370356,-42.0727405490849 -11.4064361026174,-42.0729576239318 -11.4060652958673,-42.0731820360159 -11.4059541024961,-42.0732756803347 -11.4058555154137,-42.0734025930542 -11.4055655335373,-42.0741607482216 -11.405467531716,-42.0743052746165 -11.4053163505728,-42.0745864694606 -11.405088408662,-42.0748358749744 -11.4048219153363,-42.0750350568384 -11.4044639673773,-42.0756577150313;-11.4044364835248,-42.0757377807511 -11.4044214037555,-42.0757203805505;-11.4044214037555,-42.0757203805505 -11.404071647015,-42.0761967932067;-11.404071647015,-42.0761967932067 -11.4037632191626,-42.0766806834876 -11.4035163667999,-42.0770370641997 -11.4031761054156,-42.0775249867828;-11.4044898647199,-42.0756798650677 -11.4046236833098,-42.0759832564614 -11.4046588376051,-42.0764334403853 -11.4046719516095,-42.0765981759187 -11.4047355077183,-42.0767836048342 -11.4049734297324,-42.0770323514231 -11.4050738879299,-42.0771074055413;-11.4050139442774,-42.0771871416233 -11.4049043978693,-42.0771112811115 -11.4046507859783,-42.0768305830716 -11.4045853603165,-42.0766177946513 -11.4045648302014,-42.0764365908658 -11.4045443925871,-42.0760086810554 -11.4044364835248,-42.0757377807511;-11.4020231498939,-42.0762347080245 -11.4018757559904,-42.0763803769777 -11.4017283158958,-42.0765260762175 -11.4015941577074,-42.0766210659224 -11.4014254087336,-42.0767207273894 -11.401213156511,-42.0768261174883;-11.4011656696149,-42.076737911592 -11.4013796263551,-42.0766369762284 -11.4015492706361,-42.0765458759006 -11.4016594180632,-42.0764566881691 -11.4018120803414,-42.0763164868082 -11.4019613263305,-42.0761681069574 -11.402259275706,-42.0758334346903 -11.4022234233719,-42.0758104065837;-11.4023473142969,-42.0758445884557 -11.4020231498939,-42.0762347080245;-11.40211067556,-42.0758239576793 -11.4017842548371,-42.0755092011846 -11.4011507747532,-42.0748276837147;-11.4012073713995,-42.0747472486051 -11.401849819683,-42.0754372944515 -11.4021387649884,-42.075722072568 -11.4022563978566,-42.0757254177021;-11.4022234233719,-42.0758104065837 -11.40211067556,-42.0758239576793;-11.4059101704218,-42.0728777598438 -11.4058699822775,-42.0727924996598 -11.4058293159593,-42.0725121021631 -11.4057735243379,-42.0723750825291 -11.4054297272327,-42.071598742775 -11.4051001855163,-42.0707329718656;-11.4051700223904,-42.0706498198911 -11.4055146117714,-42.0715660471913 -11.4058614745809,-42.0723321287873 -11.4059191171168,-42.072504902536 -11.4059555501953,-42.072760686406 -11.4059811800429,-42.0728254308584 -11.4062598276182,-42.0729708303806 -11.4063857449486,-42.0728928068588;-11.402676576679,-42.083306512331 -11.4025592636182,-42.0833159691039;-11.4067866671409,-42.0801606125939 -11.4064708470635,-42.0799482936924 -11.4060839714224,-42.0796094649705 -11.4060413928698,-42.0795614271956 -11.4060312267782,-42.0794866894766 -11.4060541779982,-42.0791393097236 -11.4060827590534,-42.0786732439643 -11.4060567355132,-42.0785516724053 -11.4058660772316,-42.0779421694696 -11.4058512943046,-42.0777940504321 -11.4058512591049,-42.0775972568246 -11.4057332370559,-42.077556083159;-11.4022131823312,-42.08258807583 -11.4022094069878,-42.0825811540633 -11.4019830745148,-42.0819433080031 -11.4017865620081,-42.081621027492;-11.4018304217993,-42.0815969158919 -11.4020271134851,-42.0819194902567 -11.4020293292743,-42.0819241451961 -11.4022551933589,-42.0825606712526 -11.4027282973367,-42.0831739587891;-11.4025592636182,-42.0833159691039 -11.4020325349047,-42.0836507889062 -11.401327424513,-42.0841950846472 -11.4007596217341,-42.0846682536296 -11.3995219079052,-42.0862030187775 -11.3995208131799,-42.0862042868267 -11.3983228859751,-42.0875013528346 -11.3979605945948,-42.087896579795 -11.3975368334054,-42.0885151506306;-11.397493936711,-42.0884892976998 -11.3979203456572,-42.087866861892 -11.3979225412694,-42.0878640978745 -11.3982860598306,-42.0874675321713 -11.3982861230835,-42.0874674634266 -11.3994835133613,-42.0861709787809 -11.4005726253136,-42.0848204799601;-11.4041596986641,-42.088753151623 -11.4046933401982,-42.0882490390383;-11.4006323290127,-42.0847464473732 -11.4007222550757,-42.084634939055 -11.4007257107917,-42.0846314273343 -11.4012957739901,-42.084156374669 -11.4012965022956,-42.0841557904429 -11.4020028849545,-42.0836105126011 -11.4020047499561,-42.08360920409 -11.4025376351198,-42.0832704708852 -11.4025489624669,-42.0832666561631 -11.4026541651952,-42.0832371915313;-11.4073248760537,-42.0809355024606 -11.4071720502132,-42.0807276586124 -11.4070468909941,-42.0804718991404 -11.4069280818541,-42.0802800289949 -11.4068593172933,-42.0802266142704;-11.4026541651952,-42.0832371915313 -11.4022131823312,-42.08258807583;-11.4001902829287,-42.0849551143275 -11.400181087147,-42.0849565176441 -11.4000654221502,-42.0849523867513 -11.4000551340986,-42.0849497633598 -11.3999559926728,-42.0849001926468 -11.3999463285211,-42.0848916344007 -11.3995415010325,-42.0842802622749 -11.3995412620664,-42.0842798944166 -11.3989842745332,-42.0834057898938;-11.3990277881192,-42.0833810341315 -11.3995833111123,-42.0842528402887 -11.3999843289719,-42.084858459097 -11.4000726357851,-42.0849026125036 -11.4001781409732,-42.084906380546 -11.4006323293115,-42.084746447162;-11.4005726253736,-42.084820480045 -11.4001902829287,-42.0849551143275;-11.4039855724593,-42.0852838268599 -11.4039907369731,-42.0850847747476 -11.402676576679,-42.083306512331;-11.4090779899577,-42.0885172385234 -11.4087954374898,-42.0882533635988 -11.4084970007354,-42.0879465162798 -11.4081449295125,-42.0874635766213 -11.4080463956369,-42.0872482576286;-11.4078293206879,-42.0848750169927 -11.4076225759853,-42.084590986338;-11.4040251952654,-42.084982165559 -11.4040474084215,-42.0849437067094 -11.4051740025748,-42.0837633335483;-11.4057332370559,-42.077556083159 -11.4055996236618,-42.0775070779843 -11.4050730303368,-42.077221569842;-11.4039855724593,-42.0852838268599 -11.4038980419092,-42.0853480980948 -11.4036959377672,-42.0854454692267 -11.4032581068667,-42.0854857997772 -11.4030822247553,-42.0855438894266 -11.4026658471005,-42.085801184708 -11.4026000828656,-42.0857667271484;-11.4040026880897,-42.0853883181594 -11.4039410119882,-42.0854258706757 -11.403715635698,-42.0855275818132 -11.4032727020519,-42.0855684596207 -11.4031125246044,-42.0856200988469 -11.4026700217471,-42.0858862317123 -11.4025742042828,-42.085827912254;-11.4046933401982,-42.0882490390383 -11.4044119143942,-42.0877011644764 -11.4044073825059,-42.087586100855 -11.404433439348,-42.087498507653 -11.4044054177301,-42.0871586520495 -11.4043636622672,-42.086787185134 -11.4043029251258,-42.0864390265738 -11.4042622059907,-42.0862184671125 -11.4041315488279,-42.0858888582781 -11.4040518795258,-42.0856086724902 -11.4040026880897,-42.0853883181594;-11.3991091396063,-42.0921118764948 -11.4031384927021,-42.0895125743896 -11.4037965161401,-42.0890575674921 -11.4041596986641,-42.088753151623;-11.4067073373405,-42.0867468612539 -11.4058866678459,-42.0874001515037 -11.4053378679041,-42.0878105569915 -11.4050320755406,-42.0880464829413 -11.4047803831769,-42.0882788770559 -11.4042260164411,-42.0888042348031 -11.4038498471776,-42.0891216771619 -11.4031917315095,-42.089570287647 -11.3991491268173,-42.0921737699007;-11.4080463956369,-42.0872482576286 -11.4079924571132,-42.0872549075301 -11.4078205180349,-42.0873846866912 -11.4076861119422,-42.0874581493814 -11.4075709754126,-42.0874974699091 -11.4074151476563,-42.0875296154756 -11.4073090716213,-42.0874987661448 -11.4071679583457,-42.0873535355435 -11.4067073373405,-42.0867468612539;-11.4027282973367,-42.0831739587891 -11.4034111418329,-42.0827422087392 -11.4039940745703,-42.0823460441896 -11.404395853705,-42.0821286303686 -11.4047639892286,-42.0818483017825 -11.4051449823712,-42.0814575772448 -11.4054278696819,-42.0812741718672 -11.4056860292178,-42.0810512734104 -11.4059191622711,-42.0808751164762 -11.4065119030619,-42.0804086564889 -11.4067866671409,-42.0801606125939;-11.4076225759853,-42.084590986338 -11.4070822736585,-42.0834759281135 -11.407015867486,-42.0833946528398 -11.4066920226904,-42.0829011996503 -11.4066585165731,-42.0828150223195 -11.4064476889466,-42.0824667691485 -11.4053622974007,-42.0836025645498;-11.4061017952393,-42.0864106678129 -11.4062445784423,-42.0864934679687 -11.4065376422376,-42.0867775009442 -11.4069533516518,-42.0864397211316 -11.4071026419472,-42.0862980557094 -11.4072087188352,-42.086165538804 -11.4074864411631,-42.0857799941831 -11.4076865977167,-42.0855330143936 -11.4080483092189,-42.0851126809729 -11.4078293206879,-42.0848750169927;-11.404098412836,-42.085063325746 -11.4047946927011,-42.0857759210898 -11.4049496282432,-42.0859130113318 -11.4051422442147,-42.0860211929071 -11.4061017952393,-42.0864106678129;-11.4053622974007,-42.0836025645498 -11.4052400399052,-42.0838140366715 -11.4041185815959,-42.0850034928835 -11.404098412836,-42.085063325746;-11.4080029085592,-42.0871663032781 -11.4078703965251,-42.0868336864466 -11.4073922260568,-42.0861203791873 -11.4073524934865,-42.0860842577286;-11.4080029085592,-42.0871663032781 -11.4079599443741,-42.087176303074 -11.4077837246229,-42.0873240973902 -11.4076601508815,-42.0873862207374 -11.4075572330876,-42.0874188628387 -11.4074262230465,-42.0874542803231 -11.407343076579,-42.0874374111277 -11.4072232400843,-42.0873150478765 -11.4067623514217,-42.0867045640095;-11.4067623514217,-42.0867045640095 -11.4070052051607,-42.0865044803993 -11.4071680706733,-42.0863510190259 -11.4072731144253,-42.0862061320692 -11.4073524934865,-42.0860842577286;-11.4064742111462,-42.0868356912706 -11.4061926195628,-42.0865692517835 -11.4060642030417,-42.0865046481032 -11.4050912446744,-42.0861051227876 -11.4048926063422,-42.0859907564187 -11.404731093149,-42.0858427039541 -11.4040704666731,-42.0851570084566;-11.4047643171231,-42.0881777069298 -11.4049823634361,-42.0879809186637 -11.4052866365131,-42.0877467212762 -11.4058304171839,-42.0873438351309 -11.4064742111462,-42.0868356912706;-11.4040704666731,-42.0851570084566 -11.4040688349951,-42.0852994214835 -11.4041372849182,-42.0855937460397 -11.4042075888865,-42.0858635421931 -11.4043388473342,-42.0861969160322 -11.4043807484525,-42.0864257777637 -11.4044464622678,-42.08676918853 -11.4044897489516,-42.0871507744905 -11.4045170042469,-42.0875111058019 -11.4044961853588,-42.0875935956788 -11.4044960846928,-42.0876867181826 -11.4047643171231,-42.0881777069298;-11.4051740025748,-42.0837633335483 -11.405293893929,-42.0835509973017 -11.4064088769931,-42.0823808748377 -11.4065072116125,-42.0822548743964 -11.4071126369286,-42.0816945030899 -11.4072055010597,-42.0815388789696 -11.4073095633844,-42.08128248812 -11.4073580740333,-42.0810827693675 -11.407374932755,-42.0809490304324 -11.4073248760537,-42.0809355024606;-11.40277064824,-42.0832358989013 -11.4027596053936,-42.0832785184843 -11.4040251952654,-42.084982165559;-11.4068593172933,-42.0802266142704 -11.4065637180315,-42.0804721000309 -11.4059608110409,-42.0809439968844 -11.4057308062667,-42.0811166619493 -11.4054784206418,-42.0813385033671 -11.4051975272043,-42.0815169310961 -11.404819859264,-42.0819066575937 -11.4044426948607,-42.0821964474721 -11.4040372677069,-42.0824143614119 -11.4034605352444,-42.082818957047 -11.40277064824,-42.0832358989013;-11.4561347330759,-42.015617886396 -11.456006310364,-42.0153780826514 -11.4559675686841,-42.015337276931 -11.4557400464891,-42.0152755982642;-11.4589255297215,-42.0143794214181 -11.4590402457683,-42.0145428248153 -11.4593265377435,-42.01505209827 -11.4594561665247,-42.0151997258296 -11.4594565378208,-42.0152001617763 -11.4595828896218,-42.015410920993 -11.4596342800056,-42.0156674396578;-11.4593897557408,-42.0152516010638 -11.4592541897766,-42.0150953786872 -11.4589689412181,-42.0145839084101 -11.4589129591906,-42.0145056637209;-11.458848149487,-42.014410245869 -11.4585779082686,-42.0139105323401;-11.4586650546874,-42.0139044655247 -11.4589255297215,-42.0143794214181;-11.4597334033469,-42.0157936906576 -11.4595869514201,-42.0157330580094 -11.4593730484724,-42.0156175858464 -11.459022583098,-42.0154802349416 -11.4588901910862,-42.015412332602 -11.4587322407512,-42.0153886080772 -11.4585473467548,-42.0153913374781 -11.4582788338442,-42.0154414044581 -11.4580064800328,-42.0155359797488 -11.4576869897839,-42.0156160342694 -11.4573635201413,-42.0156458003489 -11.4569127315378,-42.01577856294 -11.4567484496584,-42.0158541719878 -11.4563711319329,-42.0161872965065 -11.4562714910766,-42.0163731360414 -11.4560942318952,-42.0167037410267 -11.4560336455576,-42.0168770163381 -11.4559674216331,-42.0169658337005 -11.455856515778,-42.0170844894363 -11.4553501121785,-42.0176723587972 -11.4551590062665,-42.0178472381673 -11.4549228528743,-42.0180173940919 -11.45476262768,-42.0181535337113 -11.4546404839371,-42.0182967688018 -11.4544279981141,-42.0185295264154;-11.4589129591906,-42.0145056637209 -11.4587813831985,-42.0153073770419;-11.4587009216853,-42.0152978017469 -11.458848149487,-42.014410245869;-11.4597504107675,-42.0158850467059 -11.4596500567782,-42.016146755151 -11.4595646723664,-42.0162618248424 -11.4592553888393,-42.0163714066583 -11.4590210933677,-42.0165281082664 -11.4588464312437,-42.0165768648471 -11.4587413308104,-42.0165936483424 -11.4586264317975,-42.0166565707594 -11.4583770824792,-42.0167876145047 -11.458254353054,-42.0168949717476 -11.4581685933251,-42.0170194888661 -11.4580613912448,-42.01712924396 -11.4578476707294,-42.0172948111535 -11.4573943009866,-42.0175560917912 -11.4573286869696,-42.01763221367 -11.457301032051,-42.0177167041668 -11.4573439941004,-42.0182672561142 -11.4576726851595,-42.0188022507698 -11.4577255264053,-42.0188402673177 -11.4590785600264,-42.0189311087445;-11.4588963079522,-42.0189885045531 -11.457688466795,-42.0189173224099 -11.4576057806765,-42.0188627400764 -11.4572442779016,-42.0182915633875 -11.4572348425412,-42.0180456906202 -11.457009179439,-42.0181312563493;-11.4572352045806,-42.0179661357747 -11.457213170174,-42.0176920799102 -11.457260353616,-42.0175800665306 -11.4573355745899,-42.0174895098744 -11.4578023190595,-42.0172212303436 -11.4579975209279,-42.0170719278047 -11.4580940113793,-42.0169707151993 -11.4581874579424,-42.0168345583417 -11.4583231838518,-42.0167203352826 -11.4585755394378,-42.0165943524044 -11.4587096041827,-42.0165065981109 -11.4588177603147,-42.016493665086 -11.4589897078302,-42.0164409227742 -11.4592280561823,-42.0162944737216 -11.4595059766235,-42.0161897561445 -11.4595656839249,-42.0161058852693 -11.4596788472605,-42.0158344442912 -11.4597334033469,-42.0157936906576;-11.4598182617979,-42.0158353593383 -11.4597504107675,-42.0158850467059;-11.462981994166,-42.0157225822186 -11.4630536327494,-42.0156248595915 -11.4631607255325,-42.0155243044915 -11.4633020097229,-42.0154542343609 -11.4634376662892,-42.0154168509602;-11.4560415059839,-42.0153083142699 -11.4560742633517,-42.0153368348062 -11.4562070584151,-42.0155725554025;-11.4543100176536,-42.0185485681629 -11.4545765575151,-42.0182357523905;-11.4634376662892,-42.0154168509602 -11.4639611584842,-42.0154638051908 -11.4645592448322,-42.0155424144059 -11.4650604066503,-42.0151217607513 -11.4654115994555,-42.014841849459 -11.4657838440815,-42.0145569075456;-11.4645527227078,-42.0168096936548 -11.4645820772328,-42.0165805913447 -11.4644986051394,-42.0163129666902;-11.4658300424467,-42.0146224856275 -11.465457524614,-42.0149156795707 -11.4651109933566,-42.0151869851303 -11.4646725794189,-42.0155458421891;-11.4645379148359,-42.0156275386873 -11.4639457027893,-42.0155464249579 -11.4634451062036,-42.0155057571504 -11.4633239787947,-42.0155400051515 -11.463213176053,-42.0155977248036 -11.4631277965196,-42.0156837672761 -11.4630557266818,-42.0157682437944;-11.457009179439,-42.0181312563493 -11.4566567695974,-42.0181333866544 -11.4564744346978,-42.0181033131557 -11.4563490977841,-42.0181139731945 -11.4560993740193,-42.0181520978653 -11.4557958603021,-42.0182192490853 -11.4556294249913,-42.0182287985751 -11.4554727538333,-42.0182772197048 -11.4552756351679,-42.0183861207586 -11.4550246969396,-42.0185023765395 -11.4547208364732,-42.0185810742831 -11.4543344070286,-42.0186250101213 -11.4540692647659,-42.0187106098518 -11.4536108959419,-42.0188275160856 -11.453342203358,-42.0188825700547 -11.4526463481963,-42.0189110036674 -11.452509773175,-42.0189470647448 -11.4519772463006,-42.0192047677593 -11.451583174983,-42.0194653469025 -11.450612821893,-42.0199895212804 -11.450028451382,-42.020346343166 -11.4494731056956,-42.0207178263499 -11.4493458157888,-42.0208286124922 -11.4492457016242,-42.0209397648155 -11.4489039118701,-42.0213733505372 -11.4488039824272,-42.021492975919 -11.4485111668048,-42.0218054501275;-11.4644986051394,-42.0163129666902 -11.4645966067552,-42.0159054511612 -11.4645829477747,-42.015751251514 -11.4645379148359,-42.0156275386873;-11.4646725794189,-42.0155458421891 -11.4646235251061,-42.0155975967158 -11.4646772393497,-42.0157189194276 -11.4646923660094,-42.0159060471075 -11.4645922493118,-42.016317298994 -11.4646721914633,-42.0165650294635 -11.4646348711984,-42.0168500596222;-11.4544279981141,-42.0185295264154 -11.4547186786191,-42.0184939019869 -11.455000392019,-42.0184253937227 -11.4552435126218,-42.0183110673254 -11.4554438616733,-42.0181924657057 -11.4556177563419,-42.0181465902891 -11.4557900655503,-42.0181304766823 -11.4560892896647,-42.0180733953452 -11.4564829758701,-42.0180215125955 -11.4566694492026,-42.0180516334213 -11.4569936695036,-42.0180511861358 -11.4572352045806,-42.0179661357747;-11.4491692531002,-42.0208861435894 -11.4492850880264,-42.020767412941 -11.449420702281,-42.0206508770113 -11.4499647814306,-42.020289140201 -11.4505717177628,-42.0199096349294 -11.4515367964601,-42.0193806161334 -11.4519273818228,-42.0191215532605 -11.4524761332026,-42.0188557272686 -11.4526358266442,-42.0188158533312 -11.4533371396047,-42.0187918669862 -11.4535949514334,-42.0187505427501 -11.4540429706595,-42.0186258368369 -11.4543100176536,-42.0185485681629;-11.4484745010821,-42.0217181269891 -11.4488344210233,-42.0213204688041 -11.4491692531002,-42.0208861435894;-11.4545765575151,-42.0182357523905 -11.4546937153249,-42.0180898688081 -11.4548590816728,-42.0179505102295 -11.455110511762,-42.0177734042297 -11.4552857511921,-42.017613064478 -11.4555876924892,-42.0172681154749 -11.4557815636731,-42.0170271045913 -11.4558941935139,-42.0169069235777 -11.4559461813287,-42.0168262720227 -11.4560112819721,-42.0166680224857 -11.4561831053334,-42.0163253453001 -11.4562998290676,-42.0161388813505 -11.4564654018865,-42.0159937204118 -11.4561347330759,-42.015617886396;-11.4562070584151,-42.0155725554025 -11.4565280338751,-42.0159242776303 -11.4566853653084,-42.0157949023508 -11.4568745951199,-42.015701088857 -11.4573479029485,-42.0155635159949 -11.4576655647601,-42.0155310097322 -11.457978125357,-42.0154625425842 -11.4582578882145,-42.0153620672154 -11.4585392600067,-42.0153049003372 -11.4587009216853,-42.0152978017469;-11.4587813831985,-42.0153073770419 -11.4589058672346,-42.015325465497 -11.4590554582086,-42.015398989448 -11.4594037779205,-42.0155363591015 -11.4595406156723,-42.0156137892811 -11.4594916571613,-42.0154427425596 -11.4593897557408,-42.0152516010638;-11.4596342800056,-42.0156674396578 -11.4598337873216,-42.0157471189365 -11.4601922175153,-42.015811436185 -11.4607942982358,-42.0159404812055 -11.4612396366681,-42.0159592840185 -11.4619811358416,-42.0158236572816 -11.4628375580609,-42.0157238415702 -11.462981994166,-42.0157225822186;-11.4630557266818,-42.0157682437944 -11.4630815757866,-42.0158517646674 -11.4632090939363,-42.0160807397731 -11.4634388811184,-42.0164268699128 -11.4637290885909,-42.0168171163166 -11.4641094343208,-42.0169472206601 -11.4644390138899,-42.0169685793785 -11.4645527227078,-42.0168096936548;-11.4646348711984,-42.0168500596222 -11.4645146335306,-42.0170182193676 -11.4647908232187,-42.0173564212077;-11.4647284465314,-42.0173992220337 -11.4644351934931,-42.01705710331 -11.4640822256039,-42.0170324095929 -11.4636726375916,-42.0168908403762 -11.4633632308158,-42.0164784094451 -11.4631356497042,-42.0161263392959 -11.4631327564026,-42.0161235937283 -11.4630080346169,-42.0158929948743 -11.462972059157,-42.0158122365034 -11.462848603329,-42.0158091302872 -11.4624437822837,-42.0158515150025 -11.4619875370605,-42.0159083553031 -11.4612385355891,-42.0160476541904 -11.460789989834,-42.0160187925191 -11.4598182617979,-42.0158353593383;-11.3316248593903,-42.1306530232166 -11.3326518116104,-42.1339216148426 -11.332778030853,-42.1343945385075;-11.332778030853,-42.1343945385075 -11.3336613019033,-42.1340603742231;-11.3337535172238,-42.1340439883309 -11.3342797934828,-42.1338409880427;-11.3326425532912,-42.1305052561685 -11.3316248593903,-42.1306530232166;-11.3331076156439,-42.1304355869858 -11.3330435210447,-42.1304281909574 -11.3327119558509,-42.130490948588;-11.3336613019033,-42.1340603742231 -11.3326425532912,-42.1305052561685;-11.3342797934828,-42.1338409880427 -11.3336162914996,-42.1319748196088;-11.3327119558509,-42.130490948588 -11.3337535172238,-42.1340439883309;-11.3336162914996,-42.1319748196088 -11.3330963800782,-42.1304768665354 -11.3331076156439,-42.1304355869858;-11.3841345760969,-42.1074588487399 -11.3840811015673,-42.1075847582665 -11.3840075834432,-42.1076958561496 -11.3839389390285,-42.1080072849755 -11.3839251426284,-42.1081649330242;-11.3842700906906,-42.1042271649584 -11.3842870620701,-42.1048060050086;-11.3840007748573,-42.1041612791631 -11.3845723488587,-42.1040945444139;-11.3868944377386,-42.1029728271119 -11.3866193815808,-42.1029953958222;-11.3877929545206,-42.1029262791467 -11.3871469251859,-42.1029319213243 -11.3865968128704,-42.1029657743899;-11.3840286650626,-42.1047720745871 -11.3841869248826,-42.1047674541775;-11.3829172009712,-42.100045012749 -11.382430516487,-42.1002929780555 -11.3821620062718,-42.1004212911319 -11.3818313187334,-42.1006106070979 -11.3811266927372,-42.1009872322727;-11.3841722104318,-42.1042352075357 -11.383997754866,-42.1042514375787;-11.3865968128704,-42.1029657743899 -11.3862653349367,-42.1024678522171;-11.3862653349367,-42.1024678522171 -11.386553085994,-42.1018119490716 -11.3870637030664,-42.100691976819 -11.3872103996839,-42.1005227114911 -11.387362738479,-42.1003957624952 -11.387780259621,-42.1002152128122 -11.3881949596742,-42.0999429777432 -11.388296518871,-42.0998527029017;-11.3862429766267,-42.1025169170264 -11.3861519272886,-42.1027150865303 -11.3860518425122,-42.1028811686954 -11.3858953818559,-42.1030664352453 -11.3856577095546,-42.1033003539095 -11.3853531913602,-42.103544810717 -11.385010220873,-42.1038714623866 -11.3847972244591,-42.1041200111515 -11.3846059386522,-42.1041923858305 -11.3842700906906,-42.1042271649584;-11.3842870620701,-42.1048060050086 -11.3842784881539,-42.1049619372496 -11.3842995203361,-42.1051308694273 -11.3844486800308,-42.1052954149487 -11.3845176464684,-42.1053385582866 -11.3847344233173,-42.1053335791436 -11.3851274183904,-42.1052816690872 -11.3853696646649,-42.1052307312576 -11.3855434214292,-42.1051296089084 -11.3857066712976,-42.105146096792 -11.3858403398116,-42.1051119977051;-11.3867463305767,-42.1031801771385 -11.3865911706928,-42.1030095012662 -11.3862429766267,-42.1025169170264;-11.3810700313373,-42.096484514371 -11.3813156798428,-42.0969059407868 -11.382065138331,-42.0983363961634 -11.38248423288,-42.0990486914908 -11.3829793545457,-42.0999655936923;-11.3828691028442,-42.0999613389263 -11.3823955183704,-42.0990966387103 -11.3819745774745,-42.0983839806334 -11.3812212126935,-42.0969523061806 -11.3809801961395,-42.0965263283155;-11.3781720458442,-42.0969673766875 -11.3764217269553,-42.0970121583964;-11.3789381880547,-42.0969344065044 -11.3782589303991,-42.0969622489916 -11.3784136546575,-42.0976464999708 -11.3784712950838,-42.0977972648428 -11.3785423003527,-42.0979430707678 -11.3789237230877,-42.0985388147195 -11.3789763116725,-42.0986773936989 -11.3790108917025,-42.0990797587286;-11.3839251426284,-42.1081649330242 -11.3839205631847,-42.1083100646821 -11.3838959051551,-42.1085325888502 -11.383767792911,-42.1089060943047 -11.3837383977208,-42.1090998436372 -11.3837430827598,-42.109271258741 -11.3838035616257,-42.1098411222977 -11.3838404925516,-42.1099702225464 -11.3838844513349,-42.1100747788602 -11.3839521659403,-42.1101178152319 -11.3841272429557,-42.1104433621536 -11.3843679784973,-42.1109553223034 -11.3844815466645,-42.1111028406444 -11.384787167872,-42.1113562304836 -11.3848987906318,-42.1115250874124 -11.3849883043291,-42.1117202065038 -11.3850682592185,-42.1119813223609 -11.3852721419129,-42.1122654230688 -11.3859275444858,-42.1125661171451 -11.3866250558054,-42.1129113727126 -11.3871958721192,-42.1130948575426;-11.3869282908041,-42.1029756482007 -11.3868789217502,-42.1030574597758 -11.3867463305767,-42.1031801771385;-11.3867703098315,-42.1031096499186 -11.3866800349899,-42.1030701546754 -11.3866193815808,-42.1029953958222;-11.3866551012316,-42.1084252639859 -11.3863791191645,-42.1084792216526 -11.38606640973,-42.1085594469305 -11.3858542421753,-42.1086480909183 -11.3856305432127,-42.108681641916 -11.3853479693578,-42.1085681917192 -11.3849548258971,-42.1083274765257 -11.3844886961195,-42.1078878077665 -11.3843723344655,-42.1077396026874 -11.3843001266978,-42.1076897921947 -11.3842030121824,-42.1075067058258 -11.3841345760969,-42.1074588487399;-11.3839762570322,-42.0952845183192 -11.3810700313373,-42.096484514371;-11.383840081585,-42.1060062323798 -11.383825134959,-42.1055243278421 -11.3838514260918,-42.1053001375911 -11.3839064678941,-42.1051358211657;-11.3840542610298,-42.1073733651538 -11.3839345383488,-42.1068474306236 -11.3839118439403,-42.1066495803427 -11.3838889584843,-42.1063016466792 -11.383840081585,-42.1060062323798;-11.3829793545457,-42.0999655936923 -11.3830415260968,-42.1000754864712 -11.3830924951921,-42.1002396780722 -11.3833944007728,-42.1006113277933 -11.3834506415947,-42.100657194484 -11.3834901635712,-42.1007595491869 -11.3836422418575,-42.1013725203942 -11.3837996884876,-42.1023781657069 -11.3840214236148,-42.1034789405762 -11.3840008068785,-42.1038598711715 -11.3840007748573,-42.1041612791631;-11.3810885391158,-42.1009246706986 -11.3817905983167,-42.1005390858712 -11.382117029647,-42.1003585751793 -11.382385710391,-42.1002201695719 -11.3828691028442,-42.0999613389263;-11.3825348594566,-42.1063000285984 -11.3830296858606,-42.106092914921 -11.3831111212714,-42.1060185648902 -11.3831752889653,-42.1058598777675 -11.3834754769678,-42.1053535945137 -11.3836387128731,-42.1051863710116 -11.3838007733535,-42.1050797172442 -11.3839218259252,-42.1050433001784 -11.3839486308107,-42.1049643823192 -11.3839288679643,-42.1048259240333;-11.3839064678941,-42.1051358211657 -11.383848759791,-42.1051612352193 -11.3837059987341,-42.1052576866852 -11.3835616794179,-42.1053948794773 -11.383262546198,-42.1058980528532 -11.3831882307525,-42.1060768428057 -11.3830954759549,-42.1061719666241 -11.3825699761967,-42.1063747808366;-11.3840424539698,-42.1048567263306 -11.3840589989937,-42.1049598399616 -11.3840212900767,-42.1050835127637 -11.3839431032084,-42.1053169473563 -11.3839245996933,-42.1055278920636 -11.38393870762,-42.1060087667363 -11.3839823912176,-42.1062902867329 -11.3840086769379,-42.1066505766557 -11.38402939969,-42.1068289077714 -11.3841579844901,-42.1073567980023;-11.3867703098315,-42.1031096499186 -11.3868577635842,-42.1030461754206 -11.3868944377386,-42.1029728271119;-11.3839288679643,-42.1048259240333 -11.3839029228402,-42.1042016062407 -11.3839011015807,-42.1038578090203 -11.3839172322908,-42.1034788690703 -11.3836898221771,-42.1024017440905 -11.3835469254721,-42.1013984240122 -11.3833987340591,-42.1007897986863 -11.3833755264272,-42.10073275259 -11.3833352007597,-42.1007001184727 -11.3830989566979,-42.1007682872452 -11.3830258549373,-42.1007193582208 -11.3829782509388,-42.1003062604537 -11.3829955648686,-42.1002372730982 -11.3829608919076,-42.1001158683326 -11.3829172009712,-42.100045012749;-11.3858764623374,-42.105198384578 -11.3857094976029,-42.1052330072549 -11.3855693165496,-42.1052271133611 -11.3853935474442,-42.1053192430495 -11.3851503709799,-42.105381631995 -11.3847411734641,-42.1054351293428 -11.3844780424474,-42.1054408544451 -11.3843745215715,-42.1053749967001 -11.3841957816621,-42.1051709209787 -11.3841676606742,-42.1049740512535 -11.3841744336274,-42.1048521236726 -11.3840424539698,-42.1048567263306;-11.383997754866,-42.1042514375787 -11.3840286650626,-42.1047720745871;-11.387208076754,-42.1131958994506 -11.3865861740229,-42.1129986607773 -11.3858866845414,-42.1126539141721 -11.3852051798275,-42.1123601516817 -11.3849507584614,-42.1120355403592 -11.3848787128931,-42.1117694706609 -11.3848086177761,-42.1115769330133 -11.3847082995087,-42.1114377193211 -11.384418002156,-42.1111840841908 -11.3842766695246,-42.1110040547094 -11.3840394000462,-42.1104852866657 -11.383875654184,-42.1101876563425 -11.3838144825384,-42.1101406169526 -11.3837501785283,-42.1100093952607 -11.3837078691247,-42.1098750708024 -11.3836423902616,-42.1092772392476 -11.3836358786302,-42.109087515181 -11.3836500225708,-42.1088767107112 -11.3837857055959,-42.1085023857113 -11.3838247472537,-42.1082965734646 -11.3838264211004,-42.1081486440972 -11.383861029566,-42.1079215241012 -11.3839105680945,-42.1076563605656 -11.3839960368631,-42.1075356029477 -11.3840542610298,-42.1073733651538;-11.3845723488587,-42.1040945444139 -11.3847381746474,-42.1040332383009 -11.3849370283429,-42.1038083581283 -11.3852984570389,-42.1034773933137 -11.3855993684187,-42.1032443186236 -11.3858225193186,-42.1030131192765 -11.3859739604802,-42.1028314468831 -11.386077220428,-42.102669423218 -11.3861950033456,-42.1024596215478;-11.3861950033456,-42.1024596215478 -11.386466007222,-42.1017983308253 -11.3869706071361,-42.1006595342978 -11.3871426935527,-42.100462058082 -11.3873260643246,-42.1003238247309 -11.3877548698218,-42.1001573804919 -11.3881554644311,-42.0999034825001 -11.3882908766934,-42.0997821756818;-11.3877887228874,-42.1029643638455 -11.3871483357303,-42.1029615427567 -11.3869282908041,-42.1029756482007;-11.3841579844901,-42.1073567980023 -11.3842909719831,-42.1074458548382 -11.3843873163035,-42.1076219277069 -11.3844429806942,-42.1076570734982 -11.3845683094336,-42.1078167586062 -11.3850185142468,-42.1082347316631 -11.385402363734,-42.1084769038455 -11.3856470356553,-42.1085733560057 -11.3858331281994,-42.1085546164347 -11.3860465174746,-42.1084742837113 -11.3863610580572,-42.1084012816125 -11.3863628622184,-42.1084008854212 -11.3866353278244,-42.1083476152631;-11.3841869248826,-42.1047674541775 -11.3841722104318,-42.1042352075357;-11.3789265043563,-42.0990547782003 -11.3788951430367,-42.0987002583469 -11.3788579505313,-42.0985850252112 -11.3784699427155,-42.0979829618433 -11.3784021146967,-42.0978368525314 -11.3783375708839,-42.0976618364762 -11.3781720458442,-42.0969673766875;-11.3809801961395,-42.0965263283155 -11.3802285464593,-42.0968291120039 -11.3800134346893,-42.0968681791751 -11.3795624653827,-42.0968748262561 -11.3789381880547,-42.0969344065044;-11.4135447228486,-42.0790270802136 -11.4122232543043,-42.0801914311296 -11.4120115246297,-42.0804103479827 -11.4113731455534,-42.0811852935985 -11.4103919124856,-42.0823771399863 -11.4103740862432,-42.0826094963194;-11.4073799166713,-42.0808603890148 -11.4074087613452,-42.0807434845024 -11.4074246339402,-42.0805100152824 -11.4074155777672,-42.080301546313 -11.4073881012967,-42.0797857486424;-11.4095301463251,-42.0832728451401 -11.4093746124272,-42.0831304655233 -11.4091771794936,-42.0829358125843 -11.4089689928988,-42.082722776453 -11.4086710983017,-42.0823939685648 -11.407982811579,-42.0814531535527 -11.4079406819726,-42.0814157562949 -11.4076923384244,-42.0811768835548 -11.4075406511368,-42.0811055934229 -11.407450233005,-42.0810058443915;-11.4075064023238,-42.0787982131465 -11.4068635289083,-42.0783329041296 -11.406503495948,-42.0780942734516 -11.4061552534003,-42.0778220625269 -11.4059410883524,-42.0776565576726;-11.4075937450082,-42.0787971621291 -11.4074851592472,-42.079251683075 -11.4074684467,-42.0796112696529;-11.407450233005,-42.0810058443915 -11.4074454082877,-42.0811056701819 -11.4073906088765,-42.0813057366133 -11.4072867653485,-42.0815859184268 -11.4071780006277,-42.0817447710071 -11.4065705760949,-42.0823203717949 -11.40649819442,-42.082399278348;-11.4074684467,-42.0796112696529 -11.4075104824205,-42.0802902199604 -11.4075157838131,-42.0805123624048 -11.407503080824,-42.0807556299995;-11.4108775892573,-42.0835864231753 -11.4104921103703,-42.0831683798788 -11.4103416888561,-42.0829679040366 -11.4102056242913,-42.0827836779549;-11.4073881012967,-42.0797857486424 -11.4073593198925,-42.0798293079041 -11.4071169010986,-42.0800236762436 -11.406932609706,-42.0801641943111;-11.4051204595005,-42.0771532356306 -11.405636051339,-42.0774244583212 -11.405753902982,-42.0774737442834 -11.4059244622676,-42.077529265945 -11.4062200923698,-42.0777394518251 -11.406559884923,-42.07800570436 -11.4069160151017,-42.0782539236379 -11.4075387895241,-42.0787046461512;-11.407503080824,-42.0807556299995 -11.4074726247069,-42.0808883881109 -11.4075386746787,-42.0809709818162 -11.4075993398876,-42.0810239535022 -11.407746559935,-42.0810893843583 -11.4080047279531,-42.081340332815 -11.4080547599883,-42.0813970625847 -11.408745493758,-42.0823344644826 -11.4090403320046,-42.0826560935202 -11.4092423202573,-42.0828678542908 -11.4095971967652,-42.0832034096955;-11.406932609706,-42.0801641943111 -11.4070023999334,-42.0802250910577 -11.4071223279346,-42.0804302831974 -11.4072536831456,-42.0806906061329 -11.4073799166713,-42.0808603890148;-11.4103740862432,-42.0826094963194 -11.4103189534016,-42.0827217179352 -11.4103175355288,-42.0827640874492 -11.4104265650398,-42.0829201070979 -11.4105713291234,-42.0831063225189 -11.4109473997918,-42.0835263356957;-11.4095971967652,-42.0832034096955 -11.4103137646189,-42.0823410455612 -11.4112867014682,-42.0811360757889;-11.4112867014682,-42.0811360757889 -11.4112655839682,-42.0808845697052 -11.4112457131681,-42.0807751378861 -11.4112029841955,-42.0806726937681 -11.4114548784693,-42.0794013864932 -11.411457519564,-42.0792434117727 -11.4114049208321,-42.0790102278687 -11.4109909938203,-42.0777198239594 -11.4109371796254,-42.0771735174754 -11.4108649620157,-42.0769203363879 -11.4104734993786,-42.0760322680277 -11.4101470077457,-42.0754838613384 -11.4099751731969,-42.0751365835554 -11.4099032776262,-42.074859634527 -11.4098249855849,-42.07462172856;-11.4068546827729,-42.0800949638774 -11.4070482416833,-42.0799368454931 -11.4073009349249,-42.0797304836818 -11.4073729759459,-42.0795928811251;-11.4113660593226,-42.0810442813123 -11.4119437152392,-42.0803448331891 -11.4121522170981,-42.0801262743482 -11.4123169860979,-42.079981489704 -11.4136771277247,-42.0788043431752;-11.4098499383004,-42.0744786575904 -11.4099188366123,-42.0745869128286 -11.4099826910424,-42.0748263755943 -11.4100610885558,-42.0751027657552 -11.4102308675002,-42.0754243770234 -11.410558876407,-42.075990169574 -11.410953003925,-42.0768937551746 -11.4110308289255,-42.0771625144177 -11.4110796449373,-42.0777019421665 -11.4114898650864,-42.0789856907534 -11.4115472858323,-42.0792435430134 -11.4115444868299,-42.0794069719761 -11.4113025679286,-42.0806662548477 -11.4113273277248,-42.080727662533 -11.4113632003065,-42.0808738276429 -11.4113660593226,-42.0810442813123;-11.4081121453251,-42.0850274206839 -11.4088130239238,-42.0841658423943 -11.4095301463251,-42.0832728451401;-11.40649819442,-42.082399278348 -11.4065196489119,-42.0824217749489 -11.4067345792101,-42.082777145031 -11.4067763668948,-42.0828576298384 -11.4070856331898,-42.0833408229103 -11.4071523514119,-42.083424860545 -11.4077020784415,-42.0845437539827 -11.4078930545896,-42.084813733094 -11.4081121453251,-42.0850274206839;-11.4098249855849,-42.07462172856 -11.4097889111919,-42.0745506874329 -11.4095135323701,-42.0747159541337 -11.4093201000387,-42.0751050470555 -11.4090048691728,-42.0756944056071 -11.4086685971811,-42.0762637008586 -11.4085267123687,-42.076570247975 -11.4082955778152,-42.0769929589286 -11.4080925812626,-42.0774036997113 -11.407944556281,-42.0777392978861 -11.4075937450082,-42.0787971621291;-11.4115154758149,-42.0724642011339 -11.4115991820266,-42.072705746776 -11.4113875949859,-42.07290988575 -11.4110818256168,-42.0730955139629 -11.4108800386659,-42.0732577810748 -11.4106573275192,-42.0734640331907 -11.4103628830482,-42.0737710564176 -11.4101115743719,-42.074072349019 -11.4100026024907,-42.0742238519808 -11.4098499383004,-42.0744786575904;-11.4075387895241,-42.0787046461512 -11.407852157341,-42.0777021707041 -11.4080134066144,-42.0773593399633 -11.4082143298185,-42.0769545803015 -11.4084434103802,-42.0765292156664 -11.4085900120265,-42.0762217410324 -11.4089283432169,-42.0756466824345 -11.4092473131612,-42.075058502193 -11.4094364326179,-42.0746654645804 -11.4095831758389,-42.0745415794138 -11.4097678881208,-42.0744457724237 -11.4099234275109,-42.0741724969342 -11.4100336141753,-42.074006204596 -11.4102904929964,-42.0737023729198 -11.4105956370213,-42.0733942515671 -11.4108204503161,-42.073183832524 -11.4110197885414,-42.0730255506842 -11.4113181467952,-42.0728297482875 -11.4114885218466,-42.0726754183606 -11.4114380000582,-42.0724972292089;-11.4075402004981,-42.0858295343471 -11.4074001436043,-42.0860329365596 -11.4074521974203,-42.0860805900957 -11.4079364838602,-42.086800269299 -11.4080920098284,-42.0871877240702 -11.4082034696069,-42.0874239882582 -11.4085604210165,-42.0878965528405 -11.4088524933052,-42.0882021114426 -11.4090753462998,-42.0884149007051;-11.4102056242913,-42.0827836779549 -11.4102163107509,-42.0827035463796 -11.4102835248433,-42.0825837393375 -11.410285385958,-42.0825080659755 -11.4096323244258,-42.0833020239457 -11.4088806352375,-42.084221320164 -11.4081394892544,-42.0851344042824 -11.4077450995016,-42.0855890414932 -11.4075402004981,-42.0858295343471;-11.4073729759459,-42.0795928811251 -11.4073936475299,-42.0792360283703 -11.4075064023238,-42.0787982131465;-11.4059410883524,-42.0776565576726 -11.4059414415875,-42.0777880342459 -11.4059576845044,-42.0779262771199 -11.4061408472872,-42.0785203102099 -11.4061685606287,-42.0786667895429 -11.4061396334342,-42.0791410769364 -11.4061204058366,-42.0794758210815 -11.4061282806009,-42.0795181335088 -11.4061596110266,-42.0795513314759 -11.4065349818079,-42.0798742835706 -11.4068546827729,-42.0800949638774;-11.33691792487,-42.1369119364517 -11.3364498389169,-42.1356074123137;-11.3364498389169,-42.1356074123137 -11.3358035627164,-42.135834403431;-11.3358035627164,-42.135834403431 -11.3362304109296,-42.1371271020371;-11.3362304109296,-42.1371271020371 -11.3367089730725,-42.1369888426612 -11.33691792487,-42.1369119364517;-11.3357117400651,-42.1372601762581 -11.3361438750626,-42.1371504622802;-11.3361438750626,-42.1371504622802 -11.3357064228636,-42.1358541014653;-11.3357064228636,-42.1358541014653 -11.3354205532833,-42.1359551391501;-11.3354205532833,-42.1359551391501 -11.33555176881,-42.1364820138189 -11.3357117400651,-42.1372601762581;-11.3326753770819,-42.1359274075809 -11.3339215800811,-42.1359229949722 -11.3340443120442,-42.1359533196051 -11.3341513241364,-42.1359973192825 -11.3342443784469,-42.136001995937;-11.3342443784469,-42.136001995937 -11.3340813904607,-42.1354520304414;-11.3340813904607,-42.1354520304414 -11.3326753770819,-42.1359274075809;-11.3354254822974,-42.1349622399944 -11.3341497220849,-42.1354299264258;-11.3356799664056,-42.13577033793 -11.3354254822974,-42.1349622399944;-11.3343217972496,-42.1360070894372 -11.3353575088587,-42.1358800442714 -11.3356799664056,-42.13577033793;-11.3341497220849,-42.1354299264258 -11.3343217972496,-42.1360070894372;-11.3357764676213,-42.1357386600619 -11.3364123872147,-42.1355194146875;-11.3355115538802,-42.1349308240392 -11.3357764676213,-42.1357386600619;-11.3361333256875,-42.1347054988625 -11.3355115538802,-42.1349308240392;-11.3364123872147,-42.1355194146875 -11.3361333256875,-42.1347054988625;-11.3217902428832,-42.1385684072609 -11.3218807376,-42.1384535750943;-11.3315730799305,-42.1368155456882 -11.3317707119354,-42.1365720457039 -11.331806748163,-42.1364676015783 -11.3317541492599,-42.1360641772399;-11.3318336613193,-42.1360541589409 -11.3318736158243,-42.1364371942224;-11.3339092955217,-42.1360144982969 -11.3325097798073,-42.1359963548405 -11.3320315331814,-42.1360341526713 -11.3318336613193,-42.1360541589409;-11.3327532230009,-42.1363151013913 -11.3329369897852,-42.1362397985418 -11.3329992641014,-42.1361652558338 -11.3338054828987,-42.1361659796298 -11.3339798251784,-42.1361517563709 -11.3340404470481,-42.1361185526237 -11.3340773444999,-42.1360636542236 -11.3340160351005,-42.1360439897506 -11.3339092955217,-42.1360144982969;-11.3318736158243,-42.1364371942224 -11.3327532230009,-42.1363151013913;-11.3330499560315,-42.1362605717532 -11.3329852256405,-42.1363173987691 -11.3327763904782,-42.1364042562112 -11.3318835395845,-42.1365271256815;-11.331684434994,-42.1375505592335 -11.3319193218662,-42.137447501413 -11.3330191828198,-42.137046517014 -11.3332241579351,-42.1369155203283 -11.3336635337247,-42.1364584769286 -11.3337422571367,-42.1362495578646 -11.3330499560315,-42.1362605717532;-11.3318835395845,-42.1365271256815 -11.331839909887,-42.136632017262 -11.3316342390026,-42.1368743916476 -11.331684434994,-42.1375505592335;-11.3315603552103,-42.1369134489424 -11.3308767289042,-42.1371625399124;-11.3316107848125,-42.1375793482536 -11.3315603552103,-42.1369134489424;-11.3309219232194,-42.1381055196166 -11.3313370019459,-42.1377680439617 -11.3316107848125,-42.1375793482536;-11.3293747408372,-42.1397085620901 -11.3295513513119,-42.1396208009471 -11.3296739095211,-42.139516305147 -11.3298499019446,-42.1394182471144 -11.3301444444277,-42.1391203482732 -11.3303163973316,-42.1388861240776 -11.3304496810432,-42.1387825383868 -11.3305642637525,-42.1387288133706 -11.3306501371959,-42.1386099851245 -11.3307363436393,-42.1385140476842 -11.3308513600388,-42.13821503668 -11.3309219232194,-42.1381055196166;-11.3309207719585,-42.1382371896412 -11.3307934547906,-42.1385414456347 -11.3306007572926,-42.1387858711071 -11.3304852549022,-42.1388472295826 -11.3303601840775,-42.1389442979406 -11.330204005739,-42.1391658634462 -11.3298888528981,-42.1394703348222 -11.3297047193684,-42.1395819712259 -11.3295827240082,-42.1396843664447 -11.3293848060903,-42.1397844294458;-11.3311846982014,-42.1386185453511 -11.3311084967762,-42.1385978655961 -11.3309207719585,-42.1382371896412;-11.3340527759807,-42.1362051642969 -11.3339949455091,-42.1362455798592 -11.3338225741644,-42.136265139563 -11.333734558465,-42.1365043710004 -11.3332686906852,-42.1369798341639 -11.3330570983328,-42.1371150365274 -11.3319512338795,-42.1375129819934 -11.331673881046,-42.1376382440887 -11.3313954348617,-42.1378229506138 -11.3311767628503,-42.1379956013428 -11.330979164255,-42.1381486057025 -11.3309745781578,-42.1381803980749;-11.3340776166553,-42.1365316767113 -11.3340647716383,-42.1362677258282 -11.3340527759807,-42.1362051642969;-11.3353235334252,-42.1359794410346 -11.3348561881879,-42.1360314490837 -11.3348804314414,-42.1364769987683 -11.3340776166553,-42.1365316767113;-11.3356062398739,-42.137282741003 -11.335458361224,-42.1364925248853 -11.3353235334252,-42.1359794410346;-11.3311460969806,-42.1385316525947 -11.3311967099935,-42.1385392797843 -11.3313666768232,-42.1384412926839 -11.3315927062495,-42.1382080519382 -11.3318205972836,-42.1380832154572 -11.3321491590494,-42.1379732677499 -11.3327165831371,-42.1378014273153 -11.3331892974938,-42.1376939423251 -11.3356062398739,-42.137282741003;-11.3309745781578,-42.1381803980749 -11.3311460969806,-42.1385316525947;-11.3347735186044,-42.1360388370431 -11.3343837034767,-42.1360788180818;-11.3347965845883,-42.1363948220611 -11.3347735186044,-42.1360388370431;-11.3344775051445,-42.1364171191788 -11.3347965845883,-42.1363948220611;-11.3343837034767,-42.1360788180818 -11.3344775051445,-42.1364171191788;-11.3343121989267,-42.1360911199399 -11.3341576568346,-42.1360872756093 -11.3341107560007,-42.1361526292303;-11.3344001217807,-42.1364227829892 -11.3343121989267,-42.1360911199399;-11.3341499681733,-42.1364409540289 -11.3344001217807,-42.1364227829892;-11.3341107560007,-42.1361526292303 -11.3341284399217,-42.1362364356384 -11.3341499681733,-42.1364409540289;-11.3315730799305,-42.1368155456882 -11.3308531404819,-42.1370909289214;-11.3218807376,-42.1384535750943 -11.3214848208541,-42.1385530292867 -11.321169585741,-42.1386406800255 -11.3203476678485,-42.1389497642095 -11.3197510277319,-42.1391465939387;-11.3222843147247,-42.1451695391934 -11.3223321113289,-42.1451283724267 -11.3222506115191,-42.1449853633266 -11.3221983286223,-42.1446639772844 -11.3220987677782,-42.144365198211 -11.3220333342976,-42.1440700168813 -11.3220199516803,-42.1438412905258 -11.3219408459749,-42.1435226352668 -11.3219199990834,-42.1433338388803 -11.3218948195785,-42.1432037099603 -11.321624308663,-42.1426231702981 -11.3215690816123,-42.1422012465879 -11.3214275601171,-42.1416823623127 -11.3214288086181,-42.1415207048184 -11.3214469732026,-42.1413457655766 -11.3215197982123,-42.1411736952665 -11.3215536939327,-42.1408491184965 -11.3215463465593,-42.1406012361196 -11.3214500487722,-42.1402702598082 -11.3213839338148,-42.1399533958705 -11.3213613440961,-42.1395864927828 -11.3213605715112,-42.1393111609298 -11.3216153665465,-42.1388358976451 -11.3217902428832,-42.1385684072609;-11.3317541492599,-42.1360641772399 -11.3314992636903,-42.1360912207228 -11.3313238195074,-42.1361882142548 -11.3310271334097,-42.1363279990509 -11.3308902013645,-42.1364421090885 -11.3297291317318,-42.136944193254 -11.3277478962038,-42.1379797418455 -11.3276109641587,-42.1380225331096 -11.3273798913325,-42.1380282386115 -11.3262116898224,-42.1378941593172 -11.3251590247255,-42.1378470889269 -11.3242404389226,-42.1379968583511 -11.3230166087692,-42.1380653243737 -11.3226600149017,-42.1381337903962 -11.3223732575544,-42.1382241260908 -11.3220268714754,-42.1384130956511 -11.3218527084644,-42.1386211811278;-11.3218527084644,-42.1386211811278 -11.3216811029068,-42.1388852678836 -11.3214473297227,-42.1393316182968 -11.3214511154376,-42.1395868074422 -11.3214800164163,-42.1399423999852 -11.3215348112006,-42.1402451891711 -11.3216451817316,-42.1405797928022 -11.3216426866114,-42.1408487824493 -11.3216047311178,-42.1412029963306 -11.3215411900871,-42.1413637721115 -11.3215234890221,-42.1415229260638 -11.3215246167475,-42.141668102945 -11.321661359442,-42.1421917608672 -11.3217210338854,-42.142586301083 -11.3219932862282,-42.1431851709799 -11.3220168762157,-42.1433215370222 -11.3220322535383,-42.143504527161 -11.3221186501022,-42.1438263297875 -11.3221217255668,-42.1438263297875 -11.3221299157271,-42.1440476488851 -11.3221937154255,-42.1443179875261 -11.3222972208661,-42.1446348131557 -11.3223378975723,-42.1449438548126 -11.322425378021,-42.1450962500763 -11.3224177034448,-42.1451551610118;-11.5303667108368,-42.0584899001104 -11.5304522948244,-42.0584488714822 -11.5305385285313,-42.0583751066785 -11.5305944823576,-42.0582363311297 -11.5306355850027,-42.0581776445406 -11.5311925194645,-42.0577894110798 -11.5312663489859,-42.0577118848086;-11.5302667940247,-42.0585387472253 -11.5302492360074,-42.0586074242563 -11.5302409286742,-42.0587728417604 -11.5302777817391,-42.0589552795359 -11.5303436822649,-42.0590810674699 -11.5304304291797,-42.0591922494432 -11.5304856376381,-42.0593370986739 -11.5305496431136,-42.0596381036333 -11.530499120045,-42.0597500681944 -11.5298951383914,-42.0599643067996 -11.5296662367466,-42.060007791244 -11.5295186331931,-42.0600119573734 -11.5293204372807,-42.0599860079441 -11.5292165537666,-42.0599423392885 -11.5290407751195,-42.0599275795849 -11.5288943530031,-42.0599283825289 -11.5286051283815,-42.0599895620434;-11.5277780004375,-42.0581394110478 -11.5278026699436,-42.0583344251865 -11.5278446075634,-42.0584659998816 -11.5280329521955,-42.0588699968335 -11.5282853318797,-42.0593626357505 -11.5283151035271,-42.0593941697842;-11.5286276536014,-42.0600730316778 -11.5289049187913,-42.0600116507099 -11.5290419656381,-42.0600140303756 -11.529200209977,-42.0600392170739 -11.5292887054901,-42.0600673336465 -11.5295125999672,-42.0600973397238 -11.5296786600729,-42.0600914806606 -11.5299164162651,-42.0600495578291 -11.5305680567063,-42.059822231331 -11.5306259923485,-42.0597378319419;-11.5273203301108,-42.060328168626 -11.5274160992255,-42.0601917660897 -11.5282923182574,-42.059566133178 -11.5283081863525,-42.0594790166748;-11.5306259923485,-42.0597378319419 -11.5308341869592,-42.0597478533953 -11.5310407764272,-42.0597344384947;-11.5306367242689,-42.0596492935985 -11.5305626559448,-42.059326641177 -11.5304950691938,-42.0591558683966 -11.5304088563279,-42.0590477151645 -11.5303581872843,-42.0589286102349 -11.530323291166,-42.0587661263022 -11.5303338224702,-42.0586221770116 -11.5303667108368,-42.0584899001104;-11.5283081863525,-42.0594790166748 -11.5282654291741,-42.0594756257392 -11.528205933537,-42.0594127280751 -11.5279585650879,-42.0589174652813 -11.527760691656,-42.0584948496085 -11.527719734358,-42.0583599791478 -11.527687771742,-42.0581190179449;-11.5283151035271,-42.0593941697842 -11.5283580399541,-42.0593897218422 -11.5286640453897,-42.0592389546636 -11.5287881323102,-42.0592342507884;-11.5283826000085,-42.0596220409653 -11.5284658903943,-42.0596073546231 -11.5287733995385,-42.0594223279196 -11.5288187950661,-42.059325199563;-11.5273623911596,-42.0604733566422 -11.5274044281493,-42.0603721750479 -11.5274779554817,-42.0602609206605 -11.5283826000085,-42.0596220409653;-11.5288187950661,-42.059325199563 -11.5298965558031,-42.0587414381878 -11.5299836833976,-42.0586776701601 -11.5302667940247,-42.0585387472253;-11.5310407764272,-42.0596861448529 -11.5308315039791,-42.0597076086937 -11.5306367242689,-42.0596492935985;-11.5287881323102,-42.0592342507884 -11.5298222141359,-42.0586832047306 -11.5298978483852,-42.0586247925252 -11.5303007065437,-42.0584210341505 -11.5303931517367,-42.0583797958612 -11.5304484146888,-42.0583256170128 -11.5305063320315,-42.0581880335926 -11.5305675397734,-42.0581100984832 -11.5311344368354,-42.0577158197193 -11.53124406404,-42.057612066941;-11.5283803785313,-42.0595341211028 -11.5284144957588,-42.0595327896779 -11.528708923975,-42.0593606420616 -11.5287246969003,-42.0593172630586 -11.5286716939275,-42.0593266089128 -11.5283841538602,-42.0594730565981 -11.5283803785313,-42.0595341211028;-11.4870196553905,-42.0380042837784 -11.4863846370098,-42.0378476845199 -11.4860663572512,-42.0377429760402 -11.4857896081018,-42.0376168915052 -11.4854958497721,-42.0374563312455 -11.485229441587,-42.0372737724205 -11.484996978775,-42.0370446302996 -11.4846807316465,-42.0368363286248 -11.4844484406889,-42.0366524383748 -11.4842122880486,-42.0365707235705 -11.4840185474723,-42.0365346198198 -11.4837890801279,-42.0365438520186 -11.4837429504992,-42.03645049139 -11.483629749683,-42.0363221135936 -11.4834159351684,-42.0358710796787 -11.4833652809132,-42.0356457932519 -11.4832999181332,-42.035496488685 -11.4832414942908,-42.0354131031293 -11.4832113131389,-42.0352950699943 -11.4832110017574,-42.035147130714 -11.4832206229763,-42.0349670844789 -11.4833252345996,-42.0345065682656 -11.4833348696606,-42.0344018133633 -11.4833338163513,-42.0342895743836 -11.4833240648919,-42.0339508968008 -11.4832879399127,-42.0336574673918;-11.4830661354521,-42.0369689625133 -11.4836066743016,-42.0368908269268 -11.4837539341461,-42.0367961570557 -11.4837924300253,-42.0366956819381 -11.4840090947844,-42.0366802085853 -11.4841614133043,-42.0367204932537 -11.4843655763902,-42.036788057576 -11.4846011790298,-42.0369474342714 -11.4849042275338,-42.0371611738165 -11.4851487732151,-42.0373786501812 -11.4854274889969,-42.0375777762959 -11.4857239175706,-42.0377534802622 -11.4860153641534,-42.0378832190601 -11.4863430936579,-42.0379961213925 -11.4871308291726,-42.0381874916769;-11.4829964515814,-42.0368346517661 -11.4835541825568,-42.0367566076525 -11.4836357867175,-42.0366969364638 -11.4836594634277,-42.0366184880079 -11.4836186204711,-42.036511027371 -11.4835139681329,-42.0364045640612 -11.4832772662041,-42.0359122836414 -11.4832281263195,-42.0356867301902 -11.4831754966323,-42.035574216792 -11.4831115530531,-42.0354683827009 -11.4830749596184,-42.0353405500445 -11.4830707094104,-42.0351570478685 -11.4830878396401,-42.0349619684731 -11.483188384872,-42.0344872460555 -11.4831981954845,-42.0344011976499 -11.4832005257167,-42.0342992922404 -11.4831841827259,-42.0339586540139 -11.4831582120683,-42.033669679941 -11.4831405847605,-42.0335962768523;-11.4135573081274,-42.079015991277 -11.4135460592861,-42.0790259026735;-11.249719480204,-42.1647949356299 -11.2488884442646,-42.1655863887675 -11.2481984354338,-42.1662779867454 -11.2480053558576,-42.1664591987968;-11.2497816359176,-42.1647337121577 -11.2506655812534,-42.163926708263;-11.2479300095506,-42.1665265917297 -11.2470891058929,-42.1673149791159 -11.2469103008639,-42.1674701556933 -11.246817120922,-42.1675471988024 -11.2467234976749,-42.1676135008397 -11.2465525135054,-42.1677106991757 -11.2463762810824,-42.1677918335624 -11.2462006327094,-42.1678607902883 -11.2460257668636,-42.1679094673832 -11.2454200528491,-42.1680628465339 -11.2448653282838,-42.1682258751506;-11.2497816359176,-42.1647337121577 -11.2496790270546,-42.1644746415692 -11.2496241411172,-42.1643243774385 -11.2494012124164,-42.1640766361238 -11.2491968617504,-42.1638009201497;-11.2480053558576,-42.1664591987968 -11.2479295993528,-42.1663075224793 -11.24787409857,-42.1661551515665 -11.2478166073619,-42.165958942811 -11.2477677723973,-42.16577542468 -11.247703434033,-42.165421662827 -11.2477000705303,-42.1649892811579 -11.2476876161024,-42.1648573592082 -11.2475769293229,-42.1644475885345 -11.2474704770658,-42.1639218185019 -11.2474417086648,-42.1637973648576 -11.2474480605989,-42.1636998434753;-11.2474480605989,-42.1636998434753 -11.2475703766955,-42.1637340521757 -11.2479520551177,-42.1639430370338 -11.2480701271623,-42.1639959743707 -11.2481579031101,-42.1640094560234 -11.2482950787662,-42.164019212315 -11.2484025651283,-42.1640140433122 -11.2490804572002,-42.1638104612718 -11.2491221589767,-42.1638001117086 -11.2491234198069,-42.1638412073731;-11.2491968617504,-42.1638009201497 -11.2492671020079,-42.1638007564433 -11.2497337854173,-42.1638640059043 -11.2498214011449,-42.1638859248252 -11.2502241473776,-42.1640351268915 -11.2503112892039,-42.1640375995506 -11.2503926757223,-42.1640162027467 -11.2506190049322,-42.163906697868 -11.2506486553947,-42.1639066002792 -11.2506655812534,-42.163926708263;-11.2507241265976,-42.1638752896122 -11.2506843276831,-42.1638383850294 -11.2505950334645,-42.1638279045686 -11.2503718790578,-42.1639353731703 -11.2503047491957,-42.163955263897 -11.2502562662263,-42.1639489243799 -11.2498479738474,-42.1638045687667 -11.2497662904773,-42.1637845135924 -11.24927323594,-42.1637171339168 -11.2490745554523,-42.1637198518693 -11.2483881034232,-42.1639274428926 -11.2482825141506,-42.1639360541119 -11.2481783599059,-42.1639269658186 -11.2480909587629,-42.1639123999863 -11.2480011204803,-42.163870966078 -11.2476032457565,-42.163659047506 -11.2474307541282,-42.1636032263727 -11.2473628690614,-42.1635759787922;-11.2479300095506,-42.1665265917297 -11.2478455494102,-42.1663431094909 -11.2477937998344,-42.1661736655716 -11.2477355774578,-42.1659831546226 -11.2476206060037,-42.1654324665187 -11.2476116666627,-42.164996974255 -11.2476019470694,-42.1648744985792 -11.247499344363,-42.1644700184816 -11.2473851266029,-42.1639438587749 -11.2473585716709,-42.1638074530959 -11.247357071965,-42.1637229401848 -11.2473698162725,-42.163658693669 -11.2472993594202,-42.1636398130166;-11.2491234198069,-42.1638412073731 -11.2493352438044,-42.1641242767469 -11.2495494910516,-42.1643644911945 -11.2496013809426,-42.1645122619293 -11.249719480204,-42.1647949356299;-11.2480959134914,-42.1614027731539 -11.2486061127134,-42.1612448664472 -11.2497395536378,-42.1610961867043 -11.2500024032006,-42.1610774737165 -11.2511693209112,-42.1609478134105 -11.25270026096,-42.1608050986602 -11.2542304413013,-42.1606375523521 -11.2542835518887,-42.1606513561467;-11.254221405452,-42.1607145918246 -11.2533043272295,-42.1608109000027 -11.2512484686124,-42.161105347435 -11.2508133837056,-42.1611199876555 -11.2504295984087,-42.1611672904881 -11.2499897173443,-42.1611649556036 -11.2497454516996,-42.1611824348074 -11.248626886586,-42.161320571586 -11.2480674676509,-42.1614928231622;-11.2473628690614,-42.1635759787922 -11.2473666575676,-42.1635360799629 -11.2475765177227,-42.1628302003403 -11.2477742946626,-42.1621571466161 -11.2479362852143,-42.1618272226395 -11.2480674676509,-42.1614928231622;-11.2580280614982,-42.1558911457563 -11.2583282555502,-42.1557360123759 -11.2591055881443,-42.1552259123317;-11.2580280614982,-42.1558911457563 -11.257896076809,-42.1555585059599 -11.2580332619853,-42.1554654623824 -11.2574641766309,-42.1538842441495;-11.2574641766309,-42.1538842441495 -11.2581946093829,-42.1539155660869;-11.2591055881443,-42.1552259123317 -11.2581946093829,-42.1539155660869;-11.254221405452,-42.1607145918246 -11.2533257974265,-42.1615303368871 -11.2513605414391,-42.1632922870729 -11.2507241265976,-42.1638752896122;-11.2583688736882,-42.1576084227337 -11.2581496165358,-42.1570727042624 -11.2581022877979,-42.1569206008003 -11.2580894126233,-42.1568107806992 -11.2580955591592,-42.1566805735101 -11.2580932488768,-42.1564505272018 -11.2580571264234,-42.1562313992392 -11.2579636300332,-42.155983096125 -11.2577927049317,-42.155543048033 -11.257061074248,-42.15384552596 -11.2567552149475,-42.1536311331965 -11.2565791161998,-42.1532517198242 -11.256405991981,-42.1526688023678 -11.2561006075104,-42.1520099390634 -11.2560102574686,-42.1517224507816 -11.2553998826427,-42.1503505126272 -11.2552778731824,-42.1501724994655 -11.2550297602273,-42.1496940280494 -11.2548166219226,-42.1491887492071 -11.2547621691451,-42.1489013599405 -11.2545902775568,-42.1485233454585 -11.2544543304186,-42.1482809657002;-11.2577025416567,-42.1582915912083 -11.2554975277159,-42.1595867112629 -11.2547231774759,-42.1602485122191 -11.2542835518887,-42.1606513561467;-11.2583688736882,-42.1576084227337 -11.2581277968738,-42.1577238820236 -11.2578470411771,-42.1578325330568 -11.2575366957072,-42.1580092970999 -11.2577025416567,-42.1582915912083;-11.2584719231969,-42.1578499128497 -11.2582873767486,-42.15795456644;-11.2582873767486,-42.15795456644 -11.2581997126726,-42.1577807893938;-11.2581997126726,-42.1577807893938 -11.2583979078321,-42.1576810955121;-11.2583979078321,-42.1576810955121 -11.2584719231969,-42.1578499128497;-11.2582167018764,-42.1579953650391 -11.2577701450196,-42.1582564308602;-11.2577701450196,-42.1582564308602 -11.2576505641778,-42.1580448871745;-11.2576505641778,-42.1580448871745 -11.2578776331099,-42.1579074598147 -11.2581271422021,-42.1578086315265;-11.2581271422021,-42.1578086315265 -11.2582167018764,-42.1579953650391;-11.256832612664,-42.1535653785407 -11.2570985100544,-42.1537491913321 -11.2577172178936,-42.153782938359;-11.2554805077823,-42.1503303019417 -11.2560955482321,-42.151695069356 -11.2561884087786,-42.1519828982356 -11.2564871305934,-42.152627228262 -11.256671808585,-42.1532260305498 -11.256832612664,-42.1535653785407;-11.2575248276282,-42.1496108867103 -11.2568774031647,-42.1496968106735 -11.2566929599307,-42.1497448583692 -11.2563906178723,-42.1498527253656 -11.2561025946103,-42.1500276073886 -11.2554949094112,-42.1502879232709 -11.2554805077823,-42.1503303019417;-11.2577172178936,-42.153782938359 -11.2577085933622,-42.1534975724135 -11.257772533825,-42.1532422523308 -11.2578661537041,-42.1516490978124 -11.2579043489572,-42.1508569957115 -11.2575248276282,-42.1496108867103;-11.2577667265499,-42.1537686124867 -11.2579129286756,-42.1537667591309;-11.2577667265499,-42.1537686124867 -11.2577625227512,-42.1535274777562;-11.2577625227512,-42.1535274777562 -11.2579060701198,-42.1535255303943;-11.2579060701198,-42.1535255303943 -11.2579129286756,-42.1537667591309;-11.2578527390817,-42.1554730129705 -11.2579320539657,-42.1554273473872;-11.2578527390817,-42.1554730129705 -11.2571620495348,-42.1538775618085;-11.2573368685866,-42.1538364022729 -11.2571620495348,-42.1538775618085;-11.2579320539657,-42.1554273473872 -11.2573368685866,-42.1538364022729;-11.2575028859891,-42.1495188388735 -11.2568687116926,-42.1496122148615 -11.2566621113692,-42.1496580823605 -11.2563458234486,-42.1497798035654 -11.2560582899009,-42.149949364455 -11.255412099059,-42.150227448132;-11.255412099059,-42.150227448132 -11.2553439334618,-42.1501249466373 -11.2549011886652,-42.1491698458622 -11.2548520486944,-42.1489181681049;-11.2548520486944,-42.1489181681049 -11.2569610429817,-42.1475063560607;-11.2569610429817,-42.1475063560607 -11.2575028859891,-42.1495188388735;-11.2545084919708,-42.14821011409 -11.254664576252,-42.1484826296309 -11.2548211343633,-42.1488180931614 -11.2569790825833,-42.1473823076412 -11.2570145066213,-42.1472957487861 -11.2570056067663,-42.1471962456162 -11.2568498700299,-42.1469144630948 -11.2567262960046,-42.1467337941198;-11.2595303212859,-42.1527669952649 -11.2594544989356,-42.1537538718704;-11.2594527027769,-42.1538582675559 -11.2594476912094,-42.1540246653818 -11.2594655959021,-42.1542265630546 -11.2594536178042,-42.1545359713706 -11.2594177836434,-42.1546720488149;-11.2593170803939,-42.1546291883914 -11.2593613933098,-42.1545215310596 -11.2593785923218,-42.1542391387267 -11.2593565272353,-42.1540159181262 -11.2593617600429,-42.153942658941;-11.2606011882394,-42.1555585152172 -11.2601251797924,-42.1551641042254;-11.2600479088168,-42.1551136124409 -11.259366531636,-42.1547562334875;-11.2586627726393,-42.1544249753003 -11.2593170803939,-42.1546291883914;-11.2610461078489,-42.1560019191389 -11.2612407547853,-42.1558658703252 -11.2613053726528,-42.1557640619602;-11.2601564120832,-42.1565977614611 -11.2602974257192,-42.1564917737745 -11.2607311102498,-42.1561951334851;-11.2603847251774,-42.1527748056256 -11.2603069172823,-42.1527049348882 -11.2596770484317,-42.1527058104 -11.2595303211737,-42.15276699542;-11.2594476645374,-42.1527985071548 -11.257967761309,-42.1533434045295 -11.2579220788679,-42.1533702103413;-11.2607527871466,-42.1537061913303 -11.2604369852515,-42.1527766369447 -11.2603847251774,-42.1527748056256;-11.2594544989356,-42.1537538718704 -11.2599270592878,-42.153759011162 -11.2607527871466,-42.1537061913303;-11.2590103485332,-42.1539347753849 -11.2589555937126,-42.1538669306478 -11.2588950127817,-42.1533935422278;-11.2589717178331,-42.1533938186217 -11.2590368604119,-42.1538166445082;-11.2579515603847,-42.1516297811479 -11.2592326974557,-42.1521282370128;-11.2596086330908,-42.1526476627157 -11.2593677336081,-42.1525048453385 -11.259258303093,-42.1523001152474 -11.2591794570098,-42.1522153453318 -11.2579429682584,-42.151718289535;-11.2605251825796,-42.1527647261481 -11.2608577382391,-42.1537196596917;-11.2600726556814,-42.1550174012662 -11.2602221093995,-42.1548336667636 -11.2603410666537,-42.1546714381813 -11.2604654117408,-42.1545203532682 -11.2606189021822,-42.1544367864012 -11.2609964118228,-42.1541671207027 -11.2610346765171,-42.1541310958404;-11.2611029566651,-42.154042448742 -11.261242394438,-42.1538920539061 -11.2614186290175,-42.1535000310041 -11.261752226556,-42.1526446244391;-11.2617972748745,-42.1525319327813 -11.2620795809665,-42.1517709868212 -11.2624197697133,-42.1510303442394 -11.2626797636798,-42.1506167449577;-11.2627318078372,-42.1505458468084 -11.2632630192269,-42.1498823983521;-11.2579792327621,-42.1508124185913 -11.2576050444664,-42.1495462759687 -11.2570485989855,-42.1475033446222 -11.257061779058,-42.1474083325368 -11.2570922634325,-42.1473013926731 -11.2570987408114,-42.1471900632605 -11.2569194762736,-42.1468709278191 -11.2568312658618,-42.1467373520948;-11.2579515603847,-42.1516297811479 -11.2579836820407,-42.1508928094373;-11.257877791741,-42.1532929439491 -11.2578497408656,-42.1532199455645 -11.2579429682584,-42.151718289535;-11.2586627726393,-42.1544249753003 -11.2579220788679,-42.1533702103413;-11.2596338160452,-42.155830734906 -11.2590488906809,-42.154986337554;-11.2601564120832,-42.1565977614611 -11.2596833540739,-42.155914141963;-11.2597221635574,-42.1495688532042 -11.2598581770744,-42.1496317823645;-11.2626797636798,-42.1506167449577 -11.2626010434812,-42.1505559641825 -11.2624311901528,-42.1504883552106 -11.2623044783238,-42.1504243305719 -11.2622289213754,-42.1504275650023 -11.2618184397652,-42.1502752630891 -11.2614604360575,-42.150202093956 -11.2610906229479,-42.1501304634931 -11.260316424058,-42.1498826468776 -11.2598225907248,-42.1497197254551 -11.2597529723687,-42.1496836679639;-11.2611243846203,-42.1541666508407 -11.2610483921934,-42.1542410460571 -11.2606647726229,-42.1545109638045 -11.2605342948078,-42.154590807121 -11.260418623683,-42.1547171295875 -11.2602883756383,-42.1548954810668 -11.2601562781723,-42.155077529412;-11.2601251797924,-42.1551641042254 -11.2599082369212,-42.1556047736258 -11.2598648357358,-42.1557482729463 -11.2597650090686,-42.1558659768225 -11.2596833540739,-42.155914141963;-11.2603800197568,-42.1526458568491 -11.2604451935591,-42.152680176753 -11.2605297170521,-42.1526641769814 -11.2617972748745,-42.1525319327813;-11.2596998207871,-42.1526161368748 -11.2602887872546,-42.1526105705566;-11.257877791741,-42.1532929439491 -11.2579293038141,-42.1532669873114 -11.2594777187462,-42.152702253669 -11.2596086331253,-42.152647662593;-11.2602938673813,-42.1525807405196 -11.2601614864305,-42.1521007931496 -11.2601497729335,-42.1519160507165 -11.2601074541551,-42.1516810358069 -11.2600584298448,-42.1515551867139 -11.259968150199,-42.151045962031 -11.2598819817714,-42.1507387937521;-11.2590025480722,-42.154891869334 -11.2592642856558,-42.15471143287;-11.2587785528454,-42.1545750817302 -11.2592642856558,-42.15471143287;-11.2590025480722,-42.154891869334 -11.2587785528454,-42.1545750817302;-11.261752226556,-42.1526446244391 -11.2605251825796,-42.1527647261481;-11.2598573272215,-42.1506431733455 -11.2597799534691,-42.1503346395125 -11.2596883937675,-42.1498193262997 -11.2595385457837,-42.14908196909 -11.2595254622441,-42.1482255851857;-11.2596134791757,-42.1482769974534 -11.2596221766262,-42.1490788165722 -11.2597221635574,-42.1495688532042;-11.2596338160452,-42.155830734906 -11.2596985633425,-42.1558061274968 -11.2597816087255,-42.1557019491192 -11.2598261703039,-42.1555698302214 -11.2600479088168,-42.1551136124409;-11.2597529723687,-42.1496836679639 -11.259774637994,-42.1497857638988 -11.2598690353502,-42.1503167793406 -11.2600520427948,-42.1510283476816 -11.26014701557,-42.1515393878538 -11.260190186836,-42.1516504217316 -11.2602471611864,-42.1519015416008 -11.2602513990588,-42.1520870988002 -11.2603833582502,-42.1525792666627 -11.2603800197568,-42.1526458568491;-11.2602887872546,-42.1526105705566 -11.2602938673813,-42.1525807405196;-11.2598819817714,-42.1507387937521 -11.2591589256758,-42.1508815271579 -11.2585696710195,-42.1509325212684 -11.2582054539194,-42.1508774173922 -11.2579836820406,-42.1508928094373;-11.2579792327621,-42.1508124185913 -11.2582009724567,-42.1507857492427 -11.2585687931087,-42.1508374583447 -11.2588661432268,-42.1508133413773 -11.2591502711161,-42.1507830788798 -11.2598573272215,-42.1506431733455;-11.2598581770744,-42.1496317823645 -11.2603459233122,-42.1498029295339 -11.2611047750715,-42.1500414895738 -11.2614746748633,-42.1501140221874 -11.26184068384,-42.1501927933102 -11.2622366357743,-42.1503398079343 -11.2623130541013,-42.1503321817764 -11.2624688179006,-42.1504190693705 -11.2626466628963,-42.1504811625939 -11.2627318079845,-42.1505458467853;-11.259366531636,-42.1547562334875 -11.2590488906809,-42.154986337554;-11.2594177836434,-42.1546720488149 -11.2600726556814,-42.1550174012662;-11.2601562781723,-42.155077529412 -11.2606553675737,-42.1554993026845 -11.2608392362956,-42.1557107030785 -11.2610461078489,-42.1560019191389;-11.2609600371118,-42.1560513882286 -11.2607719082212,-42.1557661870788 -11.2606011882394,-42.1555585152172;-11.2590368604119,-42.1538166445082 -11.25907142593,-42.1538596892605 -11.2593665008947,-42.1538576914239;-11.2593617600429,-42.153942658941 -11.2590103485332,-42.1539347753849;-11.2592326974557,-42.1521282370128 -11.2593385955205,-42.1522440765117 -11.2595165999936,-42.1523549277192 -11.2596998207871,-42.1526161368748;-11.2607311102498,-42.1561951334851 -11.2609600371118,-42.1560513882286;-11.2607926685369,-42.1538126148807 -11.2599204354872,-42.1538528101961 -11.2594527027769,-42.1538582675559;-11.2608577382391,-42.1537196596917 -11.2610091880692,-42.1540327164936 -11.2611029566651,-42.154042448742;-11.2613053726528,-42.1557640619602 -11.2612127715226,-42.1549246462875 -11.2611521099276,-42.1542154759494 -11.2611243846203,-42.1541666508407;-11.2610346765171,-42.1541310958404 -11.2609444143846,-42.1541274838036 -11.2607926685369,-42.1538126148807;-11.2593665008947,-42.1538576914239 -11.2594476644427,-42.1527985070831;-11.2584636237622,-42.1576115458518 -11.2587910215002,-42.15744630009;-11.2587910136765,-42.1574463041508 -11.2592726479468,-42.1571893381376 -11.2592728407444,-42.157189396783;-11.26008433796,-42.1572237549467 -11.260338598892,-42.1571118748969 -11.2601346087626,-42.1567387309933;-11.2592736112152,-42.1572794982524 -11.2588566590135,-42.1575019544843;-11.2479290792148,-42.169062687451 -11.2478754496782,-42.1686564150583 -11.2477404065888,-42.1684268957533 -11.247602080768,-42.16815333156 -11.2473927635289,-42.16790891105 -11.2472202723374,-42.1676310136049 -11.2471850628786,-42.167507525354 -11.2471129993121,-42.1674014251663;-11.2587840875999,-42.1575394121984 -11.2584851949062,-42.157690270757;-11.2454744712283,-42.1681402056508 -11.245581823632,-42.1688377994154 -11.2456309915333,-42.1688955297642 -11.2457910292906,-42.1689052190759;-11.2457869538277,-42.1689981144973 -11.2455847424151,-42.168987184364 -11.2455045735382,-42.1688740645671 -11.2453981395703,-42.1681603729303;-11.2474606779813,-42.1678584957546 -11.2476716824498,-42.1681079853706 -11.2478066877943,-42.1683777336863 -11.2479529827559,-42.1686301251973 -11.2480057011888,-42.1690532842018;-11.2597296249538,-42.1561339137624 -11.2591657918585,-42.1553129109767;-11.2621376516348,-42.1576190155607 -11.2621746361375,-42.1575304218009 -11.2621697507175,-42.1572298445781;-11.2601963043162,-42.1566850640067 -11.2604090491858,-42.1570680742357 -11.2617355034576,-42.156449744214;-11.2696903973904,-42.1675606469794 -11.2694889747996,-42.1673341135086 -11.2688673421938,-42.1663805143775 -11.2688284860255,-42.1663327129444 -11.2687634286759,-42.1663100145578 -11.2683439765315,-42.1661681599363 -11.2682481017053,-42.1661061343055 -11.2681641193678,-42.1660515310176 -11.2679777377085,-42.1658260353248 -11.267846839763,-42.1656170141735 -11.2667750074395,-42.1641244802839 -11.2661343338082,-42.1632906640421 -11.2657977233207,-42.1628572816693 -11.2653883989961,-42.1622429983336;-11.2593443676351,-42.1572420602523 -11.2594560344789,-42.1574725664601;-11.2594560344789,-42.1574725664601 -11.260011124263,-42.1572560087118;-11.2597827712084,-42.1562061146128 -11.2600921447598,-42.1566688480635;-11.2453981395703,-42.1681603729303 -11.2448036542641,-42.1683284163354;-11.2624595745902,-42.1583608840241 -11.2622502140361,-42.1581016046901 -11.2621733623831,-42.1579647995627 -11.2621344491822,-42.1578234670568 -11.2621376516348,-42.1576190155607 -11.2621370335518,-42.1575961875652;-11.2588292993036,-42.1577002649082 -11.2587840874813,-42.1575394121462;-11.2588566590761,-42.1575019543376 -11.2589044143439,-42.1576718560654;-11.2645003005402,-42.1610139891056 -11.2636054894782,-42.1597807558175 -11.2634366460993,-42.1594025229439 -11.2624595745902,-42.1583608840241 -11.2624357678209,-42.1583394592741;-11.2584636237622,-42.1576115458518 -11.2582275489868,-42.1570483052635 -11.2581792027205,-42.1569049121637 -11.2581716989,-42.1568041515545 -11.2581885835706,-42.1566764085745 -11.258180831656,-42.1564435643071;-11.2589044143439,-42.1576718560654 -11.2593809536283,-42.157501078064;-11.2584851949062,-42.157690270757 -11.2585343781875,-42.1578214456084 -11.2588292993036,-42.1577002649082;-11.2471710487545,-42.1673607523749 -11.2482568765623,-42.1663292851079 -11.2489510710923,-42.1656407604084 -11.249796031073,-42.1648439310931 -11.2507555053641,-42.1639632490737 -11.25141369727,-42.1633474219116 -11.2533881114165,-42.1615934429641 -11.2547931311434,-42.1603202061463 -11.2555520793408,-42.1596672335184 -11.2585317594894,-42.1579013571507 -11.2594530463689,-42.1575642106305 -11.2600759634148,-42.1573195504312 -11.2602697242555,-42.1572238361573 -11.2617626526361,-42.1565261754431;-11.2621697507175,-42.1572298445781 -11.2621577335569,-42.1570969276051 -11.2619889198262,-42.1567841757623 -11.2617626526361,-42.1565261754431;-11.2471129993121,-42.1674014251663 -11.2469628340449,-42.1675356700507 -11.2468796946298,-42.1676179575523 -11.2467704133634,-42.1676866022788 -11.2466008403349,-42.1677876308919 -11.2464112277483,-42.1678832316437 -11.2462187345417,-42.1679486536492 -11.2460436229408,-42.1680010258837 -11.2454744712283,-42.1681402056508;-11.2617719758279,-42.1562786292314 -11.2615772044034,-42.1559053382372;-11.2617355034576,-42.156449744214 -11.2617719758279,-42.1562786292314;-11.2586334479076,-42.1567878230359 -11.2585341525303,-42.1567664292112 -11.2584156991057,-42.1566648910551 -11.2582961367697,-42.1565319380417 -11.2581575196569,-42.1563259926157 -11.258180831656,-42.1564435643071;-11.2580588401216,-42.1559869903155 -11.258139829236,-42.1562013557196 -11.2582276588724,-42.1562953068492 -11.258353797962,-42.1564747243189 -11.2584672862084,-42.1565987522715 -11.2585749018782,-42.1566938592062 -11.2586310069012,-42.156705300994 -11.2597296249538,-42.1561339137624;-11.2597827712084,-42.1562061146128 -11.2586334479076,-42.1567878230359;-11.2653247785919,-42.1621604232183 -11.2645003005402,-42.1610139891056;-11.264839514766,-42.1627502309959 -11.2642904321191,-42.1633074271892 -11.264074818278,-42.1635892540333 -11.2638657185898,-42.1640956369569 -11.2638119776108,-42.16426865951 -11.2637290852035,-42.1642928834448 -11.2622789497409,-42.1630090986241;-11.2599455586687,-42.1569164938355 -11.26008433796,-42.1572237549467;-11.2600111242629,-42.1572560087118 -11.2598783524705,-42.1569620483658;-11.2593809536283,-42.157501078064 -11.2592736110832,-42.1572794982094;-11.2471710487545,-42.1673607523749 -11.2472530765679,-42.1674753040935 -11.2472963175276,-42.1676019914008 -11.2474606779813,-42.1678584957546;-11.2623281579627,-42.1629458708103 -11.2637382862821,-42.1641720516312 -11.2637598840592,-42.1641667651922 -11.2637910837728,-42.1640667765888 -11.2640028816802,-42.1635538593075 -11.2642224044817,-42.1632548843494 -11.264768596125,-42.1626878827126 -11.2653247785919,-42.1621604232183;-11.2653883989961,-42.1622429983336 -11.264839514766,-42.1627502309959;-11.2615772044034,-42.1559053382372 -11.2613767168266,-42.1559708816001 -11.2612922213227,-42.1559616473874 -11.261061138193,-42.1561104293013 -11.2607835382991,-42.1562833342161 -11.2603555652686,-42.1565738061951 -11.2601963043162,-42.1566850640067;-11.2598783526004,-42.1569620484106 -11.2593443675901,-42.1572420603888;-11.2592728406557,-42.1571893968299 -11.2592729006776,-42.1571892044564 -11.2598739270776,-42.1568740371991 -11.2600921447598,-42.1566688480635;-11.2601346087626,-42.1567387309934 -11.2599455586352,-42.1569164940042;-11.2580588401216,-42.1559869903155 -11.2583773099624,-42.1558140800432 -11.2591657918585,-42.1553129109767;-11.2633324348444,-42.1549227037936 -11.2633922611599,-42.155061560867 -11.2635197909208,-42.1554202783914 -11.2635198393539,-42.1554204156769 -11.2636094847397,-42.1556760003937 -11.2636101474589,-42.1556780678681 -11.2638038393549,-42.156093780996 -11.2638010002445,-42.1561442137307 -11.2638164860125,-42.1562812190359 -11.263779499768,-42.1563098209834 -11.2637600855003,-42.1563827915656 -11.2637303679081,-42.1565458501282 -11.2635768278437,-42.1567705157642 -11.2635056684104,-42.1568480287693 -11.2634185267205,-42.1569845122152 -11.2633649963461,-42.1570218058176 -11.2629564406817,-42.1573208223216 -11.2625025163428,-42.1575806494038 -11.2623785394625,-42.1576103851835;-11.2649127451963,-42.1530730023338 -11.2652223331132,-42.1538857724618;-11.2641651018795,-42.1571765840264 -11.2641681310409,-42.1571819258631 -11.2642559264658,-42.1573688939466 -11.2643630056483,-42.1575885843676 -11.2644887243262,-42.1577889517883 -11.2644895519045,-42.1577903316515 -11.2646097148683,-42.1580001400012 -11.2646118692342,-42.1580044954501 -11.264712698582,-42.1582439324404 -11.2648280290115,-42.1584954427342 -11.2648296029048,-42.1584994248898 -11.2649125559833,-42.1587473802121 -11.2649129988187,-42.158748789916 -11.2649882364729,-42.1590047400517 -11.265063297768,-42.1592195718561 -11.2655474986256,-42.1605134171485;-11.2645115837098,-42.1544462220064 -11.2645228968403,-42.154457041975 -11.264576302602,-42.1545333359203 -11.2645814291356,-42.1545434717755 -11.2646291128514,-42.1546846155743 -11.2646300497823,-42.1546878256012 -11.2647092047506,-42.1550082601715 -11.2647103173622,-42.155019942947 -11.2647017342933,-42.1551839749294 -11.2647006449007,-42.1551913828892 -11.2646586832308,-42.1553630442662 -11.26465799313,-42.1553655197456 -11.2645969579738,-42.1555600693061 -11.2645944058563,-42.1555663072757 -11.264509147085,-42.1557330355396 -11.2644407965026,-42.1558903355102 -11.2643836665807,-42.1560664080563 -11.2643306087626,-42.156282429173 -11.2643298444481,-42.1562851285508 -11.2642705044746,-42.1564697418016 -11.2642329250639,-42.1566651547377 -11.2641977323807,-42.1568820177583 -11.2641974456133,-42.1568835864267 -11.2641640670122,-42.1570476184091 -11.264157521171,-42.1570627490569 -11.2641221239346,-42.1571127669929;-11.2640439563465,-42.1570847335849 -11.2640873532995,-42.1570234116785 -11.2641188931683,-42.156868415752 -11.2641540513718,-42.1566517652007 -11.2641542545932,-42.1566506187117 -11.2641924015658,-42.1564522544539 -11.2641936006813,-42.1564475679824 -11.264253252645,-42.1562619840953 -11.2643063236105,-42.1560459094501 -11.2643071217601,-42.1560431053026 -11.2643652958934,-42.1558638145311 -11.2643666569276,-42.1558602186089 -11.2644362751527,-42.1557000013237 -11.2644373476838,-42.1556977308102 -11.2645216386074,-42.1555328952262 -11.2645812765797,-42.1553427991894 -11.2646220400798,-42.155176039416 -11.2646301166856,-42.1550216865072 -11.2645527856176,-42.1547086354369 -11.2645074738628,-42.1545745126428 -11.2644619353608,-42.1545094576399 -11.2643187451774,-42.1544325862857;-11.2643902455217,-42.1543691020863 -11.2645115837098,-42.1544462220064;-11.2633804406176,-42.1577405787547 -11.2631035137823,-42.1579004188324 -11.2630284055381,-42.157938394391 -11.2626573990376,-42.1579353681072 -11.2624814896237,-42.1578901026797 -11.2623724042071,-42.1578318458904 -11.2622873997585,-42.1576539172073 -11.2622450615369,-42.1576087364211 -11.2622255613213,-42.1576524797846;-11.2648399100122,-42.1531065323784 -11.2646861357808,-42.1532662642566 -11.2638349588014,-42.1546002114052;-11.26528019364,-42.1529216519678 -11.2650511445763,-42.1529834588579 -11.2649127451468,-42.1530730024849;-11.2624737908926,-42.1574864054802 -11.2629042140996,-42.1572436505263 -11.2632508934258,-42.1569204589592 -11.2633911543509,-42.1567543604954 -11.2635790593426,-42.1563729414076 -11.2636195389976,-42.1562294226312 -11.2636460602006,-42.1560879762151 -11.2635336342297,-42.1557014538691 -11.2634443723597,-42.1554469625802 -11.2633192282503,-42.1550942837264 -11.2632524343802,-42.1549553060335;-11.2629473610359,-42.1587186141931 -11.2635210458668,-42.159364526518 -11.2636887045465,-42.1597217792769;-11.262268069069,-42.1574997472659 -11.2623262578319,-42.1575112189601 -11.2624737908926,-42.1574864054802;-11.2613530286631,-42.1558695772718 -11.261581574496,-42.1557971854866;-11.2622255613213,-42.1576524797846 -11.2622289407095,-42.1578184336463;-11.265465587736,-42.1605227900266 -11.2649882186195,-42.1592472000016 -11.2649879197683,-42.1592463739106 -11.2649123821203,-42.1590301787439 -11.2649117672489,-42.1590282659447 -11.2648364545832,-42.1587720606279 -11.264754416167,-42.1585268393258 -11.2646397178631,-42.1582767075589 -11.264639212794,-42.1582755588958 -11.264539084586,-42.1580377868852 -11.2644205312331,-42.1578307889674 -11.2642941035932,-42.1576292916199 -11.2642920299667,-42.1576255576852 -11.2641838866188,-42.1574036839549 -11.2641836360795,-42.1574031603193 -11.2640970262348,-42.157218717033 -11.2640649534444,-42.1571710926971;-11.2641221239366,-42.1571127668169 -11.2641651018795,-42.1571765840264;-11.2648204903532,-42.1530287670369 -11.2648466386424,-42.1530204889629 -11.265012947077,-42.1529128883717 -11.2650242546776,-42.1529078534625 -11.2652645806054,-42.152843003609 -11.2655341981458,-42.1527903605368 -11.2664469100823,-42.1526367202746 -11.2666674077037,-42.1525651056625 -11.2666679296064,-42.1525649400958 -11.2675608824714,-42.152352996085;-11.2633418002702,-42.149918683673 -11.2628323312282,-42.1505644771512;-11.2622289407095,-42.1578184336463 -11.2622609809874,-42.1579380352792 -11.2623377382503,-42.1580540298564 -11.2625421071389,-42.1582856175421;-11.2618768428927,-42.1562814792509 -11.2618336048083,-42.1564709852228 -11.2620753418534,-42.1567491676057 -11.2622554640018,-42.157071190671 -11.2622679027587,-42.1572338771546 -11.262268069069,-42.1574997472659;-11.2646208902391,-42.1532198166236 -11.2646255512471,-42.1532138822215 -11.2647551916335,-42.1530775527642;-11.2625421071389,-42.1582856175421 -11.2629473610359,-42.1587186141931;-11.2616753172379,-42.1558503181871 -11.2618768428927,-42.1562814792509;-11.2638349588014,-42.1546002114052 -11.2642904180453,-42.1543276991197 -11.2647216091168,-42.1541027485629 -11.2651474680641,-42.1539139734426;-11.2652223329819,-42.1538857723981 -11.26543282651,-42.1538200050043 -11.2654365666623,-42.1538190320107 -11.2655872115551,-42.1537875243119;-11.2656653739999,-42.1537685792488 -11.2657943190548,-42.1537319677462 -11.2657964285261,-42.1537314303761 -11.2664210852033,-42.1535902865773 -11.266422261811,-42.1535900392432 -11.2668389247486,-42.1535089716074 -11.2675805400706,-42.1533066168184 -11.2678124207807,-42.1531979014909 -11.2680038561993,-42.153039738297 -11.2682143922654,-42.1527476125396;-11.2682805776664,-42.1528036514363 -11.2680719277129,-42.153100390066 -11.2678624947058,-42.1532855761301 -11.2676196542333,-42.1534049954201 -11.2668585509462,-42.1535865410422 -11.2668556609095,-42.1535872154938 -11.2664381305977,-42.1536684518894 -11.265815122415,-42.1538092232039 -11.2656511363964,-42.1538557839235 -11.2656483998973,-42.1538564576963 -11.2654548380514,-42.1538969415668 -11.2652124624286,-42.1539726703227 -11.2647555238126,-42.1541752224653 -11.2644614034175,-42.1543355023731 -11.2644593106389,-42.154336564421 -11.2643902455145,-42.1543691022003;-11.2643187451774,-42.1544325862857 -11.2637131074441,-42.1547879879838 -11.2633324348444,-42.1549227037936;-11.2632524345117,-42.1549553060761 -11.2624869360922,-42.1553693032299 -11.2621548743904,-42.155582225705 -11.2619590222521,-42.1557083504146 -11.2616753172379,-42.1558503181871;-11.261581574496,-42.1557971854866 -11.2619176718056,-42.1556398260027;-11.2647551916387,-42.1530775529038 -11.2645875870013,-42.1529256445148;-11.2628323312282,-42.1505644771512 -11.2630144104859,-42.1506012372892 -11.2635220826405,-42.1510323105722 -11.2636712367942,-42.1513881862677 -11.2637566186625,-42.1515330832818 -11.2638433206858,-42.1517016022214 -11.2641258093757,-42.1521058740174 -11.2646504916789,-42.152862673751 -11.2648204905493,-42.1530287670797;-11.2645979635457,-42.1609593769829 -11.2645888803558,-42.1609900660637;-11.2623785394625,-42.1576103851835 -11.2624490918587,-42.1577506819151 -11.2625107288961,-42.1577938124613 -11.2626615501926,-42.1578312403172 -11.2629861128433,-42.1578393872727 -11.2630688885587,-42.1578086042806 -11.2633286588996,-42.1576741561484 -11.2640439568604,-42.1570847330319;-11.2645875870013,-42.1529256445148 -11.2640522963858,-42.1521631139941 -11.2637421136445,-42.1517522244935 -11.2636637715059,-42.1515826948324 -11.2635738169395,-42.1514332643118 -11.2634411715178,-42.151091517957 -11.2629665771629,-42.1506871377;-11.2640649535781,-42.1571710927166 -11.2633804406176,-42.1577405787547;-11.269304945795,-42.1626674879849 -11.2691273026843,-42.1623193241378 -11.2689750247124,-42.1621582163284 -11.2686239592557,-42.1619339689852 -11.2682219959029,-42.1615821052946 -11.2674330003725,-42.160922333196 -11.2672334829548,-42.1608221104931 -11.2670298690391,-42.1607387708439 -11.2670295616294,-42.1607386435251 -11.2668313168308,-42.1606555695142 -11.266575941889,-42.1605801820775 -11.2663587142548,-42.160530647654 -11.2661576254491,-42.1605129340929 -11.2659393602753,-42.1605477280149 -11.2657063027473,-42.1605864315166 -11.2655277235015,-42.1606038738865 -11.2654255027158,-42.160620279336 -11.26526573867,-42.1606582792085 -11.2651070947361,-42.1607081050632 -11.2649821207406,-42.1607484713708 -11.2648254671302,-42.1608336500536 -11.2646968279308,-42.1608922498309 -11.2645979635457,-42.1609593769829;-11.2636887045465,-42.1597217792769 -11.2645224806903,-42.160896296554;-11.2629665771629,-42.1506871377 -11.2627612761835,-42.1506519376612 -11.2624943739362,-42.1510733202542 -11.2621586871288,-42.151802911441 -11.2618755048368,-42.1525952470514 -11.26150063334,-42.1535371230055 -11.2613103563225,-42.153953671375 -11.2611794884912,-42.1541070543137 -11.2612329069809,-42.1541792851536;-11.2655474984848,-42.1605134170574 -11.2656986125819,-42.1605036977404 -11.2659248507462,-42.1604659289772 -11.2661462143107,-42.1604258794871 -11.2663744368908,-42.1604492453738 -11.2665956893322,-42.1605026511355 -11.2668602088784,-42.160580936553 -11.2670603270448,-42.1606647955942 -11.2672652130532,-42.1607486559139 -11.2674730560262,-42.1608529280992 -11.2682736749202,-42.1615210356685 -11.2682743874999,-42.1615216458816 -11.2686695820308,-42.1618681831707 -11.2690222422728,-42.1620934492024 -11.2691892502508,-42.1622684003214 -11.2693016602376,-42.1624815974361;-11.2645224806903,-42.160896296554 -11.2646503424168,-42.1608211580469 -11.2646570456322,-42.1608171813201 -11.2647876310717,-42.1607560443673 -11.2649491175214,-42.160675534205 -11.2649546702344,-42.1606732682303 -11.2650826599594,-42.1606319278491 -11.2650829687538,-42.1606318294889 -11.2652418542047,-42.1605819277801 -11.2652420281709,-42.1605818735769 -11.2654014725751,-42.1605325931568 -11.2654075328501,-42.160531225074 -11.2654655878014,-42.160522789916;-11.2676416612548,-42.15241731135 -11.2666918594992,-42.1526412777351 -11.2664689600941,-42.1527136724137 -11.2664635412828,-42.1527150224961 -11.2653590567329,-42.1529046829191;-11.2612329069809,-42.1541792851536 -11.261301894377,-42.1549245460706 -11.2613991473949,-42.1557684888732 -11.2613530286631,-42.1558695772718;-11.2645888803558,-42.1609900660637 -11.2654297165321,-42.1621430055206 -11.265881272966,-42.1628017695381 -11.2662099586643,-42.1632428137191 -11.2668543508832,-42.1640826557942 -11.267934097386,-42.1655642985361 -11.2680547102933,-42.1657789896259 -11.2682325731369,-42.1659652640261 -11.2682960803707,-42.1660155033693 -11.2683889796479,-42.1660807448534 -11.2687953619002,-42.1662235077247 -11.2688783731337,-42.1662601771863 -11.2689327211827,-42.166326135709 -11.269547298076,-42.1672868854898 -11.2696885411561,-42.1674449227038;-11.2636717771312,-42.1546912217741 -11.2646208902391,-42.1532198166236;-11.2619176718056,-42.1556398260027 -11.2621115933064,-42.1555149445836 -11.2621116591746,-42.155514902257 -11.2624450071116,-42.1553011550304 -11.2624475699406,-42.1552996431795 -11.2632513799781,-42.1548561828579 -11.2636717771312,-42.1546912217741;-11.2653590567955,-42.1529046827964 -11.2656653741297,-42.1537685793159;-11.2655872114901,-42.1537875244276 -11.2652801935097,-42.1529216518994;-11.2651474680081,-42.1539139735768 -11.2648399098811,-42.153106532315;-11.2824559442454,-42.1474041034599 -11.2833233940726,-42.1467358687459;-11.2862688408953,-42.1447593125649 -11.2862847856751,-42.1447611854329 -11.2866470131645,-42.1445130633509;-11.2833687397079,-42.1468246832509 -11.2825323649841,-42.1474655782262;-11.2834550929797,-42.1467742347151 -11.283927885233,-42.1474630972184;-11.2833233940726,-42.1467358687459 -11.2833057630677,-42.1466890110315 -11.282818078473,-42.1459068344162 -11.2826882989602,-42.145631301476 -11.2825878571162,-42.1453538972284 -11.2822734537816,-42.1441818531658 -11.2822508481801,-42.1440359395345 -11.2822529298732,-42.1437997928829 -11.2822878777506,-42.1435906415756;-11.2822878777506,-42.1435906415756 -11.2818354747711,-42.1436594822473 -11.2813048158246,-42.1437936495478 -11.2795616052078,-42.144436737278;-11.2862085135254,-42.1430652877091 -11.2853851580716,-42.1432278889602 -11.2824111586975,-42.1435680336881;-11.2838384458918,-42.1474960437842 -11.2833687397079,-42.1468246832509;-11.2862085135254,-42.1430652877091 -11.2861987065726,-42.144073709085 -11.2862884378638,-42.1445029015009 -11.2862784309226,-42.1445967917958 -11.2861892438175,-42.1447374342294;-11.2866839115955,-42.1445894930443 -11.2862962068293,-42.1448436689118 -11.2862483724902,-42.144838050308;-11.2862483724902,-42.144838050308 -11.2862521108318,-42.1448592514971 -11.2864490991119,-42.1452414254353 -11.2864526360224,-42.1454297377478 -11.2864162763385,-42.1455423278306 -11.2863108885205,-42.1455999469028 -11.2861793175225,-42.1456153391483 -11.2859730937979,-42.1455439616113 -11.2855780333979,-42.1455261799804 -11.2853059955179,-42.1454710916174 -11.2852673351784,-42.1454732241155 -11.2852186960689,-42.1454896077741 -11.2844459397007,-42.1460131062273 -11.2843843771587,-42.1460801737177 -11.2839881872162,-42.1463748821072 -11.2834550929797,-42.1467742347151;-11.2872430885581,-42.1428636809154 -11.2863082669961,-42.1430479439539;-11.2861892438175,-42.1447374342294 -11.2860896612459,-42.1446862893362 -11.2854725843053,-42.1449059599024;-11.2834051335365,-42.1466768650234 -11.2843065384225,-42.1460151347504 -11.2843780797345,-42.1459338160995 -11.2851734638867,-42.1453969590319 -11.2852422360876,-42.1453707795491 -11.2853175083472,-42.1453637528358 -11.2855983300788,-42.1454110465518 -11.2859966862445,-42.1454298085045 -11.2861927556475,-42.1454967307054 -11.28628477376,-42.1454961199721 -11.2863487358246,-42.1454692271918 -11.2863611252083,-42.1454155146186 -11.2863468047575,-42.145263455729 -11.2861653149841,-42.1448894791657 -11.2861626521342,-42.1448212447106;-11.2863082669961,-42.1430479439539 -11.2862989574079,-42.144062277975 -11.2863789806506,-42.1444806905476 -11.286372729131,-42.14459577902 -11.2862688408953,-42.1447593125649;-11.2824111586975,-42.1435680336881 -11.2823479681295,-42.1438118325745 -11.2823406337241,-42.1440270450614 -11.2823645781447,-42.1441539851717 -11.2826643718216,-42.1453317282196 -11.2827661524846,-42.1455901589463 -11.2828918045808,-42.1458599950378 -11.2834051335365,-42.1466768650234;-11.2861626521342,-42.1448212447106 -11.2860786558452,-42.1447876504407 -11.2855072246206,-42.144996149527