-3.48941806614977,-45.2489568341764 -3.4893333653886,-45.250018533343;-3.48941806614977,-45.2489568341764 -3.49007613132278,-45.2490365998096 -3.49030261221106,-45.2490718595502 -3.4905919911653,-45.2490752199807 -3.49098891075198,-45.2491487597175 -3.49134816561918,-45.2491307251674;-3.49134816561918,-45.2491307251674 -3.49127803008103,-45.2493984717989 -3.49125648163059,-45.2495980636267 -3.49118752863584,-45.2498647936993 -3.49117827586348,-45.2500837079323 -3.49117766625229,-45.2502214016357;-3.4893333653886,-45.250018533343 -3.48994030798645,-45.2500753352768 -3.49117766625229,-45.2502214016357;-3.4899583383235,-45.2501381632705 -3.48992278515282,-45.2507470623007;-3.4899583383235,-45.2501381632705 -3.49060547738405,-45.250211556334;-3.49060547738405,-45.250211556334 -3.49054210007508,-45.2508197565878;-3.48992278515282,-45.2507470623007 -3.49054210007508,-45.2508197565878;-3.4899150024275,-45.250799645188 -3.48986377177283,-45.251424794208;-3.4899150024275,-45.250799645188 -3.49053177019395,-45.2508713102184;-3.49053177019395,-45.2508713102184 -3.49044863705665,-45.2514971502236;-3.48986377177283,-45.251424794208 -3.49044863705665,-45.2514971502236;-3.49057128666768,-45.2508738862872 -3.49049184205861,-45.2514936716517;-3.49057128666768,-45.2508738862872 -3.49116607270627,-45.2509522290454;-3.49116607270627,-45.2509522290454 -3.4911048771416,-45.2515698963937;-3.49049184205861,-45.2514936716517 -3.4911048771416,-45.2515698963937;-3.49064988354444,-45.2502140253532 -3.4905671325952,-45.2508261170054;-3.49064988354444,-45.2502140253532 -3.49117655378701,-45.2502829854563;-3.49117655378701,-45.2502829854563 -3.49122494904484,-45.2504252986762 -3.49116430671016,-45.2508976418291;-3.4905671325952,-45.2508261170054 -3.49116430671016,-45.2508976418291;-3.49126878107196,-45.250375553625 -3.49121820861075,-45.2509045481934;-3.49126878107196,-45.250375553625 -3.49182950938235,-45.2504218327526;-3.49182950938235,-45.2504218327526 -3.49180503230504,-45.2509406000076;-3.49121820861075,-45.2509045481934 -3.49180503230504,-45.2509406000076;-3.4912176533228,-45.2509451805277 -3.49115223072184,-45.2515912953291;-3.4912176533228,-45.2509451805277 -3.49181791407967,-45.251015214575;-3.49181791407967,-45.251015214575 -3.49174532949803,-45.2516552304113;-3.49115223072184,-45.2515912953291 -3.49174532949803,-45.2516552304113;-3.49328070313864,-45.2551624014817 -3.49331816920128,-45.2551651465128 -3.49384815156425,-45.2552255944024;-3.49157943455068,-45.2617427391188 -3.49143404749563,-45.2616513740845 -3.49136019309849,-45.2614549528155 -3.49133328197598,-45.2611908885844;-3.49082906998711,-45.2661753487521 -3.49074893010936,-45.2658626460918 -3.49049279677459,-45.2651461013025 -3.49038280086395,-45.2649983925082 -3.49027594769361,-45.2647768293168;-3.49035849160545,-45.2647983843298 -3.49042837059835,-45.2649763933261 -3.49052401464349,-45.2651131362884 -3.49078989540293,-45.2658501464622 -3.49088848443539,-45.2661793506039;-3.49231464904087,-45.2641225012362 -3.49176159339044,-45.2643182016402 -3.49035849160545,-45.2647983843298;-3.49231492867328,-45.264078964188 -3.49166340499899,-45.2642658646933 -3.49033194050283,-45.2647584376465;-3.49052463615149,-45.2600185973311 -3.49040212497834,-45.2614427768991 -3.49036325651998,-45.2624144371257 -3.49025254626361,-45.2644492705775 -3.49028176037436,-45.2646217458715 -3.49033194050283,-45.2647584376465;-3.49052463615149,-45.2600185973311 -3.49078324378605,-45.2600903834819 -3.49130646062289,-45.2602984238414;-3.49130646062289,-45.2602984238414 -3.49126262593087,-45.2606207342142 -3.49125076032497,-45.2610271695889 -3.49132405158499,-45.2614832374782 -3.49138062091046,-45.2616780873771;-3.49133328197598,-45.2611908885844 -3.49150672649225,-45.2612455990713 -3.49173190096781,-45.2613114987527;-3.49173190096781,-45.2613114987527 -3.49157943455068,-45.2617427391188;-3.49138062091046,-45.2616780873771 -3.49161314191409,-45.2618255086838 -3.49180189892977,-45.2618869426497 -3.49200176504687,-45.2619715002379;-3.49200176504687,-45.2619715002379 -3.49194433767563,-45.2625830064844;-3.49204661505132,-45.2619130402333 -3.49162851177768,-45.2617731115483;-3.49162851177768,-45.2617731115483 -3.49179303219056,-45.2613435708866;-3.49179303219056,-45.2613435708866 -3.49186676730468,-45.2613385761261 -3.49198358819339,-45.2613754010669 -3.49232386384883,-45.2614530135821;-3.49232386384883,-45.2614530135821 -3.49221961864382,-45.2616643214439 -3.49204661505132,-45.2619130402333;-3.49182032928963,-45.2612763166474 -3.49176323498426,-45.2612643191775 -3.49132023802192,-45.2611333316949;-3.49132023802192,-45.2611333316949 -3.49129736137391,-45.2610070354577 -3.49132378247965,-45.2606708121938;-3.49132378247965,-45.2606708121938 -3.49194220818609,-45.260943358958;-3.49194220818609,-45.260943358958 -3.49182032928963,-45.2612763166474;-3.4923331677635,-45.2613912624873 -3.49198102615056,-45.2613184495871 -3.49187615145385,-45.2612839564621;-3.49187615145385,-45.2612839564621 -3.49200301954033,-45.2609144636117;-3.49200301954033,-45.2609144636117 -3.49230236979376,-45.2609007862596 -3.49244618823042,-45.260918270487;-3.49244618823042,-45.260918270487 -3.49245293109841,-45.2610910245957 -3.4923331677635,-45.2613912624873;-3.49230548957194,-45.2602514139015 -3.49240882341028,-45.2604719680417 -3.49249906368902,-45.2609211555895 -3.49248310698996,-45.2611045742327 -3.49238325178855,-45.2614245722099 -3.49225823170415,-45.2617198187266 -3.49206313404498,-45.2619834357301 -3.49199971639527,-45.2625497339999;-3.49230548957194,-45.2602514139015 -3.49241430667337,-45.2600606835182 -3.49271481385858,-45.2597513916381 -3.49277719057254,-45.2596000098651 -3.49277156847681,-45.2592569738332;-3.49326793366456,-45.2592407310271 -3.49316692549681,-45.2592160202536 -3.49292873166934,-45.259194849855 -3.49277156847681,-45.2592569738332;-3.49326793366456,-45.2592407310271 -3.4933084646237,-45.2593005318019 -3.4934445921774,-45.2597956444206 -3.49388123600508,-45.2608242332118 -3.49408682307463,-45.2611518562535;-3.49411645841737,-45.2610726569685 -3.49393313392351,-45.2607757266417 -3.49349853586042,-45.2597442371464 -3.49335217022642,-45.2592758971563 -3.49332091335281,-45.259229779687;-3.49332091335281,-45.259229779687 -3.49327110421073,-45.2588346116749 -3.49322750458773,-45.2586749377218;-3.49225799819479,-45.2602813780316 -3.49237910433658,-45.2605042082523 -3.49239687486915,-45.2606820632007;-3.49239687486915,-45.2606820632007 -3.49230582118125,-45.2608511786766 -3.49191951197516,-45.2608792287374 -3.49131453762163,-45.2606097234936;-3.49131453762163,-45.2606097234936 -3.49136335492796,-45.2602679411525;-3.49136335492796,-45.2602679411525 -3.49079441945932,-45.2600424067887 -3.49053120481692,-45.259972584181;-3.49054450213468,-45.2598023520966 -3.49053120481692,-45.259972584181;-3.49225799819479,-45.2602813780316 -3.4919001791589,-45.2602548194772 -3.49166933151374,-45.2601180780823 -3.49138588508632,-45.2600098511969 -3.49108991743234,-45.2599134386964 -3.49054450213468,-45.2598023520966;-3.49223168697995,-45.2602226424291 -3.49237943707327,-45.2600334158663 -3.49267658101675,-45.2597187217901 -3.49272711294291,-45.2595956829428 -3.49272181204695,-45.2592722451356;-3.49223168697995,-45.2602226424291 -3.49191212117978,-45.2602069493922 -3.49169264370379,-45.2600783809501 -3.49140346673255,-45.2599613510687 -3.49110916531393,-45.259856943276 -3.49055029537958,-45.2597511005385;-3.49067568491391,-45.2583389135442 -3.49059978056659,-45.2589462560871 -3.49055029537958,-45.2597511005385;-3.49067568491391,-45.2583389135442 -3.49093161717161,-45.2584524414051 -3.4917513420025,-45.2590965766026 -3.49215972762753,-45.2593298327329 -3.4924353651453,-45.2593464020323 -3.49272181204695,-45.2592722451356;-3.4906732515803,-45.2582789486826 -3.4909435355032,-45.2583916682141 -3.49178292240426,-45.2590459872966 -3.49186118588687,-45.2590982813972 -3.49217040402842,-45.2592821613468 -3.49242663089632,-45.2592970148322 -3.49271561035842,-45.2592206876019 -3.49291585741067,-45.2591461743277 -3.49316680672748,-45.2591639674559 -3.49325313076046,-45.2591856351315;-3.49092158691054,-45.2565269590908 -3.4906732515803,-45.2582789486826;-3.49092158691054,-45.2565269590908 -3.49122050274997,-45.2565400268328 -3.49150638263657,-45.2563877118969;-3.49150638263657,-45.2563877118969 -3.49183030338911,-45.2571568025152 -3.49213258827949,-45.2577973730823 -3.4922465384705,-45.2579459943096 -3.49243866517921,-45.2580950401188 -3.49302642394992,-45.2585356738175 -3.49311824344818,-45.2586299893423 -3.49320288558671,-45.2588413754101;-3.49320288558671,-45.2588413754101 -3.49325313076046,-45.2591856351315;-3.49110796582946,-45.2555267143308 -3.49092926463156,-45.2564772633596;-3.49110796582946,-45.2555267143308 -3.49139257339533,-45.2560243465269 -3.4914896741277,-45.2563399355237;-3.49092926463156,-45.2564772633596 -3.49120924736993,-45.2564903496525 -3.4914896741277,-45.2563399355237;-3.49111014137616,-45.2554287172892 -3.49143938392538,-45.2560064622511 -3.49155741306339,-45.25633153584 -3.49164428423135,-45.2565436508754;-3.49104520744176,-45.2552422828242 -3.49111014137616,-45.2554287172892;-3.49210848123168,-45.2550685145572 -3.49133112603136,-45.2551687749169 -3.49104520744176,-45.2552422828242;-3.49210848123168,-45.2550685145572 -3.49212484596791,-45.255415058944 -3.49232506666973,-45.2566572141645;-3.49164428423135,-45.2565436508754 -3.49198637921244,-45.2566843354268 -3.49210276906873,-45.256688589776 -3.49226397504631,-45.2566792289991 -3.49232506666973,-45.2566572141645;-3.49067338011766,-45.2542846196123 -3.49102909216865,-45.2551713330854;-3.49067338011766,-45.2542846196123 -3.4910764141438,-45.2541890560981 -3.49162260959688,-45.2539543398928 -3.49287342866897,-45.2539573397003;-3.49287342866897,-45.2539573397003 -3.49290346362317,-45.25407 -3.49292184137651,-45.2542757314656 -3.49312504699543,-45.254494015691 -3.49315418406596,-45.2546361625267 -3.49324312802694,-45.2547014348916 -3.49323596612034,-45.2550551004153;-3.49323596612034,-45.2550551004153 -3.49241928536324,-45.2549844301918 -3.49127783830376,-45.2551143385561 -3.49102909216865,-45.2551713330854;-3.49215833100105,-45.2550636711089 -3.49216333245294,-45.2554261574901 -3.49238373865884,-45.2566278820777 -3.49244794625297,-45.2568907180894;-3.49322930056543,-45.2551608557247 -3.49242430721477,-45.2550453255096 -3.49215833100105,-45.2550636711089;-3.49322930056543,-45.2551608557247 -3.49314135308601,-45.255927993869 -3.49303769407148,-45.2564061650094 -3.49299138951199,-45.2567702786151;-3.49299138951199,-45.2567702786151 -3.49244794625297,-45.2568907180894;-3.4924670391784,-45.2569628917336 -3.4925932166352,-45.2573770579241 -3.49291225287962,-45.2579570099079;-3.49297950376877,-45.2568320451993 -3.4924670391784,-45.2569628917336;-3.49297950376877,-45.2568320451993 -3.49310189693824,-45.2575283334016 -3.49310856483286,-45.257785625467 -3.49305782912937,-45.2579189338154 -3.49291225287962,-45.2579570099079;-3.49297369288315,-45.2580687864846 -3.49308840068961,-45.258527657113 -3.49315752425083,-45.2585986597331 -3.49322750458773,-45.2586749377218;-3.49328070313864,-45.2551624014817 -3.49320856472895,-45.25594713238 -3.49309412407353,-45.2564295401583 -3.49304051385106,-45.2568633768298 -3.49314925140621,-45.257531938054 -3.49315849723376,-45.2577645043037 -3.49311438358751,-45.2579630601176 -3.49297369288315,-45.2580687864846;-3.49214027045618,-45.2576878196377 -3.49217732918709,-45.2577748212334 -3.49229117520809,-45.2579219786196 -3.49300332416363,-45.2584558657242;-3.49256474883362,-45.2574262203088 -3.4922223999053,-45.2576623074278 -3.49214027045618,-45.2576878196377;-3.49256474883362,-45.2574262203088 -3.49286053298918,-45.2579870050377 -3.492948346224,-45.2582164134514;-3.492948346224,-45.2582164134514 -3.49300332416363,-45.2584558657242;-3.49164902573746,-45.2566139030934 -3.4918627875551,-45.2571060836773 -3.49211946316256,-45.2576418217402;-3.49164902573746,-45.2566139030934 -3.4919831471536,-45.256736178458 -3.49227133208661,-45.2567307942746 -3.4923471744453,-45.2567049565894;-3.4923471744453,-45.2567049565894 -3.49239131781799,-45.2569271639338 -3.49254331960299,-45.2573789422364;-3.49254331960299,-45.2573789422364 -3.49219710456973,-45.257618984988 -3.49211946316256,-45.2576418217402;-3.48333395925693,-45.2575625573897 -3.48336532458188,-45.2574407861281;-3.48330997400843,-45.2574131108414 -3.48262178187852,-45.257199088624 -3.48234502901126,-45.2571215978212;-3.48386347974295,-45.2573466901532 -3.48370665311817,-45.2574168008796 -3.48358672687569,-45.2574463211855 -3.48336532458188,-45.2574407861281;-3.48327227278675,-45.2575494479709 -3.48330997400843,-45.2574131108414;-3.48234907538084,-45.2570539809561 -3.48263469701232,-45.2571566531844 -3.48334687439073,-45.2573706754017 -3.48360148702861,-45.2573780554782 -3.48374355350047,-45.2573245499239 -3.48394466058401,-45.2572562842166;-3.48228175051011,-45.2573313851236 -3.48234502901126,-45.2571215978212;-3.4863397263024,-45.2553477445843 -3.48739397224695,-45.25530848753;-3.48327227278675,-45.2575494479709 -3.48267221051904,-45.2574479144455 -3.48228175051011,-45.2573313851236;-3.48632888653544,-45.2560791620213 -3.48628645109579,-45.255473073242 -3.4863397263024,-45.2553477445843;-3.48637035772435,-45.2554078931871 -3.48634572859022,-45.2554757166789 -3.48638465191352,-45.2560756408441;-3.48739397224695,-45.25530848753 -3.48738034356538,-45.2551545426138 -3.48739015917693,-45.2549038820867 -3.48732871310687,-45.253829228571;-3.4874065860316,-45.2553506819122 -3.48637035772435,-45.2554078931871;-3.48345468618412,-45.2522076368713 -3.48332796,-45.25270488 -3.48320502,-45.25333416 -3.48286987442755,-45.254954108828 -3.482635574297,-45.2559532507641 -3.48234907538084,-45.2570539809561;-3.48345468618412,-45.2522076368713 -3.4858863800203,-45.2524906111699 -3.48696337974406,-45.2525876008739;-3.48696337974406,-45.2525876008739 -3.48697529849848,-45.2535402577998 -3.48705619300721,-45.2538165529858;-3.48705619300721,-45.2538165529858 -3.48732871310687,-45.253829228571;-3.4874065860316,-45.2553506819122 -3.48749741992116,-45.2565883785613;-3.48708507940304,-45.2537719611493 -3.48702767191732,-45.2535356541668 -3.48702230555438,-45.2532072480058 -3.48701525988665,-45.2527551205867 -3.48701779670099,-45.2525843980633;-3.48701779670099,-45.2525843980633 -3.48758004178179,-45.2526250635326 -3.48807797719553,-45.2527045536828 -3.48907631362738,-45.2528030612112 -3.48953772544039,-45.2528691181505;-3.48953772544039,-45.2528691181505 -3.48966901282075,-45.2539972373009;-3.48966901282075,-45.2539972373009 -3.48920170681145,-45.2540269572118 -3.48904167240255,-45.2539903084149;-3.48900297196211,-45.2536868722775 -3.48904167240255,-45.2539903084149;-3.48900297196211,-45.2536868722775 -3.48843461135321,-45.2537095083065 -3.48785033584559,-45.2537453871819 -3.48708507940304,-45.2537719611493;-3.48969263514049,-45.2540331888174 -3.48975340893765,-45.2548659692761;-3.48969263514049,-45.2540331888174 -3.48919127230805,-45.2540625705986 -3.48905395874378,-45.2540318800925;-3.48905395874378,-45.2540318800925 -3.48908110075445,-45.2549244209478;-3.48975340893765,-45.2548659692761 -3.48942332599193,-45.2549119965941 -3.48908110075445,-45.2549244209478;-3.48845769454242,-45.2537507443698 -3.488507381071,-45.2547237532591 -3.48855360989188,-45.2547854797523;-3.48896883408095,-45.25375396755 -3.48845769454242,-45.2537507443698;-3.48896883408095,-45.25375396755 -3.4890094622155,-45.2540146989329 -3.48904227015573,-45.2548554811449;-3.48904227015573,-45.2548554811449 -3.48897266965782,-45.2547923102077 -3.48855360989188,-45.2547854797523;-3.48788879107948,-45.2537939183783 -3.48791412459912,-45.2542920847126 -3.48798313972249,-45.2548419638641;-3.48841459559423,-45.2537590830388 -3.48788879107948,-45.2537939183783;-3.48841459559423,-45.2537590830388 -3.48846605862281,-45.2547272405597 -3.48847939067756,-45.2547978268003;-3.48847939067756,-45.2547978268003 -3.48798313972249,-45.2548419638641;-3.48736252974883,-45.2538272491839 -3.48738297717819,-45.2541547623045 -3.48742267478121,-45.2546276610668 -3.48744575490319,-45.2548552767609;-3.48784565284642,-45.2537897603684 -3.48736252974883,-45.2538272491839;-3.48784565284642,-45.2537897603684 -3.48787428425251,-45.254304584502 -3.48793595821068,-45.254840109302;-3.48793595821068,-45.254840109302 -3.48759569300533,-45.2548695052407 -3.48744575490319,-45.2548552767609;-3.48744788557045,-45.2549182709368 -3.48741810167081,-45.2551461609175 -3.48744917849774,-45.255290505492;-3.48744788557045,-45.2549182709368 -3.4879587760991,-45.2548954243217 -3.48851646614719,-45.2548470608081 -3.48895965067396,-45.2548366398096;-3.48895965067396,-45.2548366398096 -3.48904033972991,-45.2549319635129 -3.48904943014383,-45.2550272012065;-3.48904943014383,-45.2550272012065 -3.48879368679969,-45.2551149172536 -3.48850589377718,-45.2551902293496 -3.4878076294923,-45.2552512393128 -3.48744917849774,-45.255290505492;-3.48745687169517,-45.2553439580101 -3.48752200135694,-45.2565599538703;-3.48798670590444,-45.255285365741 -3.48745687169517,-45.2553439580101;-3.48798670590444,-45.255285365741 -3.4880090511405,-45.256548172985;-3.4880090511405,-45.256548172985 -3.48752200135694,-45.2565599538703;-3.48802347001704,-45.2552781307608 -3.48807129429745,-45.2565438410753;-3.48852597113949,-45.2552638658021 -3.48802347001704,-45.2552781307608;-3.48852597113949,-45.2552638658021 -3.48860445800809,-45.2566524318253;-3.48860445800809,-45.2566524318253 -3.48807129429745,-45.2565438410753;-3.48857561579368,-45.2552483145203 -3.48866174630685,-45.2568742736909;-3.48906832166777,-45.255078401719 -3.48882814936538,-45.2551730782295 -3.48857561579368,-45.2552483145203;-3.48906832166777,-45.255078401719 -3.48917503949424,-45.2569302202611;-3.48917503949424,-45.2569302202611 -3.48866174630685,-45.2568742736909;-3.4886596858363,-45.2569183708412 -3.48868143790238,-45.2575446038672 -3.48870847720793,-45.2582889938064;-3.48917788205502,-45.256977329221 -3.4886596858363,-45.2569183708412;-3.48917788205502,-45.256977329221 -3.48919282376358,-45.2572071280959 -3.48919020575851,-45.257632065399;-3.48909385955153,-45.2549916338954 -3.48926326456346,-45.2571744493582 -3.48925972631671,-45.2576111942414;-3.4897585603741,-45.2549320433674 -3.48944249213062,-45.2549687777597 -3.48909385955153,-45.2549916338954;-3.4897585603741,-45.2549320433674 -3.49015644088868,-45.2580438177151 -3.49015522001902,-45.2582416936755;-3.49015522001902,-45.2582416936755 -3.48992986733652,-45.2588565675773;-3.48992986733652,-45.2588565675773 -3.48927254817262,-45.2586962618217;-3.48927254817262,-45.2586962618217 -3.4892366924577,-45.2583208981074;-3.48870847720793,-45.2582889938064 -3.4892366924577,-45.2583208981074;-3.48860582699247,-45.256694843121 -3.48803862674596,-45.2565755027177 -3.48749741992116,-45.2565883785613;-3.48860582699247,-45.256694843121 -3.48864749584775,-45.2582846567843;-3.48692723808996,-45.2582761148685 -3.48864749584775,-45.2582846567843;-3.47900543129161,-45.2483701388127 -3.47909278857185,-45.2481806792781 -3.47914505350919,-45.2480085124257 -3.47902409117368,-45.2476053046407 -3.47889777701866,-45.2473356068502 -3.47889635065909,-45.2473317719857 -3.47886543625524,-45.2472218541053 -3.47886483874769,-45.247210999159 -3.4789609338509,-45.2466309965718 -3.4790261124579,-45.2461061372627 -3.47903716970747,-45.2460050303434;-3.47911939544233,-45.2458358986543 -3.47907579624287,-45.2461117546391 -3.47907575384907,-45.2461121177049 -3.47901049010761,-45.2466376625703 -3.47901034445511,-45.2466386679672 -3.47891507656206,-45.2472136777502 -3.47894392745927,-45.2473162587181 -3.47907145513888,-45.2475891794162 -3.47919508911157,-45.2480158172048 -3.47913669523763,-45.2482081734954 -3.4790801516014,-45.2483715784544;-3.47726651067388,-45.2429387308404 -3.47747917636196,-45.2427286699228;-3.4790801516014,-45.2483715784544 -3.47941872967836,-45.2484729868221 -3.48018416395677,-45.2487317749996 -3.48140107142062,-45.2491305616793 -3.48156089076658,-45.2492056185294;-3.47911939544233,-45.2458358986543 -3.48003638845787,-45.2461421663956 -3.48052256126715,-45.2463943009823 -3.48112905060881,-45.2467638005145 -3.48186533154369,-45.2472028375983 -3.4821187749177,-45.247352549668 -3.48242657077665,-45.2475527501835;-3.48242657077665,-45.2475527501835 -3.48156089076658,-45.2492056185294;-3.47914698797799,-45.2457827111875 -3.48006059593739,-45.2460984785979 -3.48057251485293,-45.2463506556223 -3.48113741332641,-45.2467001133484 -3.48189007308466,-45.2471466662814 -3.48214184330449,-45.2472920417536 -3.4824486540623,-45.2474862204151;-3.47946755794463,-45.245126256976 -3.47914698797799,-45.2457827111875;-3.47946755794463,-45.245126256976 -3.47993345623367,-45.2452839846816 -3.48007171468166,-45.2453835165917;-3.47948889847005,-45.2450802741334 -3.47999388123491,-45.2452432907576 -3.4800985334083,-45.2453266850934;-3.47969468785881,-45.2446539777181 -3.47948889847005,-45.2450802741334;-3.47969468785881,-45.2446539777181 -3.48026662354114,-45.2449101407074;-3.48092985746622,-45.2441748253641 -3.48065802,-45.24441696 -3.48026662354114,-45.2449101407074;-3.48092985746622,-45.2441748253641 -3.48129664871441,-45.2444867635997 -3.48169820925692,-45.2448296397128;-3.48099457516161,-45.244147969576 -3.4813406301113,-45.2444341876001 -3.48173739780348,-45.2447961751561;-3.4815352802476,-45.2437307429015 -3.48108399,-45.24407208 -3.48099457516161,-45.244147969576;-3.4815352802476,-45.2437307429015 -3.48272677332063,-45.2455966712137 -3.48310713181652,-45.246207448276;-3.48310713181652,-45.246207448276 -3.48278601798407,-45.2467840894722 -3.48259524203213,-45.247146932907 -3.4824486540623,-45.2474862204151;-3.47603598318066,-45.2447840051664 -3.47660936350429,-45.2449110662076 -3.47703645637127,-45.2450037186911 -3.47786243935457,-45.2452380587528 -3.47816557028814,-45.2453457303274 -3.47846017319249,-45.2454968777782 -3.47907562492333,-45.2457633686593;-3.4772235799577,-45.2429798022733 -3.47702283339925,-45.243177042744 -3.47650542075145,-45.2437025616575 -3.47621669707379,-45.2440838051224 -3.47610243963574,-45.2443559408269 -3.47603598318066,-45.2447840051664;-3.47747917636196,-45.2427286699228 -3.47801525964323,-45.2430091913357 -3.4781159857653,-45.2430033257692 -3.47815104522143,-45.242958444239 -3.47826615306735,-45.2428125472335;-3.47826615306735,-45.2428125472335 -3.47838666302798,-45.2428107779285 -3.47865470495831,-45.2429204958252 -3.47887326258496,-45.2430447005745;-3.47887326258496,-45.2430447005745 -3.47858770728139,-45.2435527955754;-3.47726651067388,-45.2429387308404 -3.47804141298885,-45.2433445444089 -3.47858770728139,-45.2435527955754;-3.4772235799577,-45.2429798022733 -3.47799328122254,-45.2433865263293 -3.47855964200905,-45.2436148216864;-3.47855964200905,-45.2436148216864 -3.47837309717151,-45.2440857897746;-3.477840393369,-45.2438690956634 -3.47837309717151,-45.2440857897746;-3.47783130655239,-45.2439271653977 -3.47836004844883,-45.2441349176923;-3.47836004844883,-45.2441349176923 -3.47819482094107,-45.2445169027441;-3.4778233677175,-45.2443043652643 -3.47819482094107,-45.2445169027441;-3.47778532688853,-45.2443704525252 -3.47815338415531,-45.244584930842 -3.47872399227558,-45.244795800037 -3.47939696813692,-45.2451227248745;-3.47939696813692,-45.2451227248745 -3.47907562492333,-45.2457633686593;-3.47838247952388,-45.2427347918231 -3.47825328858268,-45.2427243751432 -3.4781974439909,-45.2427635206016 -3.47808423534424,-45.2429301479152 -3.47804012077335,-45.2429320580858 -3.47803298472507,-45.2429384360705 -3.47753161192922,-45.2426708867251;-3.47888717044982,-45.2413880195502 -3.47753161192922,-45.2426708867251;-3.47888717044982,-45.2413880195502 -3.47907075801823,-45.241718537865 -3.47919873551404,-45.2418485832622 -3.47936948299654,-45.2419546570035;-3.47910812833153,-45.2425939026839 -3.47936948299654,-45.2419546570035;-3.47910812833153,-45.2425939026839 -3.47867466844264,-45.2424445166402 -3.47860873944163,-45.2424055120992 -3.47856284197064,-45.2424195363265 -3.47852395661329,-45.2424577842189 -3.47838247952388,-45.2427347918231;-3.47969222020325,-45.2427949237747 -3.47918607632318,-45.2425964192343;-3.47918607632318,-45.2425964192343 -3.47941060550738,-45.2420020876401;-3.47941060550738,-45.2420020876401 -3.47994535101258,-45.2423511140069;-3.47994535101258,-45.2423511140069 -3.47969222020325,-45.2427949237747;-3.47974812074412,-45.2428375756705 -3.48038245772845,-45.2431506753386;-3.48001875191004,-45.2423951693253 -3.47974812074412,-45.2428375756705;-3.48001875191004,-45.2423951693253 -3.48055942683936,-45.2427861676401;-3.48055942683936,-45.2427861676401 -3.48038245772845,-45.2431506753386;-3.48023264455695,-45.2435981418918 -3.48072732244182,-45.2438143534683;-3.48060696755183,-45.2428305370035 -3.48043977538956,-45.2431838276948 -3.48023264455695,-45.2435981418918;-3.48060696755183,-45.2428305370035 -3.48110040576816,-45.2432434570035;-3.48110040576816,-45.2432434570035 -3.48072732244182,-45.2438143534683;-3.48075225060144,-45.2438412795753 -3.48109776465466,-45.2439967247879;-3.4811503804076,-45.2432775759064 -3.48075225060144,-45.2438412795753;-3.4811503804076,-45.2432775759064 -3.48122876563574,-45.2433587869515 -3.48149881126481,-45.2436709905804;-3.48149881126481,-45.2436709905804 -3.48109776465466,-45.2439967247879;-3.47996442273459,-45.2440890269011 -3.48034476376743,-45.2442063713304 -3.48064122596396,-45.2443425374313;-3.48020522705586,-45.2436575184479 -3.47996442273459,-45.2440890269011;-3.48020522705586,-45.2436575184479 -3.48100564495455,-45.2440334582324;-3.48100564495455,-45.2440334582324 -3.48064122596396,-45.2443425374313;-3.47972551825875,-45.2446063478809 -3.4802514813319,-45.244823410258;-3.47994829863456,-45.2441310065493 -3.47980316498728,-45.2444549563402 -3.47972551825875,-45.2446063478809;-3.47994829863456,-45.2441310065493 -3.48029735903626,-45.2442686438212 -3.48057997970283,-45.2444059475256;-3.48057997970283,-45.2444059475256 -3.4802514813319,-45.244823410258;-3.47878098481403,-45.2447537447014 -3.47941676095364,-45.2450729801508;-3.47894712631314,-45.2443275950124 -3.47878098481403,-45.2447537447014;-3.47894712631314,-45.2443275950124 -3.47963409897949,-45.2446489379572;-3.47963409897949,-45.2446489379572 -3.47941676095364,-45.2450729801508;-3.47826162269166,-45.2445596890404 -3.4787139745876,-45.2447209673432;-3.47841959794463,-45.2441540342704 -3.47826162269166,-45.2445596890404;-3.47841959794463,-45.2441540342704 -3.4786363087025,-45.2442170097892 -3.47888794133512,-45.2443016681821;-3.47888794133512,-45.2443016681821 -3.4787139745876,-45.2447209673432;-3.47843047101824,-45.2441011339986 -3.4786486930509,-45.2441641044075 -3.4789229526834,-45.2442517246916;-3.47860417093239,-45.243630910209 -3.47843047101824,-45.2441011339986;-3.47860417093239,-45.243630910209 -3.47908121659526,-45.243862140359;-3.47908121659526,-45.243862140359 -3.4789229526834,-45.2442517246916;-3.47863219846504,-45.2435696144709 -3.47913078236301,-45.2438147644547;-3.47892073478843,-45.2430708537662 -3.47863219846504,-45.2435696144709;-3.47892073478843,-45.2430708537662 -3.47940833933761,-45.2433009490981;-3.47940833933761,-45.2433009490981 -3.47913078236301,-45.2438147644547;-3.47889477249859,-45.2429880270379 -3.47866735520777,-45.2428688514266 -3.47844598886773,-45.2427730938168;-3.47844598886773,-45.2427730938168 -3.47856947338451,-45.2425032987663 -3.47864468311998,-45.2425066166971 -3.47908186517083,-45.242654714766;-3.47908186517083,-45.242654714766 -3.47889477249859,-45.2429880270379;-3.47895133133644,-45.2430210313436 -3.47943823935899,-45.2432557135982;-3.47895133133644,-45.2430210313436 -3.47915018453291,-45.242644910417;-3.47915018453291,-45.242644910417 -3.47966125586911,-45.2428577325598;-3.47966125586911,-45.2428577325598 -3.47943823935899,-45.2432557135982;-3.47949724263512,-45.2432718531675 -3.48017378414755,-45.2435764349817;-3.47972530830198,-45.2428754671656 -3.47949724263512,-45.2432718531675;-3.47972530830198,-45.2428754671656 -3.48036000492602,-45.2432009098397;-3.48036000492602,-45.2432009098397 -3.48017378414755,-45.2435764349817;-3.47920191184339,-45.2438177360616 -3.47992530115626,-45.2440632269329;-3.47946684656524,-45.2433185430235 -3.47920191184339,-45.2438177360616;-3.47946684656524,-45.2433185430235 -3.48015469087978,-45.243620934479;-3.48015469087978,-45.243620934479 -3.47992530115626,-45.2440632269329;-3.47897436343332,-45.2442708599201 -3.47966958363073,-45.2445844949793;-3.47914354227116,-45.2438602883907 -3.47897436343332,-45.2442708599201;-3.47914354227116,-45.2438602883907 -3.47989342095761,-45.2441071925415;-3.47989342095761,-45.2441071925415 -3.47966958363073,-45.2445844949793;-3.48613366767389,-45.2497542304693 -3.48602967753082,-45.2509666106787;-3.48613366767389,-45.2497542304693 -3.48641236662879,-45.249893322472 -3.48776747111674,-45.2505280289982 -3.48789976073061,-45.250554212878;-3.48789976073061,-45.250554212878 -3.48778440122662,-45.251186098337;-3.48602967753082,-45.2509666106787 -3.48778440122662,-45.251186098337;-3.48370767533885,-45.2469536717152 -3.48310576197222,-45.247916305303;-3.48370767533885,-45.2469536717152 -3.48394846420165,-45.2472375310392 -3.48425933792977,-45.2476247622148 -3.48470693235986,-45.2481183785793 -3.48486708548363,-45.2482945169074 -3.48500437862498,-45.2484375118219 -3.48530995078404,-45.2487203712865 -3.48544823050208,-45.248834521651 -3.48570158983174,-45.2490376398526 -3.48600774178987,-45.2493022143083 -3.48629967108021,-45.2495910119813 -3.48635073491618,-45.2496940697862 -3.48630796221465,-45.2497556414744;-3.48310576197222,-45.247916305303 -3.48427146437588,-45.2486277130742 -3.48531792594981,-45.2492780267246 -3.48630796221465,-45.2497556414744;-3.48315326954715,-45.2463011392555 -3.48297948726584,-45.2465945653733 -3.48266840232166,-45.2471600188195 -3.48250552083894,-45.2475275591174;-3.48315326954715,-45.2463011392555 -3.48366878913068,-45.2469119439108;-3.48366878913068,-45.2469119439108 -3.48305111153717,-45.2478648534787;-3.48250552083894,-45.2475275591174 -3.48305111153717,-45.2478648534787;-3.48647266528045,-45.2498430269171 -3.48779086521762,-45.2504718465497 -3.487906932105,-45.2505034619488;-3.48647266528045,-45.2498430269171 -3.48647010003255,-45.2498311067024 -3.48758356061422,-45.2499502837557 -3.48797529182307,-45.2499956614665;-3.48797529182307,-45.2499956614665 -3.487906932105,-45.2505034619488;-3.48801474103492,-45.2499922900891 -3.48794222445843,-45.250526958143;-3.48801474103492,-45.2499922900891 -3.48862040694525,-45.2500464225844;-3.48862040694525,-45.2500464225844 -3.4885421281026,-45.2505931056622;-3.48794222445843,-45.250526958143 -3.4885421281026,-45.2505931056622;-3.48792258167561,-45.250560264149 -3.48781502379531,-45.2511929247702;-3.48792258167561,-45.250560264149 -3.48853491294984,-45.250640912854;-3.48853491294984,-45.250640912854 -3.48846068376934,-45.2512601763438;-3.48781502379531,-45.2511929247702 -3.48846068376934,-45.2512601763438;-3.48858263516012,-45.2506491167755 -3.48850252168424,-45.2512591294844;-3.48858263516012,-45.2506491167755 -3.48919666178647,-45.2507222892272;-3.48919666178647,-45.2507222892272 -3.48914104479283,-45.2513422184559;-3.48850252168424,-45.2512591294844 -3.48914104479283,-45.2513422184559;-3.48867464295164,-45.2500636144603 -3.48859203203656,-45.2505982059572;-3.48867464295164,-45.2500636144603 -3.48924510600241,-45.2501277843296;-3.48924510600241,-45.2501277843296 -3.48920143908555,-45.2506723359978;-3.48859203203656,-45.2505982059572 -3.48920143908555,-45.2506723359978;-3.48930037036359,-45.2501411345117 -3.48925136845791,-45.2506803305338;-3.48930037036359,-45.2501411345117 -3.48987933809154,-45.2502171877108;-3.48987933809154,-45.2502171877108 -3.48984040598179,-45.250739596527;-3.48925136845791,-45.2506803305338 -3.48984040598179,-45.250739596527;-3.48924067972252,-45.2507266861438 -3.48919127475566,-45.2513432323819;-3.48924067972252,-45.2507266861438 -3.48983462062704,-45.2507916601509;-3.48983462062704,-45.2507916601509 -3.489770506919,-45.2514153924736;-3.48919127475566,-45.2513432323819 -3.489770506919,-45.2514153924736;-3.49498081309457,-45.2521861446364 -3.49473001436534,-45.2522219837019 -3.49439487810146,-45.2521751616861 -3.49388838351352,-45.2521668206576 -3.49377509232431,-45.2521579194113;-3.4910137771296,-45.2523493164792 -3.49097793175097,-45.2526443323438;-3.49080440695589,-45.2526190598128 -3.49097793175097,-45.2526443323438;-3.4910137771296,-45.2523493164792 -3.49087917880866,-45.2524995603436 -3.49080440695589,-45.2526190598128;-3.49377078986929,-45.2522014077073 -3.49377509232431,-45.2521579194113;-3.4936877225558,-45.2529294490443 -3.49367188365188,-45.2530188685582 -3.49367366197032,-45.2538613044154;-3.49377078986929,-45.2522014077073 -3.4944127846204,-45.2522770181459 -3.49497388527884,-45.252355443672 -3.49531393903194,-45.2523886380245;-3.4937916915585,-45.2522570311852 -3.49441773370897,-45.2523278459902 -3.49496755109772,-45.252405044757 -3.49530150334177,-45.2524364310601;-3.49385129493515,-45.2550952348492 -3.49394888206299,-45.254721555627 -3.49400730318572,-45.2544683974285 -3.49400730318572,-45.2543223446216 -3.49394888206299,-45.2542493182182;-3.49077615751313,-45.2527008316961 -3.49062796407454,-45.2529746975089 -3.49052788326507,-45.2532104762893 -3.4904774102526,-45.2536782972737 -3.49050163328541,-45.2538333568076 -3.49063580080911,-45.254168483658;-3.49077615751313,-45.2527008316961 -3.49154635524182,-45.2527734469795;-3.49154635524182,-45.2527734469795 -3.491464216838,-45.253282745645 -3.49146490447992,-45.2533704174796 -3.4914830414001,-45.2535057712713 -3.49159609156599,-45.2538388340888;-3.49159609156599,-45.2538388340888 -3.49101481427836,-45.2540598470071 -3.49063580080911,-45.254168483658;-3.49112180669757,-45.251990400155 -3.49101648048311,-45.2526699191326;-3.49112180669757,-45.251990400155 -3.49172271267597,-45.2520413375561;-3.49172271267597,-45.2520413375561 -3.491656477881,-45.2527321561038;-3.49101648048311,-45.2526699191326 -3.491656477881,-45.2527321561038;-3.49115380065746,-45.2516918178725 -3.49113861199468,-45.2519381204465;-3.49115380065746,-45.2516918178725 -3.4917725339418,-45.251761427692;-3.4917725339418,-45.251761427692 -3.49174445629683,-45.2519860463408;-3.49113861199468,-45.2519381204465 -3.49174445629683,-45.2519860463408;-3.49183343862335,-45.2517707483966 -3.49180313341683,-45.2520051818745;-3.49183343862335,-45.2517707483966 -3.49247501105824,-45.2518453040968;-3.49247501105824,-45.2518453040968 -3.49244480507502,-45.2520852052132;-3.49180313341683,-45.2520051818745 -3.49244480507502,-45.2520852052132;-3.49251142505148,-45.2518530731736 -3.49249350135912,-45.2520795534568;-3.49251142505148,-45.2518530731736 -3.49301655997213,-45.2519059003702 -3.49373286293491,-45.2519627805632;-3.49373286293491,-45.2519627805632 -3.49372068185415,-45.2521961413171;-3.49249350135912,-45.2520795534568 -3.49308798648538,-45.2521193493722 -3.49372068185415,-45.2521961413171;-3.49378369324907,-45.2519687640802 -3.4937798810986,-45.2521099580757;-3.49378369324907,-45.2519687640802 -3.49439391572956,-45.2520345386419;-3.49439391572956,-45.2520345386419 -3.4943761418896,-45.2521250538164;-3.4937798810986,-45.2521099580757 -3.4943761418896,-45.2521250538164;-3.49444322087604,-45.2520429399042 -3.49442630864511,-45.2521290672429;-3.49444322087604,-45.2520429399042 -3.49474240853414,-45.2521140455496 -3.49485536917872,-45.2521584248807;-3.49442630864511,-45.2521290672429 -3.49473381809457,-45.2521720295058 -3.49485536917872,-45.2521584248807;-3.4937916915585,-45.2522570311852 -3.49381769399166,-45.252305056522 -3.49403266475274,-45.2523625847219 -3.4944018542614,-45.2524027367477 -3.49474553876527,-45.2524637139034;-3.49442002343575,-45.2524566198045 -3.49437215015997,-45.2527713720309 -3.49436286267184,-45.2528947629447 -3.49436549385469,-45.2529304560443;-3.49442002343575,-45.2524566198045 -3.49470690737251,-45.2525067909389;-3.49470690737251,-45.2525067909389 -3.49467571695252,-45.2527455300334 -3.49463375059842,-45.2528731898097 -3.49456052185419,-45.2529683681158;-3.49456052185419,-45.2529683681158 -3.49436549385469,-45.2529304560443;-3.4936877225558,-45.2529294490443 -3.49426263211172,-45.2529778742511 -3.49433979625842,-45.2529763965678 -3.49457208832978,-45.2530206048313;-3.49385129493515,-45.2550952348492 -3.49331063894087,-45.2550474165169;-3.49304182259835,-45.2529139728547 -3.49297096519859,-45.2537854120257 -3.49298735456606,-45.2541269561512 -3.49316887080022,-45.2543424896834 -3.49324833504841,-45.2544794442409 -3.49332763571517,-45.2546735536079 -3.49331063894087,-45.2550474165169;-3.49304182259835,-45.2529139728547 -3.49364249231547,-45.2529416030371;-3.49364249231547,-45.2529416030371 -3.49363621331629,-45.2530253522428 -3.49363778244766,-45.2538817955222;-3.49160707118952,-45.252776574533 -3.4915178712114,-45.2532723965552 -3.49151309737065,-45.2533671474269 -3.49152949599157,-45.2534831562814 -3.49166176706937,-45.2538450515546;-3.49160707118952,-45.252776574533 -3.49299782188697,-45.2529054151313;-3.49299782188697,-45.2529054151313 -3.49293507573165,-45.2538312277929;-3.49166176706937,-45.2538450515546 -3.49197343888458,-45.2538051673534 -3.49293507573165,-45.2538312277929;-3.49177121634333,-45.2520494791193 -3.49171308409935,-45.2527384670092;-3.49177121634333,-45.2520494791193 -3.49244438226006,-45.2521250349579 -3.49305879233148,-45.2521692175935;-3.49305879233148,-45.2521692175935 -3.49301541269203,-45.2526477785217 -3.49299821786987,-45.2528588332207;-3.49171308409935,-45.2527384670092 -3.49299821786987,-45.2528588332207;-3.49310860705163,-45.2521733865174 -3.49305486751344,-45.252649225682 -3.49304710486756,-45.2528630536428;-3.49310860705163,-45.2521733865174 -3.49370381221369,-45.2522452192648;-3.49370381221369,-45.2522452192648 -3.49370920259128,-45.2522912095009 -3.49363983930507,-45.2529025630295;-3.49304710486756,-45.2528630536428 -3.49363983930507,-45.2529025630295;-3.4937543019367,-45.2523413541201 -3.49368993821754,-45.2529045186293;-3.4937543019367,-45.2523413541201 -3.494020094856,-45.2524123746867 -3.49437051260478,-45.2524496229503;-3.49437051260478,-45.2524496229503 -3.49432236235938,-45.2527666737475 -3.49431286106215,-45.2528965815329 -3.49431509312944,-45.2529268604624;-3.49368993821754,-45.2529045186293 -3.49426242379015,-45.2529278690733 -3.49431509312944,-45.2529268604624;-3.49106619879234,-45.2516815797239 -3.49101812334953,-45.2519565365972;-3.49044019130515,-45.2519168455108 -3.49101812334953,-45.2519565365972;-3.49047228458364,-45.2516186600512 -3.49044019130515,-45.2519168455108;-3.49047228458364,-45.2516186600512 -3.49106619879234,-45.2516815797239;-3.49102653172776,-45.2520029756894 -3.49099732994583,-45.252249238287;-3.49099732994583,-45.252249238287 -3.4909124320545,-45.2523835148991 -3.49083420054875,-45.2524604681118 -3.49068873873453,-45.2527098451897 -3.49054980948776,-45.2528754288148;-3.49033132693158,-45.2528496582823 -3.49054980948776,-45.2528754288148;-3.49043454303177,-45.2519573274734 -3.49033132693158,-45.2528496582823;-3.49043454303177,-45.2519573274734 -3.49102653172776,-45.2520029756894;-3.49051606058429,-45.2529280083906 -3.49040980716353,-45.2532320347051 -3.49037242571726,-45.253503289631;-3.49037242571726,-45.253503289631 -3.49034644874077,-45.253661926981 -3.49029799624459,-45.2537879695464 -3.49026680468258,-45.2538480499211 -3.49010234482265,-45.2540062149608 -3.48977291168955,-45.2540350730259;-3.48963289087893,-45.2528321016647 -3.48977291168955,-45.2540350730259;-3.48963289087893,-45.2528321016647 -3.49029786457442,-45.2528944519756 -3.49051606058429,-45.2529280083906;-3.4904033443265,-45.2538881406079 -3.49073459319649,-45.2547716108617 -3.49094251261952,-45.2552986344181 -3.49101205167909,-45.2555643331272;-3.49101205167909,-45.2555643331272 -3.49059026606239,-45.2583204627098;-3.49032214692877,-45.2582623622757 -3.49059026606239,-45.2583204627098;-3.49012227601549,-45.2540173577011 -3.49025997664964,-45.2555074407494 -3.49031798058137,-45.2567934030501 -3.49035205980503,-45.2580389450144 -3.49032214692877,-45.2582623622757;-3.4904033443265,-45.2538881406079 -3.49012227601549,-45.2540173577011;-3.49008039765744,-45.2540438559795 -3.49020677593202,-45.2555118818348 -3.4902656616375,-45.2567983883577 -3.49029917062221,-45.2580165445957 -3.49025510174236,-45.2581800279266;-3.48977490867986,-45.2540809359409 -3.48988889128873,-45.2552070632993 -3.48998588563511,-45.2557361180559 -3.49008030994193,-45.2567611817642 -3.49021886695919,-45.2580227142264 -3.49021982415639,-45.2581515657933 -3.49025510174236,-45.2581800279266;-3.49008039765744,-45.2540438559795 -3.48977490867986,-45.2540809359409;-3.48596686625156,-45.2510830453014 -3.48586329727654,-45.2523571764919;-3.48348460589323,-45.2520714101096 -3.48586329727654,-45.2523571764919;-3.48370025356963,-45.2508130010655 -3.48348460589323,-45.2520714101096;-3.48370025356963,-45.2508130010655 -3.48596686625156,-45.2510830453014;-3.48912847112986,-45.2514692046534 -3.48904388093385,-45.2526727696387;-3.48591928965409,-45.2523701738011 -3.48904388093385,-45.2526727696387;-3.48602771762085,-45.2510830367882 -3.48591928965409,-45.2523701738011;-3.48602771762085,-45.2510830367882 -3.48912847112986,-45.2514692046534;-3.49043924339163,-45.2516128006604 -3.49030241605773,-45.252826578505;-3.48910143047768,-45.2526791032532 -3.49030241605773,-45.252826578505;-3.48919015649035,-45.251465940364 -3.48910143047768,-45.2526791032532;-3.48919015649035,-45.251465940364 -3.49043924339163,-45.2516128006604;-3.48421058330778,-45.2487535421228 -3.48406497616595,-45.2493384575764 -3.48391301119983,-45.2499168117658;-3.48421058330778,-45.2487535421228 -3.48521507981662,-45.2493817317042 -3.48605918601318,-45.2497760503077;-3.48605918601318,-45.2497760503077 -3.48599067400381,-45.2503768430497;-3.48391301119983,-45.2499168117658 -3.48507162144037,-45.2501722145078 -3.48577501282499,-45.2503619429699 -3.48599067400381,-45.2503768430497;-3.48390083991414,-45.249976003801 -3.48372239431774,-45.2506852996318;-3.48390083991414,-45.249976003801 -3.48505626037141,-45.2502400239967 -3.48577951467475,-45.2504241346029 -3.48597679461571,-45.2504368717292;-3.48597679461571,-45.2504368717292 -3.48594945244871,-45.2509564963808;-3.48372239431774,-45.2506852996318 -3.48594945244871,-45.2509564963808;-3.48299498469362,-45.2497434798965 -3.4826926226482,-45.2505687404311;-3.48299498469362,-45.2497434798965 -3.48383962797388,-45.2499613969655;-3.48383962797388,-45.2499613969655 -3.48366352112331,-45.250680962509;-3.4826926226482,-45.2505687404311 -3.48366352112331,-45.250680962509;-3.48238335601139,-45.2495309197317 -3.48223294984411,-45.2498824041427 -3.48203198547303,-45.2504845894142;-3.48238335601139,-45.2495309197317 -3.48293230947447,-45.2497307830804;-3.48293230947447,-45.2497307830804 -3.4826452244903,-45.2505626929509;-3.48203198547303,-45.2504845894142 -3.4826452244903,-45.2505626929509;-3.48244448539486,-45.2476665970026 -3.48166079865867,-45.2492246570386;-3.48244448539486,-45.2476665970026 -3.48297634410116,-45.2480104709894;-3.48297634410116,-45.2480104709894 -3.48261324467417,-45.2487812974611 -3.48234232574654,-45.2494669846936;-3.48166079865867,-45.2492246570386 -3.48197639934951,-45.2493516296515 -3.48234232574654,-45.2494669846936;-3.48303699304837,-45.2480397740912 -3.48267300260336,-45.2488032168885 -3.48240568812143,-45.2494806289337;-3.48303699304837,-45.2480397740912 -3.48367045907625,-45.2484140914929;-3.48367045907625,-45.2484140914929 -3.48343141918876,-45.2488149493745 -3.48321221356946,-45.2491857153718 -3.48295524985282,-45.2496752262914;-3.48240568812143,-45.2494806289337 -3.48295524985282,-45.2496752262914;-3.48371316191735,-45.24844483861 -3.48348562265707,-45.2488172348464 -3.48326444962669,-45.2491974966892 -3.48301249834584,-45.249688014842;-3.48371316191735,-45.24844483861 -3.48417552123215,-45.2487158752344;-3.48417552123215,-45.2487158752344 -3.48401195220342,-45.2493119603545 -3.48384721743754,-45.2499109320666;-3.48301249834584,-45.249688014842 -3.48346002186524,-45.2498127866018 -3.48384721743754,-45.2499109320666;-3.42443261781035,-45.1303520633364 -3.42468990938584,-45.1303280026074 -3.42496631372395,-45.1303821436634 -3.42510582227204,-45.1304171213109;-3.42508579919017,-45.1304778849661 -3.42499112677992,-45.1317276687317 -3.42493812146318,-45.1326388553672;-3.42708941674582,-45.1319832904186 -3.42713507194282,-45.1321117644192 -3.42718807725956,-45.1322505878678 -3.4271843775215,-45.1326991881214 -3.42724663364402,-45.1329108589379 -3.42724744633398,-45.1332430773378 -3.42728455868406,-45.1334805963783 -3.42739913866769,-45.1336997928687 -3.42744588785868,-45.1338442852806 -3.42743418897854,-45.1340560867656 -3.42733536071666,-45.1343535495657 -3.4271334357005,-45.1345049933278 -3.42703248751376,-45.1345558281009 -3.4269714937259,-45.134619080918 -3.42695713355625,-45.1347555025297 -3.42694769501128,-45.1349725890641 -3.42690482063599,-45.1351036867007 -3.4268968167873,-45.1351759206295 -3.42687621998494,-45.1353246780134 -3.42681283982978,-45.1354447099514;-3.42677706601918,-45.1354267736146 -3.42683709402835,-45.1353156106347 -3.42685709014692,-45.1351712442558 -3.4268652975242,-45.1350971735021 -3.42686620158068,-45.1350930534186 -3.42690785439347,-45.134968054119 -3.42691719800008,-45.134753151167 -3.42691728901418,-45.1347519262158 -3.4269324333904,-45.1346080546418 -3.42693792661355,-45.1345962656261 -3.42700607630651,-45.1345255918704 -3.4270115289205,-45.134521586038 -3.4271108784196,-45.1344719112885 -3.42730626812152,-45.134325369012 -3.42739441939646,-45.1340511206011 -3.42740665299562,-45.1338529362948 -3.4273628971107,-45.133716806875 -3.42724758276564,-45.1334962055193 -3.42724554703384,-45.1334900279727 -3.42720768609331,-45.1332477179533 -3.42720744633398,-45.1332446304157 -3.42720744633398,-45.132919382445 -3.4271451574564,-45.1327076002612 -3.42714434605763,-45.1327017296767 -3.42714935093641,-45.1322613003436 -3.42709812386171,-45.1321271341956 -3.42701644717026,-45.1319712113006;-3.42708941674582,-45.1319832904186 -3.42718068739329,-45.1319917952995 -3.42736888980015,-45.1319892171843 -3.42772724780775,-45.1320261701683 -3.42807357461126,-45.1322246850358 -3.42818443356325,-45.1323114815796 -3.42833224549923,-45.1323948406365 -3.42858318204172,-45.1323888250345 -3.42870779094125,-45.1324481216832 -3.42878255628096,-45.1325435119442 -3.42926638255981,-45.1328967137215 -3.42943224130193,-45.1330471037727 -3.4295259128195,-45.1330857755001 -3.42966856852517,-45.1331811657611 -3.4298636459058,-45.1332026500541 -3.43000630161146,-45.1331880407349 -3.43013692611303,-45.1332043687976 -3.43031137857237,-45.1333899930893 -3.4305021378726,-45.133559084922;-3.42508579919017,-45.1304778849661 -3.4249527551169,-45.130425849698 -3.42468508549024,-45.1303678178487 -3.42443947390006,-45.1303915867122;-3.43442112269522,-45.1380339588311 -3.43432034170142,-45.1379396575726 -3.43365153945868,-45.137596430549 -3.43263179009902,-45.13685563273 -3.43244479538563,-45.1367281363345 -3.43220401463846,-45.1365915073175 -3.43214672045563,-45.1365561316331 -3.43189107052522,-45.1363462495174 -3.43174295808472,-45.1361780804569 -3.43089055361199,-45.1349104020102 -3.43066047529682,-45.1346335933371 -3.43051170717966,-45.1343129903285 -3.43048985065472,-45.1340045704765 -3.4305021378726,-45.133559084922;-3.42701644717026,-45.1319712113006 -3.42692728721044,-45.1319287250052 -3.42680118143539,-45.1317982379582 -3.4262808017936,-45.1312966833366 -3.42619300162033,-45.131183919507 -3.42569783860245,-45.1307379646757 -3.42548073886954,-45.1306002675973 -3.42515464491948,-45.130501881876;-3.42515464491948,-45.130501881876 -3.42501439479535,-45.1326728009474;-3.42510582227204,-45.1304171213109 -3.42512541075797,-45.1302245698615 -3.42529042622132,-45.1293819154513 -3.42545070740423,-45.1289229284275 -3.42563866591159,-45.128594294304 -3.42601533429856,-45.1280025258772 -3.42621447152581,-45.1278082456555 -3.42653139113747,-45.1275726808867 -3.42697364985907,-45.1271847441246;-3.42697364985907,-45.1271847441246 -3.42664853726046,-45.1268632597361 -3.42634803917823,-45.126411856562 -3.42611460987179,-45.1262061843732 -3.42571281313462,-45.1256605293898;-3.4257409134854,-45.1256080221447 -3.4261561874593,-45.1261665777821 -3.42638203821703,-45.1263632865066 -3.42669668787337,-45.1268273326504 -3.42701975565003,-45.1271459443198 -3.42705577315378,-45.1272207847091;-3.42705577315378,-45.1272207847091 -3.42745611423108,-45.1274698470108 -3.42758407533134,-45.1275629096292 -3.42781963329361,-45.1277769078356;-3.42781963329361,-45.1277769078356 -3.42793111477037,-45.1276659754138 -3.42815120248593,-45.1274852547869 -3.42833334019378,-45.1274026856926 -3.428585904482,-45.1273662581511 -3.4288311832619,-45.1272351190014;-3.42885061128407,-45.1273079740846 -3.428585904482,-45.1274293992231 -3.42833576869655,-45.1274658267647 -3.42818466716606,-45.12753921633 -3.42796995020687,-45.1277117400003 -3.42786384379347,-45.1278175551273;-3.42786384379347,-45.1278175551273 -3.42806161197596,-45.1280012780529 -3.42839839457537,-45.1283559824108 -3.42901089246698,-45.1290443535661 -3.42945045146859,-45.1294741985566;-3.42945045146859,-45.1294741985566 -3.4300842906919,-45.1290467820688 -3.43056513424062,-45.1297364768559 -3.43012800374179,-45.130101966523 -3.43009157620022,-45.1302003208852 -3.43007457668082,-45.1303521023084;-3.43007457668082,-45.1303521023084 -3.43022271534987,-45.1306289516243 -3.43044128059929,-45.1310029410511 -3.4305590629837,-45.1313344316794;-3.4305590629837,-45.1313344316794 -3.43064293968242,-45.1313080210149 -3.43081110102603,-45.1312540430434 -3.43113366784026,-45.1312647528843 -3.43140444931034,-45.1312913207889 -3.43168037066166,-45.1312463072266 -3.43181338466509,-45.131163222234 -3.43196638033968,-45.1311329980698 -3.43206837745607,-45.1311381193163 -3.43228451420272,-45.1311915463773 -3.43265364662397,-45.1311653739124;-3.43265903211141,-45.1312158565722 -3.43254679250203,-45.1312263758898 -3.43229422821381,-45.1312433628256 -3.43216989445813,-45.1312234186532 -3.43200523638402,-45.131185078759 -3.43184495520111,-45.131216649295 -3.43167851028159,-45.1313179918517 -3.43139920610892,-45.1313337429829 -3.43088448235506,-45.1313077181489 -3.43075577170818,-45.1313125751544 -3.43064284632931,-45.1313441456905 -3.43056270573786,-45.1313854302376;-3.43056270573786,-45.1313854302376 -3.43063798932377,-45.1317654909213 -3.43064648908347,-45.1322426917159 -3.43064770333485,-45.1325668968358 -3.43061856130159,-45.1329457432682 -3.43059670477666,-45.1333901592754 -3.43055299172677,-45.1339050018629 -3.43057484825171,-45.1342935623063 -3.43065984584871,-45.1344805570197 -3.43081041302053,-45.1347015507719 -3.43094398067295,-45.1348569749493 -3.43146610876879,-45.1356486668527 -3.43176724311243,-45.1360882258543 -3.43194938082028,-45.1362897915843 -3.43227181996196,-45.1365360087521 -3.43262632295419,-45.1367657582205 -3.43322920178076,-45.137211408386 -3.43361411947002,-45.1374919004561 -3.43369304581008,-45.1375453275171 -3.43409496301874,-45.1377505360013 -3.43438152634576,-45.1379096029328;-3.43438152634576,-45.1379096029328 -3.43449323747324,-45.1377007516944 -3.43460252009795,-45.1374530444118 -3.43465351865615,-45.1370450559462 -3.43472273098513,-45.1367839918983 -3.43483565636399,-45.136420930734 -3.43497650952473,-45.1362946485899 -3.43517807525475,-45.1361805089596;-3.42688638716051,-45.1317945425459 -3.42695854559279,-45.1318904444108 -3.42703921245763,-45.1319208081453 -3.42715875015887,-45.1319375182567 -3.42739917193323,-45.1319334665575 -3.42772864300373,-45.1319763617174 -3.42808260042515,-45.1321737184609 -3.4282151236973,-45.1322742370848 -3.4283406257021,-45.132337403324 -3.42859076148754,-45.1323301178157 -3.42873270936274,-45.1324040424461 -3.42880823873504,-45.1325007080205 -3.42930880558499,-45.1328602989756 -3.42946367611337,-45.1330156036161 -3.42957187660716,-45.1330501688874 -3.42969547859109,-45.1331399983228 -3.429852606964,-45.1331551139492 -3.4299495087881,-45.1331400234899 -3.43004086705007,-45.1331303220624 -3.43017121347686,-45.1331628803594 -3.43040147454452,-45.1334011001213 -3.43043897219884,-45.1334343588747 -3.43050822171307,-45.133495560072;-3.4295682137809,-45.1296971171749 -3.42870699357487,-45.1303297773765 -3.42800306381689,-45.1308766589071 -3.42724454047873,-45.1315384636629 -3.42709520546049,-45.1316782868966 -3.42702121840221,-45.1317455605192 -3.42688638716051,-45.1317945425459;-3.43050822171307,-45.133495560072 -3.43054127074144,-45.1333274397318 -3.43056270573786,-45.1328959589614 -3.43059913327943,-45.1323969016419 -3.4305930620225,-45.1320168409582 -3.43057484825171,-45.1317703479268 -3.43053842071014,-45.1315954957273 -3.43048742215194,-45.1312822188698 -3.43037813952723,-45.1310211548219 -3.43002843512816,-45.1303970296097 -3.4296362319306,-45.1297753329002 -3.4295682137809,-45.1296971171749;-3.42684490306937,-45.1317454177241 -3.42632413940195,-45.1312551350143 -3.426235425201,-45.1311414140489 -3.42577092951349,-45.1307188409135;-3.42577092951349,-45.1307188409135 -3.42603456636212,-45.1304086015916 -3.42620974075869,-45.1302024620239 -3.42627524804974,-45.1301253751612 -3.42631460522441,-45.1301289530862 -3.42649416486944,-45.1302054568351 -3.42651414654913,-45.1301992832145 -3.42669211121697,-45.130062300778 -3.42694579155716,-45.129838306435 -3.42707841745565,-45.1297481208241 -3.42716093548735,-45.1297055308722 -3.42723846481851,-45.129645875841;-3.4279347671826,-45.1308536993073 -3.42779195640107,-45.1306260227033 -3.42763392558007,-45.130306732888 -3.42723846481851,-45.129645875841;-3.42684490306937,-45.1317454177241 -3.42697530083213,-45.1317002305006 -3.42716753932662,-45.1315253711386 -3.4279347671826,-45.1308536993073;-3.42572284191339,-45.1306827724074 -3.42549905638281,-45.1305408348133 -3.42517333333,-45.130445;-3.42703309752239,-45.1272773391335 -3.4267284950388,-45.1274897360809 -3.4263767681922,-45.1277724872243 -3.4260734862446,-45.12803153579 -3.42583240587226,-45.1284381128405 -3.42562555960377,-45.1287772182613 -3.42549038133853,-45.1290160294228 -3.42534952817779,-45.1294035077353 -3.42527342670193,-45.129799617928 -3.42518462178272,-45.1302343220119 -3.42516064602708,-45.1304399373531;-3.42703309752239,-45.1272773391335 -3.42742170300982,-45.1275190105072 -3.42753497222,-45.12760497222 -3.42801875077654,-45.1280432757823 -3.42833457058145,-45.1283759018185;-3.42833457058145,-45.1283759018185 -3.42817421123053,-45.1285340689469 -3.42812855170905,-45.1285992968347 -3.42803726734088,-45.1286839663936 -3.42794195566363,-45.1287835824987 -3.4277990729056,-45.1289625077543 -3.42764148360056,-45.1291361703696 -3.42735381280253,-45.129429809843 -3.427248501273,-45.1295525556682;-3.427248501273,-45.1295525556682 -3.42702064664051,-45.129232726405;-3.42697819969205,-45.1292740804652 -3.4272054243297,-45.1295955623039;-3.4272054243297,-45.1295955623039 -3.42713094963618,-45.1296534870656 -3.42704617794005,-45.1296974858557 -3.42690749881087,-45.1297920759693 -3.42665315888471,-45.1300166527126 -3.42649162603046,-45.1301409087543 -3.42633419419841,-45.1300720323278 -3.42632488570577,-45.1300696402517 -3.4262651812832,-45.1300642125769 -3.42624685119649,-45.1300684729222 -3.42622656003358,-45.1300900132053 -3.42572284191339,-45.1306827724074;-3.42728337045649,-45.1296040703987 -3.42768734548753,-45.1302793821784 -3.42782997321559,-45.1305737666869 -3.42798196721109,-45.130816033768;-3.42728337045649,-45.1296040703987 -3.42739721842868,-45.1294712477645 -3.42768109936157,-45.1291817652574 -3.42783822270657,-45.1290096347513 -3.42798799811466,-45.1288220781592 -3.42817169733684,-45.1286411139068 -3.42822177966237,-45.1285707416638 -3.42837381853628,-45.1284214526907;-3.42837381853628,-45.1284214526907 -3.42905330555,-45.12918 -3.42909666666,-45.12921497222 -3.42912166666,-45.12924997222 -3.42914830555,-45.12928830555 -3.42918830555,-45.12933 -3.42923830555,-45.12936666666 -3.42928830555,-45.12939 -3.42934,-45.12945333333 -3.42938663888,-45.12949497222 -3.42944,-45.12955 -3.42949330555,-45.129625 -3.42953003841104,-45.1296512024344;-3.42798196721109,-45.130816033768 -3.42953003841104,-45.1296512024344;-3.59107262093437,-45.2277432464 -3.59092688949489,-45.2278499277571;-3.5908753374669,-45.2313198565791 -3.59060560882367,-45.2309649504696 -3.59060560882367,-45.2309152636142;-3.59060560882367,-45.2309152636142 -3.59078542791916,-45.2307898634555 -3.59106781138472,-45.2306141581881 -3.59151572705266,-45.2302200278934 -3.59151907050274,-45.2301600639646;-3.59054546818513,-45.230880634978 -3.59075940147113,-45.2306975878671 -3.59110247737699,-45.2304941083643 -3.59146419682632,-45.2301720108885;-3.59252717048576,-45.2261601183443 -3.59248971191707,-45.2264972509008 -3.5924130803104,-45.2267095707557 -3.59230318208236,-45.2270652648656 -3.59213630979429,-45.2272367710475 -3.59188391196104,-45.2274584458356 -3.59158169686008,-45.227673470713 -3.5912661006927,-45.2279230811245;-3.5912661006927,-45.2279230811245 -3.59108857545203,-45.2276936981089;-3.59108857545203,-45.2276936981089 -3.59106473983144,-45.2276994638454 -3.59090403672616,-45.2278193462364;-3.59107262093437,-45.2277432464 -3.59121961439713,-45.2279574076762;-3.59121961439713,-45.2279574076762 -3.59043692360311,-45.2284354397878 -3.5894224377319,-45.2291213042008;-3.5894224377319,-45.2291213042008 -3.58894538758763,-45.228417931302 -3.58815902563292,-45.2274206500858;-3.59081075356859,-45.2313007077596 -3.59054885311446,-45.2309730885132 -3.58938015649499,-45.2291946485532 -3.58888166762963,-45.2284519120999 -3.58809324120815,-45.2274742875246;-3.59054546818513,-45.230880634978 -3.58946551325293,-45.2292006279547;-3.58946551325293,-45.2292006279547 -3.59044224511097,-45.2285016849234;-3.59146419682632,-45.2301720108885 -3.59145854638675,-45.2301034742707 -3.59135708178771,-45.2298176871838 -3.59109269037518,-45.2293767686459 -3.5906820166753,-45.2288298752987 -3.59044224511097,-45.2285016849234;-3.59151907050274,-45.2301600639646 -3.59150623790317,-45.2300642699874 -3.59139376851889,-45.2297578882527 -3.59114605591346,-45.2293457654238 -3.59075044410985,-45.2288197905724;-3.59075044410985,-45.2288197905724 -3.59148463926751,-45.2283910856059;-3.59218372409322,-45.2298856370381 -3.59208321988239,-45.2294898716555 -3.5919128325922,-45.2291789652514 -3.59174681298568,-45.2288580425271 -3.59148463926751,-45.2283910856059;-3.59071238461247,-45.2287612739884 -3.59050207222132,-45.2284563204707;-3.59122700656818,-45.2280058838244 -3.59050207222132,-45.2284563204707;-3.59145051206034,-45.2283401456936 -3.59122700656818,-45.2280058838244;-3.59071238461247,-45.2287612739884 -3.59145051206034,-45.2283401456936;-3.59127942329283,-45.2279791852003 -3.5915462830716,-45.2283566988959 -3.59179899944622,-45.2288352366913 -3.5919638660512,-45.2291472930626 -3.59212102782983,-45.2294467152526 -3.59223581607082,-45.2298634502701;-3.59261888497788,-45.2261204294401 -3.59256322071611,-45.226487659515 -3.59237301798905,-45.2270972125754 -3.5921826980317,-45.2272825158407 -3.59192747385381,-45.2275178232921 -3.59163036582742,-45.2277231492292 -3.59127942329283,-45.2279791852003;-3.57055274916606,-45.2329422641365 -3.57127576059243,-45.2324433454295 -3.57249653244811,-45.2315987424056 -3.57270420912604,-45.231450704413 -3.57310465266876,-45.2311581091303 -3.57316444166862,-45.2311134690112 -3.57400481236946,-45.2304961915197;-3.60300341935719,-45.3445596669853 -3.60282631311883,-45.3444703820221 -3.60275467931074,-45.3444309620042;-3.60176208031789,-45.3448432843047 -3.60183246902092,-45.344987063858 -3.60187930703437,-45.3452300360528;-3.59850399252738,-45.3450060693025 -3.59771950596475,-45.3447440916633 -3.59753508128679,-45.3447045720894;-3.60275467931074,-45.3444309620042 -3.60287754219604,-45.3443166947905 -3.6029463355283,-45.3442069181965 -3.60296920662876,-45.3441183305802;-3.59751301454403,-45.3447672710986 -3.59769882028136,-45.3448168742703 -3.5987953802314,-45.3451531877564 -3.59907302613836,-45.3452408875883 -3.59932735227097,-45.3452682694205 -3.59959044763861,-45.3452605697278 -3.60098302784122,-45.3451387012852 -3.60120028019278,-45.3451037763882 -3.60134044875382,-45.3450590504841 -3.60142666163529,-45.3450349903888 -3.60157805620218,-45.3449573298085 -3.60176208031789,-45.3448432843047;-3.60194078192702,-45.3452095444219 -3.60188808916189,-45.3449724269788 -3.60183246902092,-45.3448055665559;-3.60183246902092,-45.3448055665559 -3.60252625709516,-45.3445128289718 -3.60262578787374,-45.3444777004617;-3.60262578787374,-45.3444777004617 -3.60280728517587,-45.3445245384752 -3.60299170985383,-45.3446211418779;-3.60290976947888,-45.344149310981 -3.60284829647154,-45.3442553026144 -3.60272244395174,-45.3443440540838 -3.60245875483057,-45.3444656644652 -3.60171467433303,-45.34479365376 -3.60139281173516,-45.3449338753328 -3.60120435983702,-45.3450643416079 -3.60091423487085,-45.345100911282 -3.60048770452927,-45.3451374541943 -3.5997732966067,-45.3452013728161 -3.59945987574229,-45.3452345910142 -3.59907696900575,-45.3452017183947 -3.59906905079902,-45.3452010325131 -3.59853293478343,-45.3450243148574;-3.60261577778429,-45.3433839217467 -3.60290692184316,-45.3440780934918 -3.60290976947888,-45.344149310981;-3.59853293478343,-45.3450243148574 -3.59855323187895,-45.3449441444302 -3.59859040027736,-45.3448977788949 -3.59877852211763,-45.3448874630614 -3.59903024055724,-45.3448870382425 -3.59913720754737,-45.3448360383936 -3.5992040351737,-45.344659316197 -3.59936469700114,-45.3444559471357 -3.5995233100254,-45.3442974699706 -3.59971139924371,-45.3441592605134 -3.59985504842347,-45.3441348243649 -3.59997372223363,-45.3441735928394 -3.6002438829655,-45.3440988011842 -3.60030985657205,-45.3441224808553 -3.6003775632281,-45.3442113092602 -3.60049988762863,-45.3442626685289 -3.60058624863078,-45.3442796595801 -3.60084161222288,-45.3442997688131 -3.60098536272677,-45.3442820597743 -3.60147489583834,-45.3441555119566 -3.60190628193995,-45.3439303987086 -3.60215334460198,-45.3436821516604 -3.60238718244276,-45.3434526604869 -3.60261577778429,-45.3433839217467;-3.60189321753093,-45.3425916405291 -3.60192541413539,-45.343026068591 -3.60196822398654,-45.3433283006274 -3.6020694555053,-45.3436907094002;-3.6020694555053,-45.3436907094002 -3.60187708644559,-45.3438792142781 -3.60147170658627,-45.344108091073 -3.60099415603575,-45.3442380519972 -3.60083026939977,-45.344252512196 -3.60059871306314,-45.3442327802334 -3.60050935851877,-45.3442251659286 -3.60040098223482,-45.344179108126 -3.60034783463636,-45.3441065456804 -3.60025934495604,-45.3440585475453 -3.60005166931757,-45.3440951089165 -3.59994507845441,-45.3441130725708 -3.59986235514107,-45.3440853271242 -3.59970689641161,-45.3441008448185 -3.59948525722184,-45.3442510046836 -3.59934317292118,-45.3444102489757 -3.59917140897737,-45.3446179548588 -3.59910319555095,-45.3448003822857 -3.59900885184396,-45.3448409012965 -3.59877784523696,-45.3448439639338 -3.59859353905505,-45.3448388823665 -3.59852215979948,-45.3449084250588 -3.59850399252738,-45.3450060693025;-3.6020518161083,-45.3433774880964 -3.60201731866223,-45.343327372941 -3.60196876712671,-45.3430181568751 -3.60193341166962,-45.3426108814862;-3.60193341166962,-45.3426108814862 -3.60196711999747,-45.342525428621 -3.60217515729541,-45.3424859457482 -3.60244722951557,-45.3424158062873;-3.60244722951557,-45.3424158062873 -3.60248528658451,-45.342528003651 -3.60254565893243,-45.3427722069718 -3.60257357161956,-45.3428932926271 -3.60258573845735,-45.3430535461619 -3.60261834772362,-45.3433025387462;-3.60261834772362,-45.3433025387462 -3.60242286945262,-45.3433518985738 -3.6020518161083,-45.3433774880964;-3.6011283404788,-45.3369815180372 -3.60119433272902,-45.3374929089213 -3.60135409264487,-45.3379801873135 -3.60137771661517,-45.3381570060632 -3.60146146480803,-45.3383602090562 -3.60157597250204,-45.3386024967394 -3.6016020248611,-45.3389482969252 -3.60166846083334,-45.3392420878884 -3.60175973022377,-45.3399068342778 -3.6018149337764,-45.3400808585586 -3.6018799487432,-45.3405764401765 -3.60192271351756,-45.34072948118 -3.6019898038344,-45.3408838800304 -3.60209951151567,-45.3412823835882 -3.60225253856284,-45.3421007370967 -3.60238511529518,-45.342277163161 -3.60241952391206,-45.3423636425122;-3.60241952391206,-45.3423636425122 -3.60217699383228,-45.3424292426136 -3.6019536827885,-45.3424763184048 -3.60189321753093,-45.3425916405291;-3.60296920662876,-45.3441183305802 -3.60295415446586,-45.3440483470263 -3.60268343490829,-45.3433633953951 -3.60263021559241,-45.3430500818724 -3.60261875645462,-45.3428880960874 -3.60258754070157,-45.3427517162648 -3.60253624570593,-45.3425052149253 -3.60249675683952,-45.3423927936445 -3.60242017941683,-45.3422540966782 -3.60230907289397,-45.3420896693375 -3.60214235277032,-45.3412801162336 -3.60203379554423,-45.3408741018494 -3.60194873170469,-45.3406971985831 -3.60191173575357,-45.3405422186097 -3.60184587546124,-45.3400548878515 -3.60179960509508,-45.3398958695515 -3.60173064825651,-45.3393837100349 -3.60169166083736,-45.3391454540214 -3.60164677995251,-45.3389475943671 -3.60160701617587,-45.3385854919263 -3.60141577689994,-45.3381548696206 -3.60138481775751,-45.3379479217903 -3.60123838335855,-45.3374861981802 -3.60117867603389,-45.3369803980748;-3.52203610081568,-45.4122344065782 -3.52229888615984,-45.4121915891046 -3.52247155342995,-45.4120849416731;-3.52402117509291,-45.4096049988855 -3.52393761106215,-45.4094841930119 -3.52384423639512,-45.4094101203406 -3.52376153268719,-45.4093344570294 -3.52366406221535,-45.4093002718675 -3.52351300424371,-45.409302091843 -3.52336438611604,-45.4093662855927 -3.52331075151895,-45.4094169390928 -3.52308406754123,-45.409677570078 -3.52307772710248,-45.4096787124626 -3.52271685637083,-45.4097028386138 -3.52262819121616,-45.4097127423395 -3.52260429965625,-45.4096903037793;-3.52262846696839,-45.4095629865309 -3.52266055388203,-45.4096437804728 -3.52305557404887,-45.4096243336104 -3.52328794834574,-45.40939140182 -3.52328608514355,-45.4093861549778 -3.52334335845832,-45.4093354945697 -3.52336142937664,-45.409313333695 -3.52349765349273,-45.4092672040726 -3.52351468948001,-45.4092626562248 -3.5236492400899,-45.4092572270914 -3.52366641072613,-45.4092624955631 -3.52375593436871,-45.4092797639412 -3.5237853744749,-45.4092969639628 -3.52389760688634,-45.4093624742029 -3.52396121581279,-45.4094056052987 -3.52405004270824,-45.4095367779135;-3.52057048268239,-45.4124452468093 -3.52065939324298,-45.412127004306 -3.52079900800246,-45.4116720887681 -3.52057085672219,-45.4116140058987 -3.52021462857618,-45.4113788133918 -3.52017065354366,-45.4111884988404 -3.52020321847016,-45.4108935111363 -3.52023125690298,-45.4106427141378 -3.52013784357588,-45.4105553516489 -3.52005793633157,-45.4104540060311 -3.5200417942276,-45.410074461584;-3.52228766338313,-45.411109114913 -3.52223275246006,-45.4112966252385 -3.52212693506533,-45.4118291256765 -3.52212690140331,-45.4118292914042 -3.52203610081568,-45.4122344065782;-3.52247155342995,-45.4120849416731 -3.52234332258965,-45.4117027883768 -3.52229380771072,-45.411450135533 -3.52228766338313,-45.411109114913;-3.52405004270824,-45.4095367779135 -3.52534633418182,-45.4094634045529;-3.52534933033732,-45.4095287964988 -3.52402117509291,-45.4096049988855;-3.52262846696839,-45.4095629865309 -3.52269936412104,-45.4092244545889 -3.52275009337357,-45.4088999174243 -3.5227674102168,-45.4087406082751 -3.52279965135413,-45.4085746612447 -3.52290206437859,-45.4083034563837 -3.52300068432806,-45.408105268216 -3.5230689596777,-45.4080132861477 -3.52312111445868,-45.4079345798419 -3.52319792422702,-45.4078255289362;-3.51997031255448,-45.4100144973374 -3.51999827912803,-45.4102790296286 -3.52000327625344,-45.4105001832699 -3.52012572644004,-45.410658207117 -3.52012227305918,-45.4109005284141 -3.52009065940941,-45.4112099381488 -3.52016866954408,-45.4114172889401 -3.52035582554803,-45.4115350027304 -3.52048593295448,-45.4116420822104 -3.52072302116407,-45.4117133219273 -3.52060487288099,-45.4120870906272 -3.52050127655541,-45.4124736274633;-3.52129323596544,-45.4100258086062 -3.52059611884923,-45.4100942190853 -3.52004615872263,-45.4100743345785 -3.5200417942276,-45.410074461584;-3.52376749195499,-45.4142294921999 -3.52397429816761,-45.4141169173331 -3.52429627880338,-45.4139029840934 -3.524480136716,-45.413813723666 -3.52468223517734,-45.4136636064618 -3.52508932113042,-45.4133446472198 -3.52529497805312,-45.4131627490286 -3.525835179304,-45.4124930009587 -3.52590201796075,-45.4123564656099 -3.52600465844578,-45.4120375410282 -3.52608498613226,-45.4118111671964 -3.52613192340907,-45.4116464014157 -3.52619977129432,-45.4115571621374 -3.52634902597294,-45.4114419674543 -3.52643274813283,-45.4113138995268 -3.52653702374487,-45.4110980763486 -3.52672738546862,-45.4108631993415;-3.52260429965625,-45.4096903037793 -3.52251038080047,-45.4100972207285 -3.52246078537503,-45.4103081301199 -3.52236317229235,-45.4107634672074 -3.52232935705356,-45.4109819675777 -3.52235619275008,-45.4114637085062 -3.52240273324637,-45.411691452098 -3.52255019648395,-45.4121128015114 -3.52271430485664,-45.412451467285 -3.52299126901619,-45.4128318311437 -3.52315097186195,-45.4131149811312 -3.52328752193438,-45.4134431896251 -3.523422404291,-45.4137425910882 -3.52357625653587,-45.4139657586372 -3.52376749195499,-45.4142294921999;-3.52536743169503,-45.4131709188607 -3.52558555791439,-45.4133275107112 -3.52569136961542,-45.4133707894783 -3.52582215221995,-45.4134383962771 -3.52591796345906,-45.413516521058 -3.52607121102897,-45.4135193674228;-3.52536743169503,-45.4131709188607 -3.52590107277441,-45.4125133966965 -3.52596442642214,-45.4123792537117 -3.52608080229974,-45.4120792831863 -3.52615313801096,-45.4118151581386 -3.52619649287334,-45.4116857169744 -3.52627213221587,-45.4116002740061 -3.5263857058509,-45.4115027802706 -3.52650093685517,-45.4113581483005 -3.52659456920897,-45.4111359984078 -3.52674379978336,-45.4109261371473;-3.52543459027043,-45.4181101494441 -3.52547262579524,-45.4178163791552 -3.52556597447283,-45.4175375131498 -3.52566540512123,-45.4173033122032 -3.52571951939636,-45.4170868895672 -3.52571627992215,-45.4168967911212 -3.52554861952203,-45.4166838015207 -3.52516383521669,-45.4162604564978 -3.52484925774661,-45.4160537465184 -3.52464595877901,-45.4157703913144 -3.52448067863613,-45.4153965849074 -3.52442585252605,-45.415131643616 -3.52426894148534,-45.4147763245176 -3.52415832680974,-45.4145993771002 -3.52396059990632,-45.4144318257985 -3.52381044605402,-45.4142781698522;-3.52381044605402,-45.4142781698522 -3.52395043878876,-45.4141985049121 -3.52432524850599,-45.4139553655092 -3.52450729853384,-45.4138686491254 -3.52473380615114,-45.4136965986364 -3.52512968060138,-45.4133938121973 -3.52532615913556,-45.4132171356053;-3.52532615913556,-45.4132171356053 -3.52556189334934,-45.4133805280898 -3.52567759631209,-45.4134257892661 -3.52579636116661,-45.4134865055882 -3.52588452670023,-45.4135798848761 -3.52607799577446,-45.4135804828529;-3.52050127655541,-45.4124736274633 -3.52102952082285,-45.4126750737441 -3.52124836061062,-45.4121480364552 -3.52161601832283,-45.412208403849 -3.52177530432987,-45.4122555593334 -3.52200511124987,-45.4123547280796 -3.52233796009258,-45.4122619383698 -3.52250965931545,-45.4121694134871;-3.52250965931545,-45.4121694134871 -3.52265358585144,-45.4124734973526 -3.52294355886631,-45.4128740254071 -3.52306463116538,-45.4130885777719 -3.52320592249695,-45.4134089329555 -3.52336572245093,-45.4137582795174 -3.5235332098427,-45.4140085822569 -3.52372746370155,-45.4142849247059 -3.52390127950639,-45.4144640959183 -3.52410463585782,-45.4146397781395 -3.52420658953347,-45.4147914115249 -3.52436273692441,-45.4151676598982 -3.52442423061065,-45.4153948877843 -3.52458086954964,-45.4157749512889 -3.52480001723675,-45.4160932640738 -3.52512814645393,-45.4163054071797 -3.52548350840752,-45.416708392074 -3.52566488768978,-45.4169172862202 -3.52565587594256,-45.4170633373036 -3.52561128446126,-45.4173017724962 -3.52552256680908,-45.41751021754 -3.52541306553649,-45.4178175067467 -3.52538574845564,-45.4180916133903;-3.52228450618264,-45.4108460975605 -3.52228821477128,-45.4108808375452 -3.52226911164016,-45.4109876890971 -3.52218716027918,-45.411291433998 -3.52193979677462,-45.4122419915921;-3.52193979677462,-45.4122419915921 -3.52177304679707,-45.4122026681671 -3.52162437836644,-45.4121417795113 -3.52120472470876,-45.4120827765001 -3.52100279549864,-45.4126008588701 -3.52057048268239,-45.4124452468093;-3.52129323596544,-45.4100258086062 -3.52143619382452,-45.4103749791337 -3.5214850050567,-45.4104699661168 -3.5215251554782,-45.410569021657 -3.52165416288574,-45.4106231851561 -3.52183981246156,-45.4107388982418 -3.52214659625383,-45.4108232759003 -3.52228450618264,-45.4108460975605;-3.52244775439221,-45.4100933792959 -3.52238376317975,-45.4104098369502 -3.52230490265726,-45.4107797147207;-3.52230490265726,-45.4107797147207 -3.52217997681085,-45.4107711871214 -3.52199074399091,-45.4107293264287 -3.52182855207082,-45.4106603788711 -3.5216855797998,-45.4105694999607 -3.52158070023683,-45.4105220811304 -3.52149985030773,-45.4103678144223 -3.52137815367582,-45.4100382503551;-3.52244775439221,-45.4100933792959 -3.52189514945473,-45.4100307090037 -3.52137815367582,-45.4100382503551;-3.52314489528977,-45.4078119339143 -3.52286108640452,-45.4082403928866 -3.52277738087762,-45.4084909313348 -3.52271494464695,-45.4087466824959 -3.5226464271121,-45.4092200511802 -3.52259732134285,-45.4094359646537 -3.52255203074832,-45.4096262827454 -3.52249735943068,-45.4098997350517 -3.52245890558852,-45.4100372376993;-3.52245890558852,-45.4100372376993 -3.52195276327955,-45.4099802086283 -3.52170433358211,-45.4099664329483 -3.52151571900207,-45.4099635277728 -3.5212971378372,-45.4099560596623 -3.52102771827463,-45.4099870217161 -3.52078202941816,-45.410012181028 -3.52059887137078,-45.4100287985353 -3.52025815619575,-45.4100219439936 -3.51952241755804,-45.4099085069184;-3.52685817781018,-45.5000749542993 -3.52706358666892,-45.5001105369362 -3.52745176089016,-45.5002237544174 -3.52762320450454,-45.5002480153063 -3.52775744808939,-45.5001897891731 -3.52788927463703,-45.5001832156763;-3.52787309165947,-45.5001339891288 -3.5277566393931,-45.5001323717362 -3.5276288653786,-45.5001905978694 -3.52746227394199,-45.5001760413361 -3.52708703886146,-45.5000676760326 -3.52687516043236,-45.5000143020772;-3.5283555687034,-45.4996056117618 -3.52832596158425,-45.499508058197;-3.52779060463745,-45.4995695191154 -3.52787309165947,-45.5001339891288;-3.52832596158425,-45.499508058197 -3.52779060463745,-45.4995695191154;-3.52837117898708,-45.5001234380406 -3.52833832821613,-45.4997065972761;-3.52485034912014,-45.503200293993 -3.52509053144619,-45.5030490002446 -3.52535315973416,-45.5028562638104 -3.52559989908453,-45.5026790545034 -3.52589949584475,-45.5023223062684 -3.52619230138289,-45.5021438674347 -3.52646551925463,-45.5020575002547 -3.52672221198601,-45.5019821465852 -3.52694010882106,-45.5019871763776 -3.52738938220763,-45.5020279415315 -3.527766380554,-45.5020914112384 -3.52801761981818,-45.5022051567341;-3.52801761981818,-45.5022051567341 -3.52816159698691,-45.5017996648106 -3.52860553580958,-45.5006853313215 -3.52874459068634,-45.5002785635016;-3.52957320829309,-45.4981362232682 -3.52916451735436,-45.499307109123 -3.52900996925681,-45.4996973296201 -3.52870932518806,-45.5007072488209 -3.52828428858949,-45.5017693061571 -3.52783533698478,-45.5030678102235;-3.53022996325029,-45.4961215677915 -3.53005873134563,-45.4968692232077 -3.52984121849792,-45.497338523585 -3.52961531118433,-45.4980297068939;-3.52889595026936,-45.4997261090172 -3.52971140593217,-45.4973932020526 -3.52996577047975,-45.4968001304348 -3.53009446112851,-45.4961741210372;-3.53130271671257,-45.4977208754366 -3.53117145313559,-45.4978146904077 -3.53108392095971,-45.497926545453 -3.53092294700479,-45.498230210764 -3.53071179111962,-45.4984122516063 -3.53047249809471,-45.4983964164229 -3.53027151243248,-45.4983057609577 -3.52991699762556,-45.4982160549165 -3.52957320829309,-45.4981362232682;-3.52961531118433,-45.4980297068939 -3.52989656106164,-45.4980878920162 -3.53024149810746,-45.498186528394 -3.53045118297881,-45.49825762411 -3.53064134069088,-45.4982981723443 -3.53083420902994,-45.4981606785096 -3.53099187442157,-45.4978641193318 -3.53111768474459,-45.4976965949361 -3.53121638455603,-45.4976387728104;-3.5283555687034,-45.4996056117618 -3.52871303594298,-45.4996895016579 -3.52889595026936,-45.4997261090172;-3.52874459068634,-45.5002785635016 -3.52836541705848,-45.5001824400912 -3.52788927463703,-45.5001832156763;-3.52875215382311,-45.5002116344546 -3.52888631472995,-45.4998096627329;-3.52875215382311,-45.5002116344546 -3.52837117898708,-45.5001234380406;-3.52888631472995,-45.4998096627329 -3.52863864192147,-45.4997736907473 -3.52833832821613,-45.4997065972761;-3.52771823381916,-45.5030555818199 -3.52798174160829,-45.5023277785466;-3.52798174160829,-45.5023277785466 -3.52773594051015,-45.502210951761 -3.5275557203796,-45.5021645268464 -3.52735440200698,-45.5021287366175 -3.52707821939759,-45.5020933626138 -3.52676273396932,-45.502081777132 -3.5265783574189,-45.5021223083388 -3.52623112243113,-45.502257792901 -3.5259453370211,-45.5024211768518 -3.52570771205234,-45.5027468785576 -3.52550973520306,-45.5028855957299 -3.52496341705783,-45.5032792623301;-3.43920640571684,-45.4324106199073 -3.43920736595199,-45.43200307639 -3.43935055997868,-45.4317297059754 -3.43943376483774,-45.4315056928934 -3.43942729669275,-45.4311434767738 -3.43943083556672,-45.4311317558735 -3.43962036841199,-45.4308572600286 -3.43962171256834,-45.4308555252322 -3.43978980962543,-45.4306615670894 -3.43983240282556,-45.4305702959463 -3.43982599974951,-45.4302821575243 -3.439710042388,-45.4296767874803;-3.43977496990193,-45.4296641324251 -3.43986573682818,-45.4302773991918 -3.43986596110488,-45.4302799741264 -3.43987249672024,-45.4305740768173 -3.43987062531948,-45.4305829788613 -3.439824876012,-45.4306810130916 -3.43982186613086,-45.4306856539931 -3.43965265987147,-45.4308808919847 -3.43946740512668,-45.4311491919599 -3.43947382593207,-45.4315087570617 -3.43947257762553,-45.4315160778782 -3.43938761462592,-45.4317448244156 -3.43938658275119,-45.4317471408249 -3.4392450825827,-45.4320172775102 -3.43924772885098,-45.4324095727675;-3.43977496990193,-45.4296641324251 -3.44110536818206,-45.4294288092074;-3.43949887597673,-45.4286208757177 -3.43978816920445,-45.4284973843161;-3.44394133721272,-45.4289379439224 -3.44225320972367,-45.4291975961145;-3.44225320972367,-45.4291975961145 -3.44221569726382,-45.4281315196559;-3.44217454216996,-45.4280593851064 -3.44218858274151,-45.4292019948827;-3.44218858274151,-45.4292019948827 -3.4416937057756,-45.4292764969777;-3.4416937057756,-45.4292764969777 -3.44163980270982,-45.4292070952587 -3.44161869076456,-45.4287187420846 -3.44167424607891,-45.4282454036842;-3.44167424607891,-45.4282454036842 -3.44176450859792,-45.4282037981198 -3.44217454216996,-45.4280593851064;-3.44162616769196,-45.4282535615608 -3.44157350938125,-45.4287115952134 -3.44158258218054,-45.429226506565 -3.44162460012436,-45.4292876351069;-3.44162460012436,-45.4292876351069 -3.44114388370532,-45.4293781434206;-3.44114388370532,-45.4293781434206 -3.44112004214884,-45.4292915120335 -3.44101197171216,-45.4283738754929;-3.44101197171216,-45.4283738754929 -3.44113558103372,-45.4283746876383 -3.44156643458382,-45.4282645711605 -3.4415997534444,-45.4282541674644 -3.44162616769196,-45.4282535615608;-3.44096030935895,-45.4283779102475 -3.44106617044509,-45.4292896533234 -3.44109701634566,-45.4293814037745;-3.44109701634566,-45.4293814037745 -3.43954991362009,-45.4296218326234;-3.43954991362009,-45.4296218326234 -3.43948367138251,-45.4291930920096 -3.43952642612044,-45.4286644450898;-3.43952642612044,-45.4286644450898 -3.43983904212213,-45.4285286282091 -3.4400996373575,-45.4285273367266 -3.44085744519036,-45.4283784590414 -3.44096030935895,-45.4283779102475;-3.43948929516419,-45.4296208510552 -3.43946894425408,-45.4294218662103 -3.43943438268808,-45.4291986165311 -3.43947669074754,-45.4286736668124 -3.43949887597673,-45.4286208757177;-3.4370394254585,-45.4299453196914 -3.43752369208739,-45.4299127012318 -3.43948929516419,-45.4296208510552;-3.43708893083359,-45.4300122121412 -3.4376484348979,-45.429951284422 -3.43808460904161,-45.4298721220838 -3.439710042388,-45.4296767874803;-3.44110536818206,-45.4294288092074 -3.44123750253267,-45.4302649945976;-3.44123750253267,-45.4302649945976 -3.4417982353495,-45.4301256765766 -3.44229484303673,-45.429975407455;-3.44229484303673,-45.429975407455 -3.44230322707794,-45.4296717812933 -3.44225694933906,-45.4292478106582;-3.44225694933906,-45.4292478106582 -3.44353575679912,-45.4290485363045 -3.44396929273882,-45.428985668835;-3.44220731033664,-45.4292571116591 -3.44226445456326,-45.429657155432 -3.44223624786527,-45.4299270227749;-3.44223624786527,-45.4299270227749 -3.44173625710223,-45.4300878191963 -3.44126795913203,-45.4302130462824;-3.44126795913203,-45.4302130462824 -3.44115907063266,-45.4294185980242;-3.44115907063266,-45.4294185980242 -3.44152952579132,-45.4293533805392 -3.44220731033664,-45.4292571116591;-3.39153326559502,-45.3143923203025 -3.39150711117864,-45.3150057028694 -3.3915485810211,-45.3164501173279;-3.44920784098268,-45.302780550753 -3.44867064850015,-45.3030316223418;-3.4510306215929,-45.3048541686659 -3.45098752040861,-45.3053681306846 -3.45073438905263,-45.3060150111261;-3.44926665912735,-45.3027981650726 -3.45049433381023,-45.3022041350246 -3.45095513473865,-45.3020465720801;-3.45095513473865,-45.3020465720801 -3.45101261743781,-45.3029939755286 -3.45107955890841,-45.3040575070832 -3.45102434261181,-45.3047968494806;-3.45102434261181,-45.3047968494806 -3.45027194965415,-45.3046591854444;-3.45027194965415,-45.3046591854444 -3.44998422554657,-45.3041944963602 -3.44968801588235,-45.3036200662972 -3.44926665912735,-45.3027981650726;-3.44897993517399,-45.3019906936141 -3.44927688958638,-45.3018725948564 -3.45072613926928,-45.3011796984785;-3.45072613926928,-45.3011796984785 -3.4508266034413,-45.3013686061228 -3.45086296141293,-45.3015351866961 -3.4509258242261,-45.3017729151431 -3.45094864351877,-45.302013849894;-3.45094864351877,-45.302013849894 -3.45047739671377,-45.302159160187 -3.44925252375796,-45.3027649078585;-3.44925252375796,-45.3027649078585 -3.44897993517399,-45.3019906936141;-3.44602389950274,-45.3028351918641 -3.44625965145977,-45.3027617335753 -3.44697895069675,-45.3026274246195 -3.44824858167914,-45.3022365447675 -3.44893731068232,-45.3020022450512;-3.44893731068232,-45.3020022450512 -3.44920784098268,-45.302780550753;-3.44875158458715,-45.3030428229217 -3.44923027383922,-45.3028239738121;-3.44923027383922,-45.3028239738121 -3.45000989395892,-45.3043895469551 -3.45016720451027,-45.304626417421 -3.4502656820913,-45.3047311432018 -3.4510306215929,-45.3048541686659;-3.44709502866733,-45.3019091682687 -3.44695565297565,-45.3012993996176;-3.44792743604746,-45.3016929255057 -3.44709502866733,-45.3019091682687;-3.45293603243692,-45.2999776040145 -3.45423208713374,-45.2994368517102;-3.45293603243692,-45.2999776040145 -3.45279297581495,-45.2997232417788 -3.4527165878967,-45.2992856548682;-3.4527165878967,-45.2992856548682 -3.45303944533899,-45.2991849939076 -3.45322924739941,-45.2990038485589;-3.45121372128682,-45.2994749543938 -3.45127276932348,-45.2994796373692 -3.45203652469129,-45.2994079465717 -3.45245710709893,-45.2992928800801 -3.45270243188116,-45.2992576028582 -3.45300312623211,-45.2991453009694 -3.45319669792819,-45.2989727061934;-3.45121372128682,-45.2994749543938 -3.45127034744501,-45.2990248304121 -3.45142187135662,-45.2986564614445 -3.45157063535639,-45.2980352553352;-3.45157063535639,-45.2980352553352 -3.45240774650061,-45.2982006732024 -3.45281106690049,-45.2982712486269;-3.45280312903269,-45.2982023953384 -3.45243430403026,-45.2981563848809 -3.45209188947223,-45.2980718615492 -3.45158559241693,-45.2979721382366;-3.45158559241693,-45.2979721382366 -3.45178226163915,-45.2973126931603 -3.45178274757944,-45.2971956610002;-3.45178274757944,-45.2971956610002 -3.45209769644313,-45.2970749047535 -3.45253344429535,-45.2969993107959 -3.45293596422297,-45.2969839754851;-3.45178231308472,-45.2971604144749 -3.45209060945543,-45.2970376409152 -3.45252060731958,-45.2969625482701 -3.45294523787026,-45.2969434923443;-3.45178231308472,-45.2971604144749 -3.45175206668509,-45.2968966732193 -3.45171303402531,-45.296609160789 -3.4517210270641,-45.2961647754446 -3.45172203321518,-45.2959014042502 -3.451772360261,-45.2953721440376;-3.45171092588994,-45.2953384833092 -3.45166756166162,-45.2959829753465 -3.45167900233433,-45.2966120611803 -3.45174163384494,-45.2972928753652 -3.45155985074189,-45.2979144666132 -3.45137760916537,-45.2986513516105 -3.45123544287266,-45.2990136162729 -3.45117247272099,-45.2994801835711 -3.45102664791058,-45.2996841975597;-3.45102664791058,-45.2996841975597 -3.45106824963308,-45.2998642165132 -3.45118046627845,-45.3001894482858 -3.4511810242286,-45.3001908141232 -3.4514124091838,-45.3006324944294;-3.4514124091838,-45.3006324944294 -3.4507189445851,-45.3011010061927 -3.44966893199096,-45.3016123094168 -3.44924547108689,-45.3018334288118 -3.44896515966303,-45.3019485282949;-3.44896515966303,-45.3019485282949 -3.44851090385629,-45.3007731177786;-3.44695565297565,-45.3012993996176 -3.44749752003882,-45.3011735772237 -3.44779523182049,-45.3010666219563 -3.44851090385629,-45.3007731177786;-3.44807613050426,-45.3022493172695 -3.44792743604746,-45.3016929255057;-3.44601016931783,-45.3027613558856 -3.44622373111008,-45.3027253143321 -3.44690842779671,-45.3025921643738 -3.44807613050426,-45.3022493172695;-3.44892975877637,-45.3019649000024 -3.44811652122477,-45.3022413979256;-3.44780552582706,-45.3011161790629 -3.44811652122477,-45.3022413979256;-3.44780552582706,-45.3011161790629 -3.44848531982419,-45.3008297231079;-3.44848531982419,-45.3008297231079 -3.44892975877637,-45.3019649000024;-3.45231274936257,-45.3002598813308 -3.45144409413952,-45.3006088106552;-3.45144409413952,-45.3006088106552 -3.45121134655662,-45.3001634487575 -3.45110819748201,-45.2998587605333 -3.4510703666628,-45.2996899846185;-3.4510703666628,-45.2996899846185 -3.45119821937748,-45.2995158870998 -3.45140609579913,-45.2995090051542 -3.45202216568541,-45.2994476800346;-3.45202216568541,-45.2994476800346 -3.45211186093906,-45.2997449557469 -3.45231274936257,-45.3002598813308;-3.45289538799166,-45.2999946855365 -3.45234401008591,-45.3002255244938;-3.45234401008591,-45.3002255244938 -3.45214943762302,-45.2997293099094 -3.45206639831784,-45.2994383963286;-3.45206639831784,-45.2994383963286 -3.45234224532046,-45.2993629913372 -3.45267074960576,-45.2993079145995;-3.45267074960576,-45.2993079145995 -3.4527601697607,-45.2997317807053 -3.45290242365577,-45.300005772184;-3.46695623100593,-45.2107837769047 -3.46702842615838,-45.2108486841027 -3.46716517370434,-45.2109953985993;-3.46814309897114,-45.2115899901231 -3.46852502258656,-45.2120622786021 -3.46866200164617,-45.212338195288;-3.46677151942611,-45.2110352575391 -3.46683425347132,-45.2109588688541 -3.46690785710088,-45.2108613443448 -3.46695623100593,-45.2107837769047;-3.46631220500897,-45.2122820196471 -3.46595731807358,-45.2113722185945;-3.46729728631572,-45.2110712182895 -3.46697487465561,-45.2116061646354 -3.46682930560359,-45.2118447683578 -3.46675623028516,-45.2119780968376 -3.46656089979659,-45.212161460389 -3.46636302082789,-45.2122550633863;-3.46716517370434,-45.2109953985993 -3.46682138845845,-45.2110386244283 -3.46677151942611,-45.2110352575391;-3.46823621842581,-45.2157487615346 -3.46751855047849,-45.2151152934421 -3.46706912039349,-45.2147341785972 -3.46678704264883,-45.2144570700156 -3.4664455306566,-45.2140287789214 -3.46598641614391,-45.2132500285607 -3.46584235807189,-45.2129358688303 -3.46576413827321,-45.2126643157873 -3.46564074106545,-45.2124010600196 -3.46544192319685,-45.2121008122452 -3.46513546839878,-45.211800886723 -3.46490786083135,-45.2116611498321 -3.46474781642821,-45.2116354754535 -3.46386269661035,-45.2115138943851;-3.46582200758539,-45.2126878810953 -3.46588968177188,-45.2128836721584 -3.46605450912593,-45.213216447591 -3.46653579195883,-45.2140076046541 -3.46683589128005,-45.2144044406967 -3.46705399886247,-45.2146198345635 -3.46755521112297,-45.2150424142906 -3.46828879472923,-45.2156671858265;-3.46735649274613,-45.2110796954072 -3.46701955265467,-45.2116479613332 -3.46688942337862,-45.2118715649646 -3.46681655960775,-45.2119979211572 -3.46676815727411,-45.2120921090909 -3.46657480420316,-45.2122479418538 -3.46631701722671,-45.2123703231086 -3.46606267659313,-45.212548375462 -3.46582200758539,-45.2126878810953;-3.46814309897114,-45.2115899901231 -3.46784165128855,-45.2113919247868 -3.46754355648149,-45.2111859842387 -3.46735649274613,-45.2110796954072;-3.46579823964284,-45.212588430726 -3.46569681430708,-45.2123455888612 -3.46549035935407,-45.2120415473056 -3.4651910744152,-45.211751463002 -3.46501549825666,-45.2116068790581;-3.46501549825666,-45.2116068790581 -3.46595731807358,-45.2113722185945;-3.46579823964284,-45.212588430726 -3.46603797419526,-45.2124820468289 -3.46631220500897,-45.2122820196471;-3.46636302082789,-45.2122550633863 -3.46602829546066,-45.2113399561459;-3.46602829546066,-45.2113399561459 -3.46680344011333,-45.2111185333014 -3.46706170760855,-45.2110871224443 -3.46717545045732,-45.2110806470441 -3.46729728631572,-45.2110712182895;-3.46650059504765,-45.2111045929645 -3.4663913080555,-45.2108745258651 -3.46634949369568,-45.2106757396898 -3.46637277753295,-45.210572779248 -3.46643800447168,-45.2104790748696 -3.46658890131821,-45.2103581671766;-3.46492592982203,-45.2115683351685 -3.46650059504765,-45.2111045929645;-3.46389110087946,-45.2114462822405 -3.46475843120499,-45.2115539976101 -3.46492592982203,-45.2115683351685;-3.4668688204523,-45.2106755868698 -3.46686651044972,-45.2108249070593 -3.46672839059685,-45.2110060398021 -3.46654509874749,-45.2110898992999;-3.46654509874749,-45.2110898992999 -3.46642615801585,-45.2108554897535 -3.46639878732995,-45.2106725831114 -3.46642870724524,-45.2105943806018 -3.46658093361103,-45.2104172120622;-3.46658093361103,-45.2104172120622 -3.46669356260657,-45.2105179903666 -3.46676335099946,-45.2105987567883 -3.4668688204523,-45.2106755868698;-3.46678532598141,-45.2105513421454 -3.46684144140171,-45.2104537056865 -3.46690116314086,-45.2101990821525 -3.46694985320398,-45.2098511278642 -3.4669479163936,-45.2096514651636 -3.46695612572862,-45.2094532017155 -3.46697426186639,-45.2093340965694 -3.46708783311457,-45.2090528245913;-3.46658890131821,-45.2103581671766 -3.46670796281617,-45.2104754349826 -3.46678532598141,-45.2105513421454;-3.4672104244255,-45.2109478644699 -3.46738711647557,-45.2110254583632 -3.46759758081167,-45.2111355759307 -3.4679144886809,-45.2113489162567 -3.46823531108061,-45.2115627998657 -3.46850100137016,-45.2116218321315 -3.46865786995594,-45.2116041494231 -3.46895001803513,-45.2114508778303;-3.46690810939982,-45.2106578927231 -3.46708426157541,-45.2108422862716 -3.4672104244255,-45.2109478644699;-3.46713725219636,-45.2090839976653 -3.46702759832921,-45.2093321195542 -3.46701116940217,-45.2094692593225 -3.46700667368836,-45.2096712007608 -3.46700118064305,-45.2098717878406 -3.46695025306778,-45.2102141483962 -3.46690352623609,-45.2104988151216 -3.46690810939982,-45.2106578927231;-3.46828909986818,-45.211654418108 -3.46837809148931,-45.211786036542 -3.46857699175881,-45.2120177753784 -3.4687182599859,-45.2122939286087;-3.46899662529021,-45.2115054101513 -3.46868012111715,-45.2116534961546 -3.46858202913252,-45.2116697592603 -3.46847225793537,-45.2116899575335 -3.46828909986818,-45.211654418108;-3.45131640909031,-45.2069554131436 -3.45169085436316,-45.2064963807602;-3.45203066858779,-45.2075144939613 -3.45131116295603,-45.207050524976;-3.45224910335095,-45.2075369404544 -3.45244613240547,-45.2076580312275 -3.45324245816746,-45.2080828751263 -3.45376992136549,-45.2083517376902 -3.45435690375706,-45.2085754477625 -3.45484126684941,-45.2087437434133 -3.45523532495843,-45.2089736106435 -3.45548982082052,-45.209176796856;-3.45167854004726,-45.2078817412998 -3.45135836783367,-45.2076375073676 -3.45107513856781,-45.2074096925233;-3.45290176209403,-45.2069458532908 -3.45267394724975,-45.2070854155378 -3.45250565159902,-45.2071449347313;-3.45250154682705,-45.2070669440639 -3.45264931861794,-45.2070443678181 -3.4528668715323,-45.2069048055712;-3.44970619711613,-45.2083024804266 -3.44968567325629,-45.2079351033354 -3.44971723534437,-45.2077990662911;-3.44801116328565,-45.2050906138455 -3.44778516383462,-45.2051438583964 -3.44731927221613,-45.2053593589248;-3.44728848642637,-45.2053121540472 -3.4477749019047,-45.2050925487468 -3.44795345948535,-45.2050473962552;-3.45167854004726,-45.2078817412998 -3.45203066858779,-45.2075144939613;-3.44795345948535,-45.2050473962552 -3.44780363530848,-45.204938619798 -3.44715508133737,-45.2044419423897;-3.45250565159902,-45.2071449347313 -3.45235377503617,-45.2072393444866 -3.45225526050891,-45.2074035353654 -3.45224910335095,-45.2075369404544;-3.45169085436316,-45.2064963807602 -3.45250154682705,-45.2070669440639;-3.45131116295603,-45.207050524976 -3.45107513856781,-45.2074096925233;-3.45126771621483,-45.2070280619764 -3.45099304312843,-45.2074404783131;-3.45161676680275,-45.2079286114082 -3.45099304312843,-45.2074404783131;-3.44992621879781,-45.2063547255414 -3.44950369425275,-45.2061685298087 -3.44917934380831,-45.2059462767463 -3.44853421184278,-45.2054386385889 -3.44801116328565,-45.2050906138455;-3.44964672894104,-45.2082931720195 -3.44964091557868,-45.2079513736055 -3.44972824087607,-45.2073970863206 -3.44978079218467,-45.2067458472872 -3.44992621879781,-45.2063547255414;-3.45000012948262,-45.2063704908429 -3.44984757585935,-45.2067833378508 -3.4497787079567,-45.2074293182968 -3.44974724483582,-45.2077401266668;-3.45126771621483,-45.2070280619764 -3.4510152031707,-45.2068645342966 -3.45058791449061,-45.2066233497823 -3.45000012948262,-45.2063704908429;-3.44974724483582,-45.2077401266668 -3.44984422892887,-45.2079045835663 -3.45013087528265,-45.208054595695 -3.45093147154889,-45.2080746655823 -3.45146737297338,-45.2080520911077 -3.45161676680275,-45.2079286114082;-3.45208482776432,-45.2075483741318 -3.45161210799987,-45.2080285794293 -3.45149176122226,-45.2081106335716 -3.45094795989195,-45.2081263232218 -3.45013104519019,-45.2081068017379 -3.44981992650108,-45.2079665072541 -3.44971723534437,-45.2077990662911;-3.45546478960565,-45.2092390190493 -3.4551856061687,-45.2090422512541 -3.45480670629826,-45.208804231595 -3.45436083737047,-45.2086396739753 -3.45373569709566,-45.208412767919 -3.45318235208718,-45.2081516983565 -3.45238957220657,-45.2077076152139 -3.45208482776432,-45.2075483741318;-3.44719005593246,-45.2043836865464 -3.44786650299527,-45.2049153533976 -3.44861408203247,-45.2053905924501 -3.44921025222855,-45.205880355844 -3.44954236549425,-45.2061025444872 -3.44999340428781,-45.2062154483628 -3.45064915440634,-45.2065140266781 -3.4510655993599,-45.2067706663569 -3.45131640909031,-45.2069554131436;-3.45631306722342,-45.1549080999443 -3.45641670281132,-45.1548259018421 -3.45644120458857,-45.1546976635743 -3.45640317561319,-45.1545417505725 -3.45654971781373,-45.154245521023 -3.45642491921791,-45.1541904513919 -3.45627989823322,-45.1541448705124 -3.45616394892505,-45.1541035664028 -3.45603325778569,-45.1540551101701 -3.45579151841546,-45.153953589204 -3.45564669709405,-45.1540415194298;-3.44822717340202,-45.1513522883494 -3.448275218483,-45.1512906960713 -3.44831291570318,-45.1512360769298 -3.4483392392638,-45.1512000393581 -3.44835778757722,-45.1511886989549;-3.44822717340202,-45.1513522883494 -3.44831043177318,-45.151352622892 -3.44850106924073,-45.1513562656461 -3.44838613858529,-45.1512248252102 -3.44835778757722,-45.1511886989549;-3.45560620302222,-45.153995033901 -3.45575474516671,-45.1539051358203 -3.45580750870027,-45.1538989646592 -3.45608911159615,-45.1540109443973 -3.4561256193943,-45.1540269463714 -3.45618856244965,-45.1540495044997 -3.45625718553733,-45.1540720825354 -3.45631663902124,-45.1541003650611 -3.45645619621792,-45.154132537171 -3.45660732855665,-45.1542031533826 -3.45662356924849,-45.1542293311998 -3.45646732079181,-45.1545507687539 -3.45650739048389,-45.1546945954891 -3.45646887505688,-45.1548575233402 -3.45634910455166,-45.1549536220257;-3.45162444903642,-45.1520036958133 -3.45203324547417,-45.1525209999475 -3.4524269013031,-45.1527556793839 -3.45284831491485,-45.1528414761672 -3.4530022444377,-45.1528616636456;-3.45321421296098,-45.1522333283802 -3.45312336930814,-45.1519330396389 -3.45297701008969,-45.15172864142;-3.45297701008969,-45.15172864142 -3.45272466660961,-45.1518396725512 -3.45262120578277,-45.1519027584213 -3.45225530773664,-45.1519355630737 -3.45162444903642,-45.1520036958133;-3.4530022444377,-45.1528616636456 -3.45312841617775,-45.1526976403835 -3.45322178326538,-45.1523468829462 -3.45321421296098,-45.1522333283802;-3.4539802754495,-45.153174546413 -3.45410750888049,-45.1525386639911;-3.45631306722342,-45.1549080999443 -3.45612163571998,-45.1546545076573 -3.45586227030553,-45.1543310749388 -3.45574808919447,-45.154132542878 -3.45564608860723,-45.154041321664;-3.45634742965605,-45.1549554716278 -3.45665160375791,-45.1553752703044 -3.45722102567543,-45.15551077655 -3.45749956217326,-45.155362437479;-3.45410750888049,-45.1525386639911 -3.4532798222658,-45.1522156643366;-3.4532798222658,-45.1522156643366 -3.45321673639578,-45.1520112661177 -3.45307207512151,-45.1516020960194;-3.44744362159331,-45.1517261109576 -3.44766082933656,-45.1515832820854 -3.44816223386943,-45.1514241176585;-3.44816223386943,-45.1514241176585 -3.44844552297329,-45.1514426844399 -3.44856290754825,-45.1514588585352 -3.44876162171839,-45.1515798132278 -3.44915485267991,-45.1517397927333 -3.44954789792979,-45.1518618878247 -3.44984869916003,-45.1518396515594 -3.45022965871771,-45.1516823233038 -3.45058425040781,-45.1515867587051 -3.45083509294655,-45.1516016355669 -3.45106491062444,-45.1516549288937 -3.45124941034559,-45.1517787617818 -3.451404286547,-45.1519341513752 -3.45149651505569,-45.1520435513025 -3.45165024774585,-45.15223836404 -3.4518062703591,-45.1524164231056 -3.45198693664678,-45.1526066851763 -3.45207954246135,-45.1526755381718 -3.45236112256682,-45.1528391843879 -3.45281428192661,-45.1529282323401 -3.45337842059846,-45.1530750884892 -3.45393363129964,-45.1532718552567 -3.45404529949136,-45.1533130792677;-3.45404529949136,-45.1533130792677 -3.4541528198633,-45.1533619882891 -3.45443910477213,-45.1538815090742 -3.45479911121953,-45.1543588689413 -3.4550076070536,-45.1546518898311 -3.45516068206661,-45.154754690894 -3.45526607150514,-45.1547939457867;-3.45526607150514,-45.1547939457867 -3.45502098072052,-45.1550103166289 -3.45460173167659,-45.1553276387232;-3.45584442622087,-45.1543995002845 -3.4558058884376,-45.1544386072071 -3.45541394651277,-45.154754658498 -3.45531036322899,-45.1548411685846 -3.45504426268193,-45.1550659335689 -3.45465459238512,-45.1553685954306;-3.45751638198027,-45.1554305001384 -3.45722593511413,-45.155575452691 -3.45661074093642,-45.1554279166177 -3.45611558327475,-45.1547369127287 -3.45584442622087,-45.1543995002845;-3.45560584851749,-45.1539994334023 -3.45551576865994,-45.1539240171154;-3.45149976185183,-45.1519562050628 -3.4522655320944,-45.1518498989539 -3.45259835297069,-45.1518228132698 -3.45270504675422,-45.1517601344526 -3.4529093327527,-45.1516951410265 -3.45301176754322,-45.1515649547738 -3.45344628828691,-45.1512247498465 -3.45375782774938,-45.151073960828 -3.4538734986385,-45.1510456873369 -3.4541123947309,-45.1511074530004 -3.4542015955151,-45.1510113078027 -3.45431417697352,-45.1510078562276 -3.45453222052155,-45.1509585153736 -3.45465376092355,-45.1509471277724 -3.45481977405737,-45.1509585324241 -3.45489572691639,-45.1510664874603 -3.45498803374002,-45.1511457808439 -3.45511713769364,-45.1512673337517 -3.45521075981591,-45.1515526231467 -3.45526317193868,-45.1518291986639 -3.45540689885209,-45.1528113613115 -3.45551780566309,-45.1535131385585 -3.45551535029031,-45.1539252352131;-3.44843961643322,-45.1512101095575 -3.44857132857879,-45.1513843694023 -3.448883385526,-45.1515590385642 -3.44920346922677,-45.1516853664677 -3.44954919859109,-45.1517998318288 -3.44985500973788,-45.1517650926448 -3.45017219879712,-45.1516320221254 -3.45059280786839,-45.1515181402957 -3.45085666508837,-45.1515562718275 -3.45108705820626,-45.1516103215055 -3.45128361246651,-45.1517389885195 -3.45149976185183,-45.1519562050628;-3.44843961643322,-45.1512101095575 -3.44837917416755,-45.1511129015164 -3.44837492428189,-45.1509264104742 -3.44836567786559,-45.1508068126921 -3.4483423566445,-45.1504635842763 -3.4482975490095,-45.1501730089786;-3.44811267411842,-45.151368200141 -3.44826140967793,-45.1512202371386 -3.44830423932778,-45.1511429150198 -3.44833198833649,-45.1509460158635 -3.44822305873402,-45.1500787507349;-3.44738708956174,-45.1516395830578 -3.44760487487143,-45.1515142596382 -3.44811267411842,-45.151368200141;-3.45424139224933,-45.1533948610165 -3.45508826324869,-45.1537272948838 -3.45547402326527,-45.1539639327755 -3.45570137422207,-45.1541690582776 -3.45575195842308,-45.1542621190863 -3.45581218432593,-45.1543638512651;-3.45532227567943,-45.1547516006195 -3.45580019033246,-45.15437140666 -3.45581218432593,-45.1543638512651;-3.45532227567943,-45.1547516006195 -3.45518014449947,-45.1547006777226 -3.4550563984173,-45.1546073602231 -3.45484505254792,-45.15432723075 -3.45449449787679,-45.1538468814534 -3.45430264421043,-45.153512322466 -3.45425573001504,-45.1534272081411 -3.45424139224933,-45.1533948610165;-3.45545459744895,-45.1538762511606 -3.45513580522007,-45.1536913688753 -3.4541824862746,-45.1532984033616 -3.4539802754495,-45.153174546413;-3.45307207512151,-45.1516020960194 -3.45348549046095,-45.1512750878252 -3.45377068575449,-45.1511394013852 -3.45387446567317,-45.151112779832 -3.45412482111467,-45.1511777893209 -3.45423215105915,-45.1510712148839 -3.45433405843047,-45.151068652349 -3.4545393572273,-45.151019938642 -3.45465750465988,-45.1510037671953 -3.45478741726227,-45.1510170674586 -3.45485231619861,-45.151106444618 -3.45506153219346,-45.1512908759946 -3.45514137972156,-45.1515414099728 -3.45520331106,-45.151831594066 -3.45534322790386,-45.1528264604923 -3.45545532018941,-45.1535150821563 -3.45545459744895,-45.1538762511606;-3.54770330000908,-45.2477519490174 -3.54751062336433,-45.2474035303984 -3.54731899026632,-45.2470022281461;-3.5490406299238,-45.2482970694608 -3.54927477511954,-45.2481170818751;-3.54642298340601,-45.2484377269855 -3.54680423593949,-45.2482300748326 -3.54730832477984,-45.2479877345961 -3.54749473746324,-45.2478702631327 -3.54770330000908,-45.2477519490174;-3.54622009542148,-45.2478982869027 -3.54642298340601,-45.2484377269855;-3.5457281269202,-45.2479360973422 -3.54614398978058,-45.2479075262001 -3.54622009542148,-45.2478982869027;-3.54526092396559,-45.2473960297357 -3.54559257537881,-45.2478690737057 -3.54565065540686,-45.2479280552016 -3.5457281269202,-45.2479360973422;-3.54472509801746,-45.2479170031211 -3.54526092396559,-45.2473960297357;-3.54591011964007,-45.2486560120409 -3.54532705988686,-45.248250681246 -3.54472509801746,-45.2479170031211;-3.54576411858833,-45.2479803904677 -3.54613229029107,-45.2479541663011 -3.54619422371667,-45.2479370831851;-3.54619422371667,-45.2479370831851 -3.54638369908749,-45.2484553649114;-3.54638369908749,-45.2484553649114 -3.54596983192558,-45.2486347414533;-3.54596983192558,-45.2486347414533 -3.54576411858833,-45.2479803904677;-3.54598052736278,-45.2486701484783 -3.54640313534024,-45.2484936742739;-3.54640313534024,-45.2484936742739 -3.54661534527286,-45.248917932931 -3.54664003336021,-45.2490195739798;-3.54664003336021,-45.2490195739798 -3.5465299120001,-45.2491033866737 -3.54646970334574,-45.2491405337514 -3.54622289215989,-45.2492923862571;-3.54622289215989,-45.2492923862571 -3.54609390047931,-45.2489812061529 -3.54598052736278,-45.2486701484783;-3.54643923323213,-45.2484777121416 -3.54681908035976,-45.2482633191859 -3.54688147731661,-45.2482365003706;-3.54688147731661,-45.2482365003706 -3.54709832258183,-45.248714263994;-3.54709832258183,-45.248714263994 -3.54706057920575,-45.2487433106682 -3.54700125666765,-45.2487817901523 -3.54667554113395,-45.2489926917672;-3.54667554113395,-45.2489926917672 -3.54664832764874,-45.248896026121 -3.54643923323213,-45.2484777121416;-3.54692044912827,-45.248222578831 -3.54733301093697,-45.2480176671308;-3.54733301093697,-45.2480176671308 -3.54754205183708,-45.2483871418017;-3.54754205183708,-45.2483871418017 -3.54713385749773,-45.2486884791327;-3.54713385749773,-45.2486884791327 -3.54692044912827,-45.248222578831;-3.54736680117796,-45.2480035539576 -3.54754888519262,-45.2478838605513 -3.54772553640299,-45.2477988618348;-3.54772553640299,-45.2477988618348 -3.54794101249346,-45.2481050217184;-3.54794101249346,-45.2481050217184 -3.54757549767394,-45.2483555318104;-3.54757549767394,-45.2483555318104 -3.54736680117796,-45.2480035539576;-3.54857051181126,-45.2476899786636 -3.54808762505862,-45.2468832327668;-3.54798972744989,-45.24808644045 -3.54808280720498,-45.2480398924955 -3.5481420130422,-45.2479496713071 -3.54825584818288,-45.2478999686401 -3.54856972662589,-45.2476899292584;-3.54737188747487,-45.2469809076113 -3.54756722412165,-45.247389131494 -3.54774463531153,-45.2477560053467 -3.54798972744989,-45.24808644045;-3.54813289569168,-45.2468716249121 -3.54864678633421,-45.2477036684882 -3.5490406299238,-45.2482970694608;-3.5486019782102,-45.2477403832941 -3.548424576701,-45.2478610742288 -3.54835462173634,-45.2478898058496 -3.5482950009015,-45.2479435358208 -3.54817075131276,-45.2479775556703 -3.54810172983222,-45.2480697192811 -3.5480166139889,-45.248107795248;-3.54900203380715,-45.2483316028283 -3.54860243341149,-45.2477401826349;-3.54845891858517,-45.2487171506253 -3.54900286318205,-45.2483315741233;-3.5480166139889,-45.248107795248 -3.54845891858517,-45.2487171506253;-3.54760167871616,-45.2484003058085 -3.54797891863266,-45.2481364694687;-3.54797891863266,-45.2481364694687 -3.54843250147576,-45.2487433244227;-3.54843250147576,-45.2487433244227 -3.54797574598539,-45.2490587848846;-3.54797574598539,-45.2490587848846 -3.54787914173395,-45.2489206676847 -3.54785144355934,-45.2487955366912 -3.54781928386482,-45.2487257880414 -3.54760167871616,-45.2484003058085;-3.54715153052539,-45.2487217560842 -3.54756649920881,-45.2484187819292;-3.54756649920881,-45.2484187819292 -3.54778627822758,-45.2487479201896 -3.54780989804715,-45.248795310354 -3.54783753610609,-45.2489340355195 -3.54793775844613,-45.2490700047706;-3.54793775844613,-45.2490700047706 -3.5474501961174,-45.2494166548123;-3.5474501961174,-45.2494166548123 -3.54725277621264,-45.248945528374 -3.54715153052539,-45.2487217560842;-3.54668926947697,-45.2490328619281 -3.54712314716446,-45.248751267551;-3.54712314716446,-45.248751267551 -3.54742180511195,-45.2494410849136;-3.54742180511195,-45.2494410849136 -3.54702636535727,-45.2497310883856;-3.54702636535727,-45.2497310883856 -3.54668926947697,-45.2490328619281;-3.54623686448009,-45.2493311769402 -3.54653950285756,-45.2491449402842 -3.54665585503762,-45.2490575085764;-3.54665585503762,-45.2490575085764 -3.54698867096794,-45.2497602467147;-3.54698867096794,-45.2497602467147 -3.54692110614742,-45.2498101240251 -3.54686880775444,-45.2498439512102 -3.54668980209134,-45.2499622262005;-3.54668992892486,-45.2499625329052 -3.54645295233291,-45.2498342190215 -3.54633671884928,-45.2496076909371 -3.54623686448009,-45.2493311769402;-3.54652081179687,-45.2501098877745 -3.54642981718487,-45.2498963892269 -3.54629883526827,-45.249616764992 -3.54603848542303,-45.2489544478016 -3.54591383566922,-45.2486624581466;-3.54573536080289,-45.2506539734937 -3.54600014604083,-45.2504826298344 -3.5461945809713,-45.250333378156 -3.54648311779806,-45.250143455447 -3.54652081179687,-45.2501098877745;-3.54524535243295,-45.2474545410588 -3.54480475478643,-45.2478951756562;-3.54571459994781,-45.2479827859776 -3.54561007255089,-45.2479740678133 -3.54555410540187,-45.2478829913339 -3.54524535243295,-45.2474545410588;-3.54588606259409,-45.2485781182113 -3.54580076645533,-45.2482560817691 -3.54571459994781,-45.2479827859776;-3.54480475478643,-45.2478951756562 -3.54507414523007,-45.2480491955253 -3.5453790074244,-45.2482143058686 -3.54588391109502,-45.2485793393429;-3.52879025386636,-45.3920302483879 -3.52864573249822,-45.3919290834302 -3.52840727224079,-45.3916382341768 -3.52826094435554,-45.3913202871669 -3.528215781428,-45.3911739592816 -3.52819952277408,-45.3909625967807;-3.524239637287,-45.3929353134559 -3.52446545192472,-45.3930021545887 -3.52472197735318,-45.3930726087556 -3.5248520465845,-45.3931015130293 -3.52529464327444,-45.3931755802304;-3.52389820555477,-45.3933869427313 -3.52401382264928,-45.3930545435846 -3.5241384723293,-45.392919054802 -3.52423060470149,-45.3928919570454 -3.52431370448818,-45.392919054802;-3.52394156196521,-45.3934140404879 -3.52406621164523,-45.3930744152727 -3.52416557008583,-45.3929624112124 -3.524239637287,-45.3929353134559;-3.52502185919207,-45.3941185821576 -3.5248448205161,-45.3941384538457 -3.5246424906007,-45.3941095495721 -3.52432454359079,-45.3939794803407;-3.52541787760855,-45.3929066807726 -3.52507687679129,-45.3928012426556 -3.52473894657505,-45.3926933225007 -3.52412349933565,-45.3926024844895;-3.52541787760855,-45.3929066807726 -3.52531621170714,-45.3931182616463;-3.52531621170714,-45.3931182616463 -3.52482856186218,-45.3930455109991 -3.52436790000123,-45.3929298939046 -3.52424144380411,-45.3927618878141 -3.52412349933565,-45.3926024844895;-3.52500379402105,-45.3940716127129 -3.52529464327444,-45.3931755802304;-3.52756714798882,-45.3935416518559 -3.52769550450269,-45.3929624112124;-3.52835892924611,-45.3937353903038 -3.52857708484835,-45.3931539020252 -3.52863489339561,-45.3924132300135 -3.52883361027681,-45.3920555396273;-3.52405898557683,-45.3925685904842 -3.52389820555477,-45.3925035558686 -3.5236272279895,-45.3924439408042;-3.52502185919207,-45.3941185821576 -3.52500560053815,-45.3942016819442;-3.52850843719849,-45.3931719671962 -3.52857708484835,-45.3923843257398 -3.52879025386636,-45.3920302483879;-3.52500379402105,-45.3940716127129 -3.52485927265291,-45.3940950974352 -3.52467320139143,-45.3940716127129 -3.52434622179601,-45.3939433499987;-3.52769550450269,-45.3929624112124 -3.52850843719849,-45.3931719671962;-3.52405898557683,-45.3925685904842 -3.52421795908178,-45.3928016311904 -3.52431370448818,-45.392919054802;-3.52801530779319,-45.3961112042544 -3.52817401211303,-45.3958210779722 -3.52825235057124,-45.3954651999385 -3.52829704190646,-45.3952687815312 -3.52832102915836,-45.3949682430331 -3.52831324987595,-45.394779760203 -3.52831545935558,-45.3946443133146;-3.52831545935558,-45.3946443133146 -3.52865000432041,-45.3945161174305 -3.52884662784311,-45.3944630266009 -3.52907399118961,-45.3943791066843 -3.52930744276401,-45.3942631056364 -3.52942227271761,-45.3941544886874;-3.52942227271761,-45.3941544886874 -3.52949377587623,-45.3942677146695 -3.52959343506845,-45.3943259626478 -3.53004037497951,-45.3943274212394 -3.53036547962996,-45.3942774814075 -3.53081437721155,-45.3942269567727;-3.52506747374889,-45.3941822618855 -3.52511083015934,-45.3940196753463 -3.5253836085556,-45.3931551612021 -3.52545551730439,-45.3930221386659;-3.52811044801172,-45.3938160664153 -3.52798701514832,-45.3937225567486 -3.52769736626016,-45.3936689282429 -3.52708490408322,-45.3935134950348 -3.52636556875052,-45.3932522355138 -3.52606945157961,-45.3931931305573 -3.52573967260135,-45.3930814823379 -3.52545551730439,-45.3930221386659;-3.52796133841712,-45.3960722794435 -3.52806497610327,-45.395889827868 -3.52812195403874,-45.3957725672759 -3.5282342317288,-45.3952900655969 -3.5282653489186,-45.3949546622962 -3.52825075165277,-45.3946314406508 -3.52816354727789,-45.3940895610631 -3.52811044801172,-45.3938160664153;-3.52872136191758,-45.3944249992189 -3.52865253848447,-45.3944570604302 -3.52831723177678,-45.394533158553;-3.52831723177678,-45.394533158553 -3.52823981282132,-45.3941542999174 -3.52816397010019,-45.3937506135484;-3.52816397010019,-45.3937506135484 -3.52833944613411,-45.3938170112544 -3.5284411280243,-45.3938917691013 -3.52853164231201,-45.3940448599524 -3.52863231286652,-45.3942300761184 -3.52872136191758,-45.3944249992189;-3.52919462337043,-45.3922243261046 -3.52883361027681,-45.3920555396273;-3.52938538113795,-45.3940877340673 -3.52941169574937,-45.3939288978619 -3.52935750023632,-45.3934302991418 -3.52929607865486,-45.392955185144 -3.52924730269311,-45.3925631709329 -3.52922562448789,-45.3923247106755 -3.52919462337043,-45.3922243261046;-3.52878357561407,-45.3944175105956 -3.52904600142645,-45.3943124600555 -3.5292705467415,-45.3942205002544 -3.52938538113795,-45.3940877340673;-3.52878357561407,-45.3944175105956 -3.52866741070344,-45.3941854232903 -3.52856624574574,-45.3939957389946 -3.52846508078804,-45.3938476045923 -3.52835892924611,-45.3937353903038;-3.52756714798882,-45.3935416518559 -3.52709915554357,-45.3934096221473 -3.52637178239823,-45.3931701646168 -3.52610135441913,-45.3930938339554 -3.52544901928516,-45.3928750016062 -3.52511094850378,-45.3927469397977 -3.52474882170794,-45.3926430765146 -3.52414244421528,-45.3925589091244 -3.52389278600346,-45.392458392941 -3.52373073437429,-45.3924142098577;-3.53006044518596,-45.390361569126 -3.52963118709078,-45.3908967654787 -3.52949501356654,-45.3911248988288 -3.52936544984622,-45.3914724461051 -3.52920936583397,-45.3920410874905 -3.52920356882058,-45.3921516679589;-3.52920356882058,-45.3921516679589 -3.52884444937942,-45.3919977310801 -3.52870715407968,-45.3919019856737 -3.52844159606572,-45.3915894582151 -3.52832597897121,-45.3913347393037 -3.52826455738975,-45.391179378833 -3.52825371828714,-45.3909553707123;-3.53089266977023,-45.3926141776176 -3.53055633247012,-45.3926308458325 -3.5303422679143,-45.3926294791829 -3.52997460278587,-45.3926722168905 -3.52934670501545,-45.3929612876022;-3.52934670501545,-45.3929612876022 -3.52929420616573,-45.3925565120361 -3.52929488885394,-45.3923445950864 -3.52927575101768,-45.392217402766 -3.52927710038506,-45.3920448502156 -3.52941675529994,-45.3914900045173 -3.52953607748832,-45.3911490620276 -3.52966427709738,-45.3909282378948 -3.53008194141996,-45.3904005605777;-3.53089406915621,-45.3941752030477 -3.53035450225275,-45.3942296342844 -3.53003683972513,-45.3942697216817 -3.52962765681588,-45.3942700726019 -3.52953864566246,-45.3942266279223 -3.52947311733083,-45.3941185821575;-3.52947311733083,-45.3941185821575 -3.52947119867512,-45.393939735691 -3.52942385635553,-45.3934547681247 -3.52935599719603,-45.3930344332836;-3.52935599719603,-45.3930344332836 -3.52999854522597,-45.3927226650755 -3.53033665029267,-45.392697780362 -3.53054188290767,-45.392694821475 -3.53089363639696,-45.3926742022493;-3.43979720680363,-45.4284936419377 -3.4398300530081,-45.4284798307249 -3.44007874260362,-45.428482090138 -3.44008837074642,-45.4284786118848 -3.44087237456472,-45.4283254186751 -3.44112244991832,-45.4283291639562 -3.4411935638995,-45.4283142908043 -3.44132883423212,-45.428277258558 -3.44159594294291,-45.4282060096993 -3.4416408288687,-45.4282040176728 -3.44173428492831,-45.4281610325564;-3.44173428492831,-45.4281610325564 -3.44188406381121,-45.4275995518507;-3.48209004522453,-45.260970616592 -3.48201862654027,-45.2608210837218 -3.4819739898626,-45.2606804781872 -3.48188918017505,-45.2603122255965 -3.48185123899903,-45.2599506685074 -3.48183115249408,-45.2597207896175 -3.48183561616185,-45.2595757204151 -3.48198068536425,-45.2593458415251 -3.48209674072618,-45.2589530387617;-3.47538535437335,-45.2470794232336 -3.47542588167001,-45.2470789844727;-3.47611573652299,-45.2449315245625 -3.47597457353211,-45.245478544147;-3.47577631172782,-45.246054388677 -3.47585509600301,-45.2457910833363 -3.47593086736206,-45.2454879979 -3.47593089415797,-45.2454878919475 -3.47607488232436,-45.2449250291153;-3.47596476671768,-45.2455173247026 -3.47589379071004,-45.2458012287331 -3.47589354853317,-45.2458021111354 -3.47581436763337,-45.2460667420374;-3.47752201099735,-45.2531103189668 -3.47747187802982,-45.2531818562845 -3.47739892564066,-45.2531976443655 -3.47728347785119,-45.2532092451374 -3.47703121340882,-45.2532666803453;-3.47755811518436,-45.245994697994 -3.47697106417177,-45.2458067156483;-3.47632876521943,-45.2473047400201 -3.47622461098622,-45.2473182568996 -3.47607730994993,-45.2473004022286 -3.47581546151263,-45.2472239348798 -3.47567214498462,-45.2471861615313 -3.47547175867287,-45.2471406228335 -3.47543126243245,-45.2471177788004 -3.47538431514266,-45.2471110415447;-3.47698484493052,-45.2457691277363 -3.47757025796338,-45.2459565855769;-3.47597457346016,-45.2454785440247 -3.47621902987736,-45.2455426298508 -3.47648215851282,-45.2456050671541 -3.47648375306496,-45.2456055160295 -3.47694676848862,-45.2457568142328;-3.47693296462364,-45.2457943849667 -3.47647211684242,-45.2456437950776 -3.47620956702291,-45.2455814951204 -3.47620911282444,-45.2455813817134 -3.47596476659669,-45.2455173247742;-3.48191038259694,-45.2558407464116 -3.4813401490398,-45.2557715595613 -3.48115937049527,-45.2557202273819 -3.48085918883798,-45.2556298381097;-3.47702043705916,-45.2532281102369 -3.47727166484745,-45.2531709110529;-3.480574620826,-45.2555173841211 -3.4808513774194,-45.2555695785948 -3.48119842758822,-45.2556677792857 -3.48136581512946,-45.2557146477972 -3.4816247078599,-45.2557347343022 -3.4819245093054,-45.2557528991756;-3.47697106430246,-45.2458067155851 -3.47676367018309,-45.246356624235;-3.477311343323,-45.2531657776794 -3.47738312926607,-45.2531630857065 -3.47745485335413,-45.2531403184592 -3.47748153141646,-45.2531149469913;-3.47724895687231,-45.252679079052 -3.4773463572833,-45.2526729997569 -3.47741742818493,-45.2526610007735;-3.47718919671518,-45.2524328328839 -3.47724895687231,-45.252679079052;-3.4816972424611,-45.2570124592003 -3.482100088477,-45.2572936702696 -3.48220461033775,-45.2573236182232;-3.47719934930365,-45.2451730811284 -3.47698484499216,-45.2457691278611;-3.47546132004287,-45.2470888090152 -3.47548882928226,-45.2471043270477 -3.47568122098084,-45.2471472029119 -3.47568196780643,-45.2471473844775 -3.47582592109189,-45.2471853256535 -3.47582644925555,-45.24718547263 -3.47608375988493,-45.2472608912628 -3.47622698001867,-45.247278251279 -3.47631261189883,-45.247267547294 -3.47634726687097,-45.2472588835509;-3.47727166476004,-45.2531709111754 -3.47725724980306,-45.2530367411912 -3.47721340083045,-45.2527034889994 -3.47715614763508,-45.2524455013387;-3.48163251927849,-45.2569901408615 -3.4817831680656,-45.2564366460584 -3.48191038259694,-45.2558407464116;-3.47879415157103,-45.254754027099 -3.47897995535908,-45.2543893870254;-3.47694676835989,-45.2457568142959 -3.47715598182036,-45.2451627776678;-3.47715936860133,-45.2524486790694 -3.47685176617729,-45.2525213850969 -3.4764062087267,-45.2525810413246 -3.47589167376285,-45.2524542718408 -3.47542001671265,-45.2523330951282 -3.47519817011591,-45.2522715746434 -3.47456618695379,-45.2520739633892;-3.47577878925169,-45.2448363416349 -3.47607488232436,-45.2449250291153;-3.47974576736857,-45.2553796193519 -3.47975554698278,-45.2551923986686;-3.47978567674021,-45.2553899159673 -3.47980241549433,-45.2551600370773;-3.47741742810317,-45.2526610008887 -3.47737723013797,-45.2523931337496;-3.47718919671518,-45.2524328328839 -3.47737723013797,-45.2523931337496;-3.48067018439336,-45.2551050328977 -3.48130028540668,-45.2553358895562;-3.47676367018309,-45.246356624235 -3.47693576857818,-45.2464274918582 -3.47712804313568,-45.2465108478803 -3.47737987293943,-45.2465954792078;-3.47980241549433,-45.2551600370773 -3.4794363947375,-45.2550171997088 -3.47891749335967,-45.2548163346593 -3.47879415157103,-45.254754027099;-3.47725575456991,-45.2527187571329 -3.47729693902442,-45.2530317589872 -3.47729699549901,-45.2530322316122 -3.47731134343388,-45.2531657777753;-3.47897995535908,-45.2543893870254 -3.47990679672419,-45.2547956240741 -3.48061812922716,-45.255074251828;-3.47634726668157,-45.2472588837013 -3.4764598054894,-45.2470391650765 -3.47671161343014,-45.2463810061241;-3.47542588167001,-45.2470789844727 -3.47552138221533,-45.2467018953729 -3.47561401285599,-45.2465034308043 -3.47570269425161,-45.2463005721118 -3.47576484442381,-45.2460927256343;-3.47672587946816,-45.2463434741107 -3.47693296456381,-45.245794384842;-3.47783167773825,-45.2453576440465 -3.4780738450727,-45.2454579661983 -3.4790293406746,-45.2458670655973;-3.47779129367684,-45.2453437699366 -3.47728213786027,-45.2451832682369 -3.47719934930365,-45.2451730811284;-3.47728347087236,-45.2469955630954 -3.47736946572035,-45.2466341799841;-3.47674945808838,-45.2463940302769 -3.47649589979272,-45.2470564384295 -3.47637924511205,-45.2472841928061 -3.47610994789559,-45.2479950032707 -3.47515608863755,-45.249015102755;-3.47737987281612,-45.2465954792718 -3.47755811511756,-45.2459946978676;-3.47978567674021,-45.2553899159673 -3.47985486359058,-45.2554055388044 -3.48051890811264,-45.2555111931211;-3.47736946579229,-45.2466341801138 -3.47711449592932,-45.2465484935205 -3.47692002772868,-45.2464642649428 -3.47674945796014,-45.2463940303322;-3.47512617697746,-45.2489885259388 -3.47607166569466,-45.2479762787789 -3.47632876521943,-45.2473047400201;-3.47581436756676,-45.2460667419112 -3.47632652496611,-45.2462302879714 -3.47672587960013,-45.2463434740442;-3.47740736625551,-45.2523745163825 -3.4774601230115,-45.2526733810846 -3.4774913980313,-45.2528047361678 -3.47752201099735,-45.2531103189668;-3.47862471774467,-45.2550900415344 -3.47889110993972,-45.2551947229716 -3.47932914802038,-45.2553255377543 -3.47974576736857,-45.2553796193519;-3.47748153141646,-45.2531149469913 -3.4774528987549,-45.2528201544589 -3.4774253955793,-45.2527002217028;-3.47580290284295,-45.2461050708143 -3.47573983268326,-45.246315479103 -3.4756503443051,-45.2465201668062 -3.47555961283408,-45.2467138010431 -3.47546132010671,-45.247088809166;-3.47757025783587,-45.2459565856411 -3.47776799725745,-45.2453725744612 -3.47779129367684,-45.2453437699366;-3.4787697851867,-45.2547992019551 -3.47890633419026,-45.2548620872539 -3.4794096127309,-45.2550729955558 -3.47975554698278,-45.2551923986686;-3.47576484449016,-45.2460927257615 -3.47559312372507,-45.2460361145202;-3.47560649083033,-45.2459984036605 -3.4757763118515,-45.2460543886125;-3.47783167773825,-45.2453576440465 -3.47780594247249,-45.2453889214925 -3.47760191687322,-45.2459876922729 -3.47741248064958,-45.2466262037797 -3.47732195771933,-45.2470066156175;-3.47671161349086,-45.2463810062453 -3.47631530099769,-45.2462686823836 -3.47631467074172,-45.2462684924962 -3.47580290284295,-45.2461050708143;-3.48085918883798,-45.2556298381097 -3.48095878897077,-45.2560024509185 -3.48098265041823,-45.2561959724364 -3.48099649935073,-45.2566150312626 -3.48101186797868,-45.256726237197 -3.48103996738252,-45.256769189307 -3.48111696565149,-45.2568249851541 -3.48143500197983,-45.2569298813466 -3.48163251927849,-45.2569901408615;-3.48061812922716,-45.255074251828 -3.48051890811264,-45.2555111931211;-3.4774253955793,-45.2527002217028 -3.47734705940667,-45.2527134472904 -3.47734486443573,-45.2527136941725 -3.47725575448288,-45.252718757238;-3.48217039124432,-45.2574086097146 -3.48208223380593,-45.2573215681931 -3.48165148986649,-45.2570649072966 -3.4813992926377,-45.2569577792702 -3.48109353139571,-45.2568573467454 -3.48099979437262,-45.2568015508983 -3.48096948751575,-45.256763162213 -3.48094888755853,-45.2566260101749 -3.48094512737264,-45.2562068225686 -3.48091276525275,-45.2560000592242 -3.48079892932314,-45.2556276062758;-3.48208111788899,-45.2610509626118 -3.48196506252707,-45.260836706559 -3.48190257117834,-45.2606670871839 -3.48182445699243,-45.2603077619287 -3.48177535664701,-45.2597140941158 -3.48178651581642,-45.2595534020762 -3.48194720785601,-45.2593012048474 -3.48210343622782,-45.2587700283833 -3.48210120439394,-45.2584374851347 -3.48219667400452,-45.2575089426076 -3.48217039124432,-45.2574086097146;-3.48254117307841,-45.2560263759329 -3.48220461033775,-45.2573236182232;-3.48195014012094,-45.2559322563068 -3.48254117307841,-45.2560263759329;-3.48195014012094,-45.2559322563068 -3.4816972424611,-45.2570124592003;-3.48214507778409,-45.254373283358 -3.48207260814602,-45.2548625430505 -3.4819245093054,-45.2557528991756;-3.48099146327011,-45.2538689360541 -3.48178320658066,-45.2542539015409 -3.48214507778409,-45.254373283358;-3.48099146327011,-45.2538689360541 -3.48084691753405,-45.2544418322471 -3.48068034241418,-45.2550616362584;-3.48130019881725,-45.2552824601928 -3.48068034241418,-45.2550616362584;-3.48067018439336,-45.2551050328977 -3.480574620826,-45.2555173841211;-3.48079892932314,-45.2556276062758 -3.47983414005148,-45.2554719728328 -3.47930971609456,-45.2553730275858 -3.47887272019944,-45.2552480684473 -3.47859499336356,-45.2551332550707;-3.47765145755792,-45.2571887098951 -3.47768993846933,-45.2569311099051 -3.47781015496419,-45.2566075850025 -3.47799973859864,-45.2562282015529 -3.47811635245736,-45.2559715377898 -3.47844921086557,-45.2553629036874 -3.47859499336356,-45.2551332550707;-3.4787697851867,-45.2547992019551 -3.47862471774467,-45.2550900415344;-3.48079736551432,-45.254419105684 -3.48063707523409,-45.2550031238375;-3.47996594328063,-45.2547532080921 -3.48063707523409,-45.2550031238375;-3.48004724286861,-45.254174756014 -3.47996594328063,-45.2547532080921;-3.48004724286861,-45.254174756014 -3.48079736551432,-45.254419105684;-3.47999165859132,-45.2541323883144 -3.47991699338519,-45.2547137603017;-3.47901262474633,-45.2543327879008 -3.47991699338519,-45.2547137603017;-3.4792463595703,-45.2538425497024 -3.47901262474633,-45.2543327879008;-3.4792463595703,-45.2538425497024 -3.47999165859132,-45.2541323883144;-3.48094104236292,-45.2538508893333 -3.4808125641791,-45.2543486073208;-3.47927999942619,-45.2537850363036 -3.48005473906648,-45.2540854231589 -3.4808125641791,-45.2543486073208;-3.47956815673628,-45.2532248504222 -3.47927999942619,-45.2537850363036;-3.47956815673628,-45.2532248504222 -3.48094104236292,-45.2538508893333;-3.48024100798097,-45.2517402975253 -3.47996782882629,-45.2523096299148 -3.4795617545311,-45.2531219528315 -3.4792167822483,-45.253789963443 -3.4789349333204,-45.2543389158903 -3.47858660433363,-45.2550487360498 -3.47840440528526,-45.2553510920589 -3.47807876592571,-45.2559557246945 -3.47795112552987,-45.2562095752278 -3.47776679064097,-45.2565772917396 -3.47763537199873,-45.2569244059763 -3.47760887624389,-45.2571370651936;-3.48024100798097,-45.2517402975253 -3.47969467255214,-45.2517087683523 -3.47952815117951,-45.2517397234076 -3.47933487391464,-45.2517886613815 -3.47897097683811,-45.2518849006976 -3.47862693149547,-45.2520331703607 -3.47835293127704,-45.2521397899201 -3.47782111377319,-45.2522837856629 -3.47740736625551,-45.2523745163825;-3.47459439809267,-45.2520216303376 -3.47528994627372,-45.2522328943164 -3.47547334602755,-45.2522844339676 -3.47592492049927,-45.2523970012502 -3.47640275782046,-45.2525327130748 -3.47685762312381,-45.2524640892188 -3.47722343776743,-45.252378550289 -3.47781037217912,-45.2522352697407 -3.47834072636481,-45.2521079698973 -3.47861543597485,-45.2519865166727 -3.47896099422424,-45.2518364527414 -3.47932401619468,-45.2517429252775 -3.47951838918572,-45.2516991158198 -3.47969435633596,-45.2516714052996 -3.48026601983609,-45.2517002414063;-3.48149535529562,-45.2493464720802 -3.48094872431619,-45.2503542474717 -3.48026601983609,-45.2517002414063;-3.47895744355118,-45.2484259720971 -3.48008662484136,-45.2488477975433 -3.48136759392419,-45.2492765350539 -3.48149535529562,-45.2493464720802;-3.47611573652299,-45.2449315245625 -3.47651549243475,-45.2450246934793 -3.47715598182036,-45.2451627776678;-3.48228069787291,-45.2496145345253 -3.48218779422128,-45.2498633862115 -3.48196394661013,-45.2504832291752;-3.48100804399109,-45.2503416502891 -3.48196394661013,-45.2504832291752;-3.48153750995808,-45.249358215575 -3.48131592608006,-45.2497927097564 -3.48100804399109,-45.2503416502891;-3.48153750995808,-45.249358215575 -3.48191226443871,-45.2494723938814 -3.48228069787291,-45.2496145345253;-3.57049170894684,-45.230543335358 -3.57030331755556,-45.2301047938324 -3.57025404935706,-45.229895801313;-3.57025404935706,-45.229895801313 -3.57031682657772,-45.2293085561728 -3.57034384462206,-45.2289358660907 -3.57022385271927,-45.2284972201944;-3.57302339890152,-45.2309574515257 -3.57309253330909,-45.2310385056587;-3.57208889242683,-45.2315947595127 -3.57302339890152,-45.2309574515257;-3.570232180645,-45.2298283332754 -3.57026914767595,-45.2293451099975 -3.57029457642356,-45.2289557322997 -3.57018650424622,-45.2285425151511;-3.57193963609662,-45.2309361491449 -3.57198876673312,-45.2314835087419 -3.57208889242683,-45.2315947595127;-3.57025152246321,-45.2301352240115 -3.57016271960028,-45.2298789084988 -3.57004804745478,-45.2296712010757 -3.56978202137465,-45.2295360942653 -3.56960007198,-45.2293946423393 -3.56927696317374,-45.2290548086094 -3.5690718323848,-45.2289322335923 -3.56889521444351,-45.2287520462816 -3.56844379251903,-45.2283566598603 -3.56834057289942,-45.2282283450769 -3.56801413980763,-45.2278567663085 -3.5678490415869,-45.2276310712938 -3.56769444135943,-45.2274095333969;-3.57025152246321,-45.2301352240115 -3.57017027440025,-45.2302482797571 -3.57005762028067,-45.2303266141448 -3.56983452348525,-45.23042481601 -3.56960493648143,-45.2304942023617;-3.56960493648143,-45.2304942023617 -3.56956790456986,-45.230273423783 -3.56949908578683,-45.2300728184014;-3.56975816792422,-45.2309947136101 -3.56956825265924,-45.2305133888709 -3.56952833965903,-45.230310498917 -3.56945822003395,-45.2300803013337;-3.570473852788,-45.2305972537799 -3.57031430749838,-45.2306586700582 -3.57029834611614,-45.2307505642394 -3.57023604307855,-45.2308854872136 -3.57012117029975,-45.2309653404246 -3.56996008362215,-45.2309991890718 -3.56975816792422,-45.2309947136101;-3.57123511285316,-45.2324199491173 -3.57107746373041,-45.2321670599034 -3.57081377424,-45.2316451801886 -3.57060773499118,-45.2309428296323 -3.57056948077811,-45.2308168261565 -3.57053585910024,-45.2307243310302 -3.570473852788,-45.2305972537799;-3.57055601755446,-45.2328815166098 -3.57123511285316,-45.2324199491173;-3.5696225323638,-45.2305311513752 -3.56977122604506,-45.2304841455732 -3.56986220493882,-45.230462459213 -3.57005784642168,-45.2303647323282 -3.5701934451211,-45.230288421692 -3.57027101799687,-45.2301771246809;-3.57027101799687,-45.2301771246809 -3.57045846026391,-45.2305620147448;-3.57045846026391,-45.2305620147448 -3.57028165522284,-45.2306277984456 -3.57025388680698,-45.2307440097556 -3.57020160711961,-45.2308609194712 -3.57009930903902,-45.2309248337774 -3.56995290484903,-45.2309601705586 -3.56977794216552,-45.2309596885149;-3.56977794216552,-45.2309596885149 -3.5696225323638,-45.2305311513752;-3.57051158514324,-45.2305796682146 -3.57060596383468,-45.2305055990471 -3.57089960032687,-45.2303434962977 -3.57098405979441,-45.2303088703074 -3.57112010472376,-45.2302537075821 -3.57137544686923,-45.2301885250455 -3.57176178352732,-45.2299153568453 -3.57215783994122,-45.2298745678262 -3.57240228335627,-45.229758944416;-3.57276067881789,-45.2305156853518 -3.57263493209459,-45.23022381318 -3.57261967692194,-45.230085934312 -3.57247616238435,-45.2298579808848 -3.57240228335627,-45.229758944416;-3.57076874373268,-45.2313605703025 -3.57107024578694,-45.2311077091354 -3.57131099490769,-45.2309588824062 -3.57131657663406,-45.2309568195777 -3.5715135531874,-45.2309261787805 -3.57151496397459,-45.2309260272413 -3.57189015322686,-45.2308989058083 -3.57276067881789,-45.2305156853518;-3.57076874373268,-45.2313605703025 -3.57067351656089,-45.2310276623035 -3.57059764450532,-45.2307721747695 -3.57050783676607,-45.2305755267887;-3.57193963609662,-45.2309361491449 -3.57152055941031,-45.2309636734909 -3.57132418744322,-45.2309859964675 -3.57108693165336,-45.231132663683 -3.57078368716792,-45.2314029779258;-3.57309253330909,-45.2310385056587 -3.57262011865316,-45.2313980463294 -3.57200017106536,-45.2318101542284 -3.57126851839973,-45.2323967694877;-3.57126851839973,-45.2323967694877 -3.57110299330389,-45.2321243481214 -3.57084640525646,-45.2316183581122 -3.57078410517959,-45.2314034219608;-3.57397344167619,-45.2304269186886 -3.57316607840992,-45.2309933180685;-3.57316607840992,-45.2309933180685 -3.57281862213478,-45.2304813456025 -3.57274177559548,-45.2303564517231 -3.57267478309854,-45.2302112905792 -3.57266062004957,-45.2300771233772 -3.57241409896593,-45.2297097395626;-3.57241409896593,-45.2297097395626 -3.57215253392158,-45.2298353714876 -3.57175102981033,-45.2298738120972 -3.57134719617745,-45.2301572471556 -3.57109873876652,-45.2302148500129 -3.57087850065236,-45.2303112249416 -3.57059127316044,-45.2304704158469 -3.57049170894684,-45.230543335358;-3.570232180645,-45.2298283332754 -3.57007236108835,-45.2296385954634 -3.56980554786849,-45.2295035051072 -3.56962415649316,-45.229362007087 -3.56930474768002,-45.229024876518 -3.56909392530122,-45.2288983774346 -3.56891549360692,-45.2287167497053 -3.56867305176216,-45.228507708523 -3.56860740449697,-45.2284506139534 -3.56845932661414,-45.2283012590671 -3.56804710781817,-45.2278302331427 -3.56786039990815,-45.22757952513 -3.56774762949121,-45.2274102244698;-3.54711112436109,-45.2497536588112 -3.54574527306714,-45.2507062071606;-3.54778442008427,-45.2540150376656 -3.54778192011022,-45.2536023058919 -3.5477153870297,-45.253017004727 -3.54767441815517,-45.2526858547049 -3.5476140790327,-45.2524169645231 -3.54758142694582,-45.2522601776062 -3.54742993110598,-45.2516581446088 -3.54731197228886,-45.2510628259805 -3.54711112436109,-45.2497536588112;-3.5469125483041,-45.2540267890439 -3.54744520985253,-45.2540405357374 -3.54778442008427,-45.2540150376656;-3.5477757287705,-45.2540769059403 -3.54735413536867,-45.2540815093425 -3.54693948146973,-45.2540860699904;-3.54755826021594,-45.2544933307634 -3.54770372962978,-45.2542232036402 -3.5477757287705,-45.2540769059403;-3.54782222790986,-45.2537734452228 -3.54784060920498,-45.2540129268763 -3.5478027299956,-45.2541493911628 -3.54761215318335,-45.2545203617898;-3.5492125734597,-45.2557990544113 -3.54912411220568,-45.2556474048451 -3.54886880779463,-45.2553356007992 -3.5487169600844,-45.2550510438196 -3.54865019001281,-45.2549579894706 -3.54851594555162,-45.2546792663465 -3.54841196899749,-45.2544577123952 -3.54822013817378,-45.2541492920301 -3.54809070976744,-45.2539203098138 -3.54801106564722,-45.253834084471 -3.54782222790986,-45.2537734452228;-3.54782688991231,-45.253717258299 -3.54802635972782,-45.2537882967372 -3.54812541692919,-45.2538692422421 -3.54825110783553,-45.2540954466023 -3.54846333054079,-45.2544544889704 -3.54862256240403,-45.254792924954 -3.54869818163898,-45.2549254710648 -3.54876404421715,-45.255027854237 -3.54886003785749,-45.2552139989131 -3.54901991477144,-45.2554490179766 -3.54924825383011,-45.2557071630229 -3.54926663862587,-45.2557803604316;-3.54766835467198,-45.2524356466389 -3.54773492895916,-45.2527878186919 -3.54779383019219,-45.2531650493864 -3.54783762499281,-45.2536032390051 -3.54782526739711,-45.2537148601453;-3.54859865572666,-45.2522128425573 -3.54849535001391,-45.2521759724184 -3.54841065476008,-45.2521871875485 -3.54821835907107,-45.2522422105889 -3.54795069953637,-45.2523417934323 -3.54781900190618,-45.2523802523702 -3.54766835467198,-45.2524356466389;-3.54864948080102,-45.2525779624769 -3.5486223019012,-45.2522944160282 -3.54859865572666,-45.2522128425573;-3.54865147480896,-45.2522178654881 -3.54868553165525,-45.2523936683097 -3.54870358532134,-45.2525689281724;-3.54907535938955,-45.2522320087124 -3.54886451876949,-45.2522031696547 -3.54865147480896,-45.2522178654881;-3.54765665380185,-45.2523881971958 -3.54795373760462,-45.2522831295231 -3.54818458223388,-45.2522040436115 -3.54837504502605,-45.2521439215575 -3.54849551263686,-45.2521177825238 -3.54862557470468,-45.2521675183255 -3.54886526379972,-45.2521641327263 -3.54908769400301,-45.2521826615253;-3.54715636268059,-45.2497147057644 -3.54749783694057,-45.2516907152691 -3.54765665380185,-45.2523881971958;-3.54715636268059,-45.2497147057644 -3.54932482941185,-45.2482034192322;-3.55387003231213,-45.3676624356244 -3.55419789426456,-45.3677624806283 -3.55445788296011,-45.3678017726696 -3.554664974959,-45.3678422232063 -3.55508786201197,-45.3679268759652 -3.55551351820168,-45.3680719306607;-3.55443200454941,-45.3668335676618 -3.55387003231213,-45.3676624356244;-3.55384268284639,-45.3677111165883 -3.55372755671804,-45.3678494303696 -3.55332696327224,-45.3681338255737 -3.55279192497918,-45.3685368416162 -3.55234218113412,-45.368784928854 -3.55209493678151,-45.3688774953936 -3.55187365936721,-45.3689664380783 -3.55159424110978,-45.3690988190617 -3.5512418384726,-45.3692649193114 -3.55088058981573,-45.3694652998961 -3.55054586400494,-45.3696204320045 -3.54997153650479,-45.369866133261 -3.54962565306844,-45.3700097912558 -3.54905288244067,-45.3702363054102 -3.54856182778923,-45.3704870812102 -3.5481080165201,-45.3707786676595;-3.5554848666391,-45.3681248082924 -3.55506540500905,-45.3679685337821 -3.55464608714786,-45.3678885122344 -3.55437176046892,-45.3678415267816 -3.5541589461276,-45.3677958391803 -3.55384268284639,-45.3677111165883;-3.54809030585143,-45.3707085145304 -3.5488228757868,-45.3702870202666 -3.54904767011198,-45.3701855421599 -3.54970461501576,-45.3699138439586 -3.55028157873499,-45.3696700364579 -3.5505014990971,-45.3695941424242 -3.55084060511207,-45.3694295093403 -3.55127112298731,-45.3691928596638 -3.55157124124759,-45.3690576317799 -3.55182916562039,-45.3689211611516 -3.55205259346994,-45.3688447645212 -3.5523360092555,-45.368726379869 -3.55274013951751,-45.3685010803088 -3.5533008014069,-45.3680840220866 -3.5536685342296,-45.3678313825598 -3.55381096039339,-45.3676728973397 -3.55441529246856,-45.3667951537194;-3.53624221785291,-45.3752262697717 -3.53597369803719,-45.3750774160355 -3.53590155551929,-45.3748241882589 -3.53589205316539,-45.3746673882036 -3.53585822897854,-45.3744916614885;-3.5363375248728,-45.3748608726798 -3.53632418098671,-45.3749419560233 -3.53624221785291,-45.3752262697717;-3.53585822897854,-45.3744916614885 -3.535962007532,-45.3745479902831 -3.53604027054968,-45.3747774261134 -3.53605422295243,-45.3748256584661 -3.5363375248728,-45.3748608726798;-3.53991077184599,-45.3744929869175 -3.53958987573949,-45.3746068667717 -3.53919708445861,-45.3748049941246 -3.53874748360298,-45.3750436792214 -3.5382267856349,-45.3752986968641 -3.53758628646229,-45.3755640020941 -3.53722043301501,-45.3757560295661 -3.53692003576474,-45.3759264732801 -3.53665820393405,-45.3760402730431 -3.53651163601325,-45.3761333191197;-3.53651163601325,-45.3761333191197 -3.53635843383522,-45.3758254941201;-3.53635843383522,-45.3758254941201 -3.53655652942587,-45.3753925052937 -3.53631441649224,-45.3752719214581 -3.53636569774027,-45.3750050284517 -3.53643396808721,-45.3746698553759 -3.53647154339428,-45.3744587864926;-3.53581217937377,-45.3745122786796 -3.5358395930996,-45.3746770504849 -3.53585560701475,-45.3748496054339 -3.53583131918005,-45.3749343480938 -3.53578098975822,-45.3751681822146 -3.53561655623213,-45.3755495941867 -3.53630858582274,-45.3758706110681 -3.53646999469855,-45.3761506403649;-3.53646999469855,-45.3761506403649 -3.53618859916973,-45.3762678205216 -3.53597674245973,-45.3763311662754 -3.53584907463299,-45.3763861579768 -3.53563096788337,-45.3764830163214 -3.53544064625637,-45.3765757637196 -3.53524140782411,-45.3767317822766;-3.53528602208609,-45.3767642512962 -3.5354570988544,-45.3766342460406 -3.5356603504139,-45.3765221244754 -3.5359261465707,-45.376407625818 -3.53602996708507,-45.3763724550709 -3.53622921855195,-45.3763051787997 -3.53648705382115,-45.3762035921455;-3.53648705382115,-45.3762035921455 -3.53650035110086,-45.3762988188418 -3.53656202162658,-45.3763897258458 -3.53661534283241,-45.3765791653086 -3.53671764633396,-45.3768799024834 -3.53677025341329,-45.3770954884915 -3.536795600455,-45.3772843689084 -3.53673770403175,-45.3774823905945 -3.53670439564076,-45.3776134529852 -3.53655341820845,-45.3779434995777 -3.53640053293807,-45.3782181536275;-3.53642958930136,-45.3782586028606 -3.53657193067347,-45.3780206261475 -3.53660791675479,-45.3779510585744 -3.53668007210159,-45.3778044532687 -3.53675000657357,-45.3776321920358 -3.53680202108302,-45.3774417553095 -3.53684449293596,-45.3773020165158 -3.5368220367226,-45.3770914550326 -3.53674524963816,-45.376794326604 -3.53667385539887,-45.3765884072538 -3.53660653107928,-45.3763810025983 -3.5365511265705,-45.3762777368392 -3.53653230768818,-45.3761816347578;-3.53653230768818,-45.3761816347578 -3.5366721560554,-45.3760872285804 -3.5368584617208,-45.3760193684003 -3.53726743168909,-45.3757913709137 -3.53758694103046,-45.3756280383004 -3.53822250404272,-45.3753616921074 -3.53887973901478,-45.3750266180262 -3.53911003664281,-45.3749017561406 -3.539257418566,-45.3748316405918 -3.53944957901564,-45.3747372244264 -3.53959872739396,-45.3746523817633 -3.53992773809996,-45.3745308248955;-3.53635301507012,-45.3748204262638 -3.53638895177711,-45.3746321324048 -3.53642745453546,-45.3744392343934;-3.53635301507012,-45.3748204262638 -3.53609264140598,-45.3747704052956 -3.53600794306534,-45.3745199127549 -3.5359469836328,-45.3744705098226;-3.45620942363717,-45.4280465966662 -3.45618826761431,-45.4288067023447;-3.45655292849364,-45.4283570311809 -3.45620640134819,-45.4279906843201;-3.45615351129104,-45.4275071180833 -3.45615351129104,-45.4272638238204;-3.45620942363717,-45.4280465966662 -3.45650711910171,-45.4284243827887;-3.45621093478166,-45.4272547569534 -3.45620640134819,-45.4279906843201;-3.45615502243553,-45.4275645415739 -3.45615351129104,-45.4280193960654 -3.4559782185302,-45.4284122936328 -3.45576363601261,-45.4287054556639 -3.45556567608442,-45.4286827884965;-3.456159555869,-45.4281085535903 -3.45612177725675,-45.4287946131888;-3.45615351129104,-45.4272638238204 -3.45496394036755,-45.4272311369853 -3.45467863426877,-45.4272592903869 -3.45416333399767,-45.4273499590563;-3.45615351129104,-45.4275071180833 -3.45535411585581,-45.4278033024033;-3.45615502243553,-45.4275645415739 -3.45537224958969,-45.4278577036049;-3.456159555869,-45.4281085535903 -3.45601204663637,-45.4284411087602 -3.45578630317996,-45.428755323432 -3.45556265379544,-45.4287371896981;-3.45415177796895,-45.4272969672853 -3.45422384360077,-45.4272875497924 -3.4546540913187,-45.4272075781259 -3.45496108408555,-45.4271802955517 -3.45545545754734,-45.4271908043613 -3.45574960335749,-45.4272086287669 -3.45608469617639,-45.4272048441523 -3.45677743127454,-45.4272336955778 -3.45748335142296,-45.4273421705765 -3.45804687936158,-45.4274996146371 -3.45823057816548,-45.427515071721 -3.45862862826138,-45.4275388373037 -3.4597519943156,-45.4276997235714 -3.46188063211396,-45.4280020261576 -3.4630521282751,-45.4281438283165;-3.45621093478166,-45.4272547569534 -3.45679144148543,-45.4272789874671 -3.45745367598192,-45.4273856850573 -3.4580605387037,-45.4275552487571 -3.45849125181712,-45.4275766307298 -3.45972956506831,-45.4277505259066 -3.46307733185294,-45.4282132620342;-3.4428537729423,-45.1755309438043 -3.44297824598913,-45.1753890008562;-3.44326604942909,-45.1848297694773 -3.44268727309218,-45.1847675250348 -3.441568948992,-45.184662429517 -3.44091222218433,-45.1846046375579;-3.44322282460746,-45.1756554168512 -3.44295859235016,-45.1755549649186 -3.4428537729423,-45.1755309438043;-3.44092017558115,-45.1845551442302 -3.44157340585467,-45.1846126284943 -3.4415735534154,-45.1846126419204 -3.44269190835476,-45.1847177403364 -3.4432654255236,-45.1847611858575;-3.44326604942909,-45.1848297694773 -3.44326977496722,-45.1848980865124 -3.44325994814774,-45.185316272275 -3.44324684572175,-45.1856907832843 -3.44321190591914,-45.1859320862962;-3.44318962398098,-45.1757254188538 -3.44309709030881,-45.1756848548045 -3.4429822503891,-45.1756325146222 -3.44278915259148,-45.1755850054805;-3.44332137312061,-45.1849088396628 -3.44331982070674,-45.1851271407882 -3.44330149229778,-45.1855440588082 -3.44327757153342,-45.1859486510499;-3.44455511080515,-45.1852091848452 -3.44431735266584,-45.185141391414 -3.44411711656142,-45.1850719709091 -3.44386355572574,-45.184994425413 -3.44332137312061,-45.1849088396628;-3.44331846691103,-45.1848644533829 -3.44387624613314,-45.1849486519499 -3.44437227178809,-45.185100283292 -3.44456211847924,-45.1851383602019;-3.44171048082392,-45.1780548938651 -3.44171652641694,-45.1787498148047 -3.44169499518897,-45.1795073513709 -3.44169022508066,-45.1798908598007 -3.4416919490205,-45.1804474013744 -3.44173573530312,-45.1808673291549 -3.44174946476414,-45.1811477138736 -3.44178522762915,-45.1814666064814 -3.44194250330756,-45.1818155188262 -3.44213442609913,-45.1821561818029 -3.44224862075811,-45.1824172962732 -3.4424415188265,-45.1827759128795 -3.44245220264552,-45.1828074697412 -3.442609584491,-45.1831295661214 -3.44274807475497,-45.1833416629521 -3.44296581565365,-45.1836373778231 -3.44309804606893,-45.183828538235 -3.44316992145304,-45.1839904749601 -3.44321578349054,-45.1840952393965 -3.44326183610328,-45.1843065483118 -3.44329608040427,-45.1846133743846 -3.44331846691103,-45.1848644533829;-3.44303173018914,-45.1786681181534 -3.44280413835866,-45.1785795134371 -3.44255382477221,-45.1784400881292 -3.4423438410975,-45.1783323246264 -3.44205865140425,-45.1782037709533 -3.44202446482779,-45.1781520260927 -3.44171048082392,-45.1780548938651;-3.44171635309709,-45.1780021768823 -3.44207186171499,-45.1781104438475 -3.44210992124049,-45.1781787503322 -3.44238444359446,-45.178294079635 -3.44282656210637,-45.1785332540235 -3.44306699297625,-45.1786160634582;-3.44278915259148,-45.1755850054805 -3.44262612745602,-45.1757570177587 -3.44253219894201,-45.1758663394584 -3.44228478568477,-45.1761285398367 -3.44205079192498,-45.1764976605349 -3.44195164676958,-45.1767524570481 -3.44186611972928,-45.1769493006544 -3.44179786091198,-45.1771527863595 -3.44173904908178,-45.1774014834191 -3.44169367819242,-45.1777161064201 -3.44171635309709,-45.1780021768823;-3.441654408827,-45.1778904586359 -3.44164451842346,-45.1776986264111 -3.4416964440533,-45.1773447938211 -3.44180708605438,-45.1769537388132 -3.44199230002771,-45.1765007416023 -3.44214268105893,-45.1762585611436 -3.44224346470408,-45.1760864516533 -3.4424763543177,-45.1758506042709 -3.44265285546194,-45.1756605271899 -3.44278408759801,-45.1755124557113 -3.44293073249463,-45.1753296492973;-3.44044977267444,-45.1776697297962 -3.44147671243763,-45.1778163866209 -3.441654408827,-45.1778904586359;-3.44165571602641,-45.177951522991 -3.44146381844019,-45.1778618261623 -3.44044267062971,-45.1777231411809;-3.4432654255236,-45.1847611858575 -3.44323591741109,-45.1845280430962 -3.44321949737811,-45.1843505327136 -3.44315074506274,-45.1840806031222 -3.44310628685629,-45.1839552434518 -3.44299072334235,-45.1837756797506 -3.44278970881292,-45.1834642675113 -3.44260292549538,-45.1832256361314 -3.44249311145085,-45.1830100618517 -3.44249157657669,-45.183006679953 -3.44233369697426,-45.1826764791529 -3.44220481101885,-45.1824387123662 -3.44215046138347,-45.1823053508997 -3.44194440673741,-45.1819421331072 -3.44172349213995,-45.1814875851871 -3.44169723945658,-45.1812826505471 -3.4416799676037,-45.1808855313789 -3.4416426270112,-45.1804182156193 -3.44164772017435,-45.179901810508 -3.44165034626235,-45.1791768451513 -3.44165745757959,-45.1786523290804 -3.4416580631054,-45.1782558775375 -3.44165571602641,-45.177951522991;-3.44178942521007,-45.4281439678522 -3.44193490039842,-45.427616998684;-3.442274021679,-45.4279764232294 -3.44178942521007,-45.4281439678522;-3.48784223403207,-45.2590319289271 -3.48780866147703,-45.2595542036262;-3.48368127557368,-45.2588096902571 -3.48363091705736,-45.2586476516759 -3.48351908927433,-45.258490393856 -3.48345610006199,-45.2583376655046 -3.48344042821584,-45.2580869159661 -3.48337427755423,-45.2578728991197 -3.48324927405604,-45.2576340477608;-3.48331031095467,-45.2576369950499 -3.48341118909738,-45.2578574324729 -3.48341211099222,-45.2578598488265 -3.48347934856178,-45.2580773821398 -3.483495812907,-45.2583318222431 -3.4835529872797,-45.2584690407376 -3.48367825232412,-45.2586451947063 -3.48371986383595,-45.2587672714838;-3.48971742734861,-45.2597174948681 -3.4902479353881,-45.2598482946955;-3.48331031095467,-45.2576369950499 -3.48341135345518,-45.2576378304802 -3.4838822127682,-45.2574159833039 -3.48407689498415,-45.2571986636209;-3.48407689498415,-45.2571986636209 -3.48407236749076,-45.256786661722 -3.48402935630351,-45.2565082208783;-3.48658739007132,-45.2582264046214 -3.48683187471462,-45.258267152062;-3.49049247874594,-45.2591144299312 -3.4904740316599,-45.2595370691091 -3.49044090928217,-45.2600764380296 -3.49026218426085,-45.2624667387246 -3.49019705824879,-45.2634370013596;-3.48228864032137,-45.257431445126 -3.48226704,-45.25753104 -3.48217299,-45.25848216 -3.48216201,-45.25953984;-3.48847576553538,-45.2584185208832 -3.48843109479638,-45.259008873919;-3.4878823786299,-45.2590503765999 -3.48785773753932,-45.2595778354819;-3.48894686240121,-45.2591139004202 -3.48891368196632,-45.2596481299814;-3.48900756168383,-45.2591684919022 -3.48906098132899,-45.2591196117418 -3.48914986297515,-45.2590916506651 -3.48933656826138,-45.2591247556005 -3.48982804183563,-45.2592009765999;-3.48970817700308,-45.2597593212936 -3.49025111585164,-45.2599092301268;-3.48924429892786,-45.2588158690956 -3.48989807065613,-45.2589538052746;-3.48983752192123,-45.2591618074754 -3.48934721035764,-45.2590883446255 -3.48919122176519,-45.2590544894424;-3.48324927405604,-45.2576340477608 -3.48259027108002,-45.2575505098991 -3.48228864032137,-45.257431445126;-3.48912505011886,-45.2656763950019 -3.4891862382193,-45.2649854536988 -3.48927898489426,-45.2641415747412;-3.48927898489426,-45.2641415747412 -3.48873568568694,-45.2646894014419 -3.48829425508099,-45.2653549429709;-3.48821728769329,-45.2652870305699 -3.48867230077942,-45.264673555215 -3.48927970714817,-45.2640304066721;-3.48658126370501,-45.2583025405312 -3.48704267757942,-45.2583567249032 -3.48842566663718,-45.2584264623421;-3.48842566663718,-45.2584264623421 -3.48837454729799,-45.2590027499979;-3.48650859377549,-45.2588842835551 -3.48837454729799,-45.2590027499979;-3.48847576553538,-45.2584185208832 -3.48865622808996,-45.2583823748875 -3.48918432893253,-45.2584119191384;-3.48918432893253,-45.2584119191384 -3.48918925327504,-45.258780055553 -3.48914344124184,-45.2590272655965;-3.48843109479638,-45.259008873919 -3.48894760714345,-45.2590644597124 -3.4890523678453,-45.259058487395 -3.48914344124184,-45.2590272655965;-3.48924429892786,-45.2588158690956 -3.48922153009643,-45.2589335069606 -3.48919122176519,-45.2590544894424;-3.48989807065613,-45.2589538052746 -3.48983752192123,-45.2591618074754;-3.4878823786299,-45.2590503765999 -3.48836629720726,-45.2590636106661 -3.48894686240121,-45.2591139004202;-3.48785773753932,-45.2595778354819 -3.48891368196632,-45.2596481299814;-3.48649522662156,-45.2589652317709 -3.48784223403207,-45.2590319289271;-3.48631234545635,-45.2594286406591 -3.48780866147703,-45.2595542036262;-3.48630937817756,-45.2595005339119 -3.48779487711759,-45.2596285027031;-3.48779487711759,-45.2596285027031 -3.48778784168648,-45.2601384323079;-3.48623646754432,-45.2600873882129 -3.48778784168648,-45.2601384323079;-3.48786041685134,-45.2596350042308 -3.48785792403058,-45.2601400799759;-3.48786041685134,-45.2596350042308 -3.48890789246314,-45.2596968138484;-3.48890789246314,-45.2596968138484 -3.48887150117857,-45.2602329313534;-3.48887150117857,-45.2602329313534 -3.48785792403058,-45.2601400799759;-3.48623963868381,-45.260139219506 -3.48778139649842,-45.2602071418316 -3.48893158785063,-45.2602927324836;-3.48900756168383,-45.2591684919022 -3.48896431852076,-45.2596715782959 -3.48893158785063,-45.2602927324836;-3.48982804183563,-45.2592009765999 -3.48965957886235,-45.2597501170317 -3.48959469744,-45.2601251703383 -3.48959848619326,-45.2603696255003 -3.48966003979055,-45.2608289642106 -3.48970847443032,-45.261440278 -3.48972257262486,-45.261989131401 -3.48969958935769,-45.2622178026798 -3.48966342416764,-45.2624373564673 -3.48935570738214,-45.2638182625643 -3.48927970714817,-45.2640304066721;-3.49016028850411,-45.2583647637269 -3.48999664355391,-45.258825641385 -3.48984228734026,-45.2593149995537 -3.48971742734861,-45.2597174948681;-3.49016028850411,-45.2583647637269 -3.49057890151843,-45.2584246778521;-3.49057890151843,-45.2584246778521 -3.49050046518986,-45.2589272384137 -3.4902479353881,-45.2598482946955;-3.49049247874594,-45.2591144299312 -3.49031235514167,-45.2599642504247 -3.49019761400976,-45.2607727289058 -3.4901467772299,-45.2615435217971 -3.49010933107232,-45.262433751714 -3.49009739012228,-45.263054500868 -3.49019705824879,-45.2634370013596;-3.49018774931842,-45.2648477950453 -3.49002638679514,-45.2649849544021 -3.48998440775914,-45.2651353469667 -3.49002400977288,-45.2655677557777;-3.48970439345745,-45.2624417800203 -3.4893282047964,-45.2642119480625 -3.48927927488595,-45.264739694038 -3.48925800676595,-45.2657349233001;-3.49006561537743,-45.2624561526381 -3.48970439345745,-45.2624417800203;-3.49006561537743,-45.2624561526381 -3.49005502507612,-45.263046951619 -3.49020218160523,-45.2635405328922 -3.4901757627062,-45.2646389255642 -3.4901812092979,-45.264765636414;-3.4901812092979,-45.264765636414 -3.4899803640703,-45.264953716161 -3.48992092200431,-45.2651536168249 -3.4899863310873,-45.26557325386;-3.48970817700308,-45.2597593212936 -3.48963743773591,-45.260133018648 -3.48964122688688,-45.2603744886794 -3.48970759116801,-45.2608125800902 -3.48974921254433,-45.2614325927526 -3.48975765047871,-45.2619963830849 -3.48973522546431,-45.2622077571409 -3.48970846810679,-45.2624155916511;-3.49025111585164,-45.2599092301268 -3.49014378399377,-45.2607689349284 -3.49009998146102,-45.2614746924726 -3.49006315179925,-45.262425320966;-3.49006315179925,-45.262425320966 -3.48970846810679,-45.2624155916511;-3.48414449268717,-45.2411155924306 -3.48376443372922,-45.2418338350034 -3.4834603320502,-45.2422053451798;-3.483684382227,-45.2430479039236 -3.48402659679028,-45.2435713110263;-3.48401437534109,-45.2436390983496 -3.48365145320567,-45.2430773118129;-3.4820870452374,-45.2443758322532 -3.48161734881125,-45.2436051890457 -3.48130236010671,-45.2431840245184;-3.48275672701158,-45.2424362812125 -3.48333700788178,-45.2432903143167;-3.48329189273749,-45.2433320602117 -3.48277322634452,-45.2425619857116;-3.48248844455134,-45.2428191511751 -3.48303894187068,-45.2435492419421;-3.4830096894186,-45.2435839982636 -3.482441742015,-45.2428272276463;-3.48366015154149,-45.2448260356685 -3.4833185256301,-45.2451099988232;-3.48027740646348,-45.2416759214847 -3.47972175548232,-45.2413798779292;-3.48326471084245,-45.245152263814 -3.48301927478416,-45.2453641646669 -3.48282216879363,-45.2455289857952;-3.48463457036511,-45.2440741933399 -3.48488140890431,-45.2444625786376;-3.48434891718295,-45.2421169055769 -3.48420084552243,-45.2422981627464 -3.48374025071258,-45.2429763265241 -3.483684382227,-45.2430479039236;-3.48025435853503,-45.2417241453626 -3.47970581467549,-45.241414036801;-3.48282271240013,-45.2414395917604 -3.48323409696528,-45.2414401220605;-3.48365145320567,-45.2430773118129 -3.48212123227845,-45.2444317146291;-3.48439186973106,-45.243341874718 -3.48461986032767,-45.2435502052504;-3.48460484466855,-45.2440457585608 -3.48494131160932,-45.2438171081708;-3.48504826222378,-45.242463852794 -3.48531697868188,-45.2421564229479 -3.48545133691093,-45.2420288964932;-3.48485030809376,-45.2444875340204 -3.48456257847598,-45.2447583249222;-3.48439241188537,-45.2420789961718 -3.48478351989685,-45.2413110897993;-3.48504826222378,-45.242463852794 -3.48485014076739,-45.2423750397274 -3.48460191963236,-45.2422497905308 -3.48439241188537,-45.2420789961718;-3.48497685829848,-45.2425475656392 -3.48484103173491,-45.2424228621479 -3.48459053334177,-45.2422953356932 -3.48434891718295,-45.2421169055769;-3.4862454993786,-45.2440321204242 -3.48582791525143,-45.2441478104871;-3.48448767710991,-45.2440140601077 -3.48432225410937,-45.2441553204808 -3.48416196034273,-45.2443516574976;-3.4839189120527,-45.2426443427434 -3.48365799614184,-45.2424262780351 -3.4834603320502,-45.2422053451798;-3.48362954878557,-45.2430256378646 -3.48343937936237,-45.2427314306231 -3.48322664509525,-45.2424393870523;-3.48242144498296,-45.2449050734981 -3.48212123227845,-45.2444317146291;-3.48242144498296,-45.2449050734981 -3.48281085612139,-45.244597643652 -3.48308868161197,-45.2443949676793;-3.48245999863836,-45.2449477273301 -3.48284273773507,-45.2446340797819 -3.4831160087094,-45.2444405128417;-3.48281025286326,-45.2414805303584 -3.48320866076317,-45.2414932628157;-3.48133960181704,-45.2431213305852 -3.48171157708373,-45.243215226464;-3.48475152001488,-45.2412889796133 -3.48414449268717,-45.2411155924306;-3.48551341258112,-45.241516731169 -3.48478351989685,-45.2413110897993;-3.4820870452374,-45.2443758322532 -3.4830096894186,-45.2435839982636;-3.4836648279162,-45.2429887607906 -3.4834667064598,-45.2426904399769 -3.48328680306837,-45.2424353870675;-3.48303894187068,-45.2435492419421 -3.48329189273749,-45.2433320602117;-3.48328680306837,-45.2424353870675 -3.48343027032989,-45.242253206418;-3.48130236010671,-45.2431840245184 -3.48133960181704,-45.2431213305852;-3.48388799921191,-45.2426949944932 -3.48362156001193,-45.2424467733581 -3.48343027032989,-45.242253206418;-3.48333700788178,-45.2432903143167 -3.48362954878557,-45.2430256378646;-3.48388799921191,-45.2426949944932 -3.48371492759483,-45.2429318293376 -3.4836648279162,-45.2429887607906;-3.4839189120527,-45.2426443427434 -3.48416666609164,-45.2422741755995 -3.48432537938951,-45.2420880892836 -3.48475152001488,-45.2412889796133;-3.48031107608065,-45.241713498597 -3.48058255905149,-45.2412204698608;-3.48027740646348,-45.2416759214847 -3.48055081961292,-45.2412032812425;-3.48087558623379,-45.2420593779931 -3.4811279623711,-45.241624683177 -3.48115301221041,-45.2413479963155;-3.48494131160932,-45.2438171081708 -3.48471858390606,-45.2438242141795 -3.4846717235285,-45.2438442261415 -3.48456040445208,-45.2439565968384;-3.48456040445208,-45.2439565968384 -3.48460484466855,-45.2440457585608;-3.48294110959886,-45.2420168024044 -3.48271645798122,-45.2424380333598;-3.48463033270737,-45.2435893623481 -3.48477156017488,-45.2437521481946;-3.48469821370179,-45.243726990358 -3.48460244826322,-45.2436158962836 -3.48435914481459,-45.2433833448163;-3.48402659679028,-45.2435713110263 -3.48440455459855,-45.2432643932457 -3.48458144357859,-45.2430365305004 -3.48475012173859,-45.2428178695285 -3.48497685829848,-45.2425475656392;-3.482441742015,-45.2428272276463 -3.48245723228574,-45.2428079098053 -3.48275829016147,-45.2425264642574;-3.48277322634452,-45.2425619857116 -3.48248844455134,-45.2428191511751;-3.48550273734675,-45.2421171149675 -3.48532069182656,-45.242245708741 -3.48500075966032,-45.2425824395269 -3.48478854479954,-45.2428280997605 -3.48464212923833,-45.243038671576 -3.48453357618324,-45.243180308098 -3.48439186973106,-45.243341874718;-3.48435914481459,-45.2433833448163 -3.48401437534109,-45.2436390983496;-3.48461986032767,-45.2435502052504 -3.4850214224249,-45.2431896760986 -3.48553538229332,-45.2428941931912 -3.4859395256251,-45.2426756996197;-3.48595860951776,-45.2427279747824 -3.48507246724084,-45.2432280271137 -3.48463033270737,-45.2435893623481;-3.48322664509525,-45.2424393870523 -3.48373631870956,-45.241804029468 -3.48410447929917,-45.2411042191139;-3.48136257752656,-45.2430797505365 -3.48171762693429,-45.2431625278694;-3.48148754137126,-45.2427331973597 -3.48136257752656,-45.2430797505365;-3.48148754137126,-45.2427331973597 -3.48195163202214,-45.2429133587982;-3.48195163202214,-45.2429133587982 -3.48183643803732,-45.2431403350309 -3.48171762693429,-45.2431625278694;-3.48150612044796,-45.2427019959022 -3.48197333410661,-45.2428757987219;-3.48169289697662,-45.2422942536668 -3.48150612044796,-45.2427019959022;-3.48169289697662,-45.2422942536668 -3.48216582384711,-45.2423884383942;-3.48216582384711,-45.2423884383942 -3.48213330181364,-45.242503991884 -3.48197333410661,-45.2428757987219;-3.48170095194052,-45.242254461361 -3.48216417156123,-45.2423397143212;-3.48173809606186,-45.2418358148367 -3.48170095194052,-45.242254461361;-3.48173809606186,-45.2418358148367 -3.48222290708307,-45.2419071614704;-3.48222290708307,-45.2419071614704 -3.48216417156123,-45.2423397143212;-3.48174027728946,-45.2418020461092 -3.48222367110559,-45.2418597014949;-3.48177062835559,-45.2414001153751 -3.48174027728946,-45.2418020461092;-3.48177062835559,-45.2414001153751 -3.48225487801801,-45.2414436767459;-3.48225487801801,-45.2414436767459 -3.48222367110559,-45.2418597014949;-3.48177781809845,-45.2413590644166 -3.48226205251166,-45.241398389103;-3.48178053333023,-45.241143934325 -3.48177781809845,-45.2413590644166;-3.48228483157122,-45.2411262539866 -3.48226205251166,-45.241398389103;-3.48230202906305,-45.2414022493056 -3.48278563175821,-45.2414427348067;-3.48232421613162,-45.2411323550422 -3.48230202906305,-45.2414022493056;-3.48281705703137,-45.2410895457839 -3.48278563175821,-45.2414427348067;-3.4828436370216,-45.2410858610588 -3.48282271240013,-45.2414395917604;-3.48333148829392,-45.2410914132857 -3.48323409696528,-45.2414401220605;-3.48272123587061,-45.2419185524524 -3.48297180301628,-45.2419772510853;-3.48281025286326,-45.2414805303584 -3.48272123587061,-45.2419185524524;-3.48320866076317,-45.2414932628157 -3.48297180301628,-45.2419772510853;-3.48226949159034,-45.2418593421322 -3.48268635779397,-45.2419130073035;-3.4822982960967,-45.2414414279121 -3.48226949159034,-45.2418593421322;-3.4822982960967,-45.2414414279121 -3.48278435297579,-45.2414747341342;-3.48278435297579,-45.2414747341342 -3.48268635779397,-45.2419130073035;-3.48221285054579,-45.242355521065 -3.48271645798122,-45.2424380333598;-3.48226568943723,-45.2419104379765 -3.48221285054579,-45.242355521065;-3.48226568943723,-45.2419104379765 -3.48268308679616,-45.2419579440774 -3.48294110959886,-45.2420168024044;-3.48477156017488,-45.2437521481946 -3.48495223952457,-45.2437980135082 -3.48532762656386,-45.243674532695 -3.48559664999357,-45.2436073161803 -3.48599271882843,-45.2435308766686 -3.48626777379058,-45.2435539787291;-3.48469821370179,-45.243726990358 -3.48466978087031,-45.24378385892 -3.48448830650473,-45.2439559212901 -3.48427922940051,-45.2441245244112 -3.48408154894173,-45.2443504791676 -3.48389727054714,-45.2445321315407 -3.4836478693544,-45.2447759045316 -3.48325873728773,-45.245105718797 -3.48299376158791,-45.2453354664271 -3.48280236481946,-45.245490072672;-3.48245999863836,-45.2449477273301 -3.48280236481946,-45.245490072672;-3.48220939344001,-45.2423946532106 -3.48217648245085,-45.2425199656851 -3.48200712825151,-45.2429046855798 -3.48184621882794,-45.2431903295802 -3.48171157708373,-45.243215226464;-3.48220939344001,-45.2423946532106 -3.48270455766231,-45.2424702592484 -3.48275829016147,-45.2425264642574;-3.48336701918444,-45.2410974130494 -3.48326372270852,-45.2414752012493 -3.48275672701158,-45.2424362812125;-3.48282216879363,-45.2455289857952 -3.48299546746229,-45.245790165976 -3.48323357920495,-45.2461052225751;-3.48326471084245,-45.245152263814 -3.48348582715394,-45.2453941030921 -3.4836816157258,-45.2456375294316;-3.4836816157258,-45.2456375294316 -3.48344359934865,-45.2459284907734 -3.48323357920495,-45.2461052225751;-3.4833185256301,-45.2451099988232 -3.48353424681408,-45.2453709105199 -3.4837336360155,-45.245588557415;-3.48366015154149,-45.2448260356685 -3.48406406144634,-45.2452474225925;-3.48406406144634,-45.2452474225925 -3.4837336360155,-45.245588557415;-3.48371021956582,-45.2447927558882 -3.48410012282317,-45.2452164268435;-3.48410689321056,-45.2443912809762 -3.48371021956582,-45.2447927558882;-3.48410689321056,-45.2443912809762 -3.4842372174759,-45.2445295105559 -3.48437452225341,-45.244647983273 -3.48452855229559,-45.2447937319765;-3.48452855229559,-45.2447937319765 -3.48410012282317,-45.2452164268435;-3.48416196034273,-45.2443516574976 -3.48426350322845,-45.2444867469791 -3.48440332231816,-45.2445938437469 -3.48456257847598,-45.2447583249222;-3.48448767710991,-45.2440140601077 -3.48461655567685,-45.2441478201231 -3.48485030809376,-45.2444875340204;-3.48560553230661,-45.2436577547013 -3.48533592757101,-45.2437159277552 -3.48496477277103,-45.2438348588714 -3.48463457036511,-45.2440741933399;-3.48560553230661,-45.2436577547013 -3.48577216277639,-45.2441595627853;-3.48577216277639,-45.2441595627853 -3.48531968154714,-45.2442771062747 -3.48509205782421,-45.2443504625097 -3.48488140890431,-45.2444625786376;-3.48566721742673,-45.2436419655065 -3.48582791525143,-45.2441478104871;-3.48626341520753,-45.2436045938121 -3.4859986318197,-45.2435746976858 -3.48566721742673,-45.2436419655065;-3.4817366335266,-45.2411505875043 -3.48173712891806,-45.2413457190574 -3.48170482643447,-45.2418207006875 -3.48165860631716,-45.2422597819582 -3.48125485097596,-45.2431191791029;-3.48056298468231,-45.2426318490609 -3.48079775994377,-45.242806580141 -3.48104391982126,-45.2430257338462 -3.48125485097596,-45.2431191791029;-3.48119326374146,-45.2413670915248 -3.4811747147696,-45.2416125749176 -3.48088940346573,-45.2421454194294 -3.48056298468231,-45.2426318490609;-3.4808553683065,-45.2421012905623 -3.48053841765792,-45.2425883919172;-3.48001048321221,-45.242253228034 -3.48053841765792,-45.2425883919172;-3.48029662883815,-45.2417629662983 -3.48001048321221,-45.242253228034;-3.48025435853503,-45.2417241453626 -3.47997110457448,-45.2422148581481;-3.47901896352123,-45.241358606629 -3.47915012806813,-45.2415845641776 -3.4792563948352,-45.2417294937956 -3.47948829182528,-45.2418964203229 -3.47997110457448,-45.2422148581481;-3.4808553683065,-45.2421012905623 -3.48029662883815,-45.2417629662983;-3.48031107608065,-45.241713498597 -3.48087558623379,-45.2420593779931;-3.48673784526477,-45.2457031759894 -3.48655515304455,-45.2461579157082;-3.48678387478759,-45.24572988 -3.4865917649475,-45.2461883514864;-3.48853697035677,-45.2451849602186 -3.48837540697658,-45.2451399037057 -3.48829576664534,-45.2450685020294 -3.48826963316513,-45.2450379098025 -3.4882452457629,-45.2450379098025 -3.48815386994159,-45.2450567224716 -3.48801888521598,-45.2450815202389 -3.48774191266515,-45.2450352014975 -3.48762310711191,-45.2450378416209 -3.48748049007911,-45.2450827395757 -3.48744356654257,-45.2451061065655;-3.48540775524789,-45.245747894183 -3.48515168414374,-45.2461354475379;-3.48652392035803,-45.2462081414557 -3.48641317502878,-45.2464838323956 -3.48630279476851,-45.2468230516364;-3.48500622875483,-45.2455538678575 -3.48477210615768,-45.2458749209972;-3.48800731809684,-45.2477726210939 -3.48760431176436,-45.2498378471883;-3.48520229896599,-45.2452704590356 -3.485031762715,-45.2455326858202;-3.48523576822469,-45.2475715228574 -3.48480773028872,-45.24802471966;-3.48741718255442,-45.2450741566077 -3.48746551524099,-45.2450455185289 -3.48761937241295,-45.2449979147389 -3.48774295223728,-45.2449951685206 -3.48801515446864,-45.2450415363559 -3.48814601340129,-45.2450175010417 -3.48824320830601,-45.2449979098025 -3.48827890914415,-45.2449979098025 -3.48829417686986,-45.2450049909576 -3.48832349483764,-45.245039639465 -3.4883983826457,-45.2451067802584 -3.4885261085437,-45.2451381092523;-3.48372587291332,-45.2457048623103 -3.48347640885958,-45.245975941163 -3.48324649681958,-45.2461702259959;-3.48372587291332,-45.2457048623103 -3.48425685479469,-45.2463714846682;-3.48425685479469,-45.2463714846682 -3.4840200747269,-45.2465738472849 -3.48374964835535,-45.2467852640021;-3.48324649681958,-45.2461702259959 -3.48374964835535,-45.2467852640021;-3.48411005409287,-45.2452964656586 -3.48391170104557,-45.2455061892801 -3.48377240498229,-45.2456788444623;-3.48411005409287,-45.2452964656586 -3.48470450581891,-45.2458726585751;-3.48470450581891,-45.2458726585751 -3.48441102272605,-45.2462168566078 -3.4842889592939,-45.2463406585908;-3.48377240498229,-45.2456788444623 -3.4842889592939,-45.2463406585908;-3.48462207749171,-45.2447968890231 -3.48415065417416,-45.245257531178;-3.48462207749171,-45.2447968890231 -3.48515174658375,-45.2452821294752;-3.48515174658375,-45.2452821294752 -3.48498063273914,-45.2455100478246 -3.48479758892861,-45.2457718908729 -3.48473298123679,-45.2458391644699;-3.48415065417416,-45.245257531178 -3.48473298123679,-45.2458391644699;-3.48630147246188,-45.2440679556108 -3.48597904986715,-45.2442018994291 -3.48583754589959,-45.2442356435237 -3.48543100634211,-45.2443327180158 -3.48515432072704,-45.2444113026355 -3.48484888001014,-45.2445691911831 -3.48466711205589,-45.2447608658343;-3.48466711205589,-45.2447608658343 -3.48520229896599,-45.2452704590356;-3.4856659874673,-45.2453252595892 -3.48543967681692,-45.2457132055811;-3.485031762715,-45.2455326858202 -3.48530274530177,-45.245633430874 -3.48543967681692,-45.2457132055811;-3.48500622875483,-45.2455538678575 -3.4852918054582,-45.2456782257873 -3.48540775524789,-45.245747894183;-3.48477210615768,-45.2458749209972 -3.48515168414374,-45.2461354475379;-3.48474229464937,-45.2459107996121 -3.48444221058454,-45.2462525849579 -3.48433200933848,-45.246383915593;-3.48474229464937,-45.2459107996121 -3.48510538684842,-45.2461783064974;-3.48510538684842,-45.2461783064974 -3.48472269391711,-45.2467205152022 -3.48464974374982,-45.2467639719191;-3.48433200933848,-45.246383915593 -3.48464974374982,-45.2467639719191;-3.48514944102205,-45.2462209188446 -3.48490110717579,-45.246563008114 -3.48479205207725,-45.2467254576507 -3.48467320714522,-45.2468197633904;-3.48514944102205,-45.2462209188446 -3.48539126058217,-45.246375914761 -3.48569478160367,-45.2465380109951;-3.48569478160367,-45.2465380109951 -3.48529844347529,-45.2468456503015 -3.48490486185296,-45.2470811123645;-3.48467320714522,-45.2468197633904 -3.48490486185296,-45.2470811123645;-3.48428335704231,-45.2464100141958 -3.48403739908719,-45.2466182023931 -3.4837855812097,-45.2468164114922;-3.48428335704231,-45.2464100141958 -3.48461207306547,-45.2468229617712 -3.48483848151026,-45.2470900691877;-3.48483848151026,-45.2470900691877 -3.48432649843669,-45.2474912442115;-3.4837855812097,-45.2468164114922 -3.48432649843669,-45.2474912442115;-3.48487050942748,-45.2471413552633 -3.48435504713109,-45.2475212938721;-3.48487050942748,-45.2471413552633 -3.48523576822469,-45.2475715228574;-3.48435504713109,-45.2475212938721 -3.48480773028872,-45.24802471966;-3.48602759221223,-45.2467539382529 -3.48529891378199,-45.24758857699 -3.48485251156921,-45.2480846241407;-3.48602759221223,-45.2467539382529 -3.48629545969979,-45.2468804682827;-3.48629545969979,-45.2468804682827 -3.48601203227175,-45.2477960385638 -3.48578555062124,-45.2489205262629;-3.48485251156921,-45.2480846241407 -3.48578555062124,-45.2489205262629;-3.48574738055805,-45.2465680646 -3.48529622457754,-45.2468936844782 -3.48494050543403,-45.2471248976431;-3.48574738055805,-45.2465680646 -3.48598995048153,-45.2467165589754;-3.48598995048153,-45.2467165589754 -3.48528719494767,-45.2475111029748;-3.48494050543403,-45.2471248976431 -3.48528719494767,-45.2475111029748;-3.48544505087023,-45.2457963710514 -3.48518917634943,-45.246170149508;-3.48544505087023,-45.2457963710514 -3.48652392035803,-45.2462081414557;-3.48518917634943,-45.246170149508 -3.48541364813299,-45.246335360797 -3.48574624424389,-45.2465083498841 -3.48602954739092,-45.2466830138638 -3.48630279476851,-45.2468230516364;-3.4857030302417,-45.2453523883317 -3.4854680188357,-45.2457474279082;-3.48741718255442,-45.2450741566077 -3.4872879465726,-45.245397513115 -3.48727436798781,-45.2456284819172 -3.48733137574224,-45.2457498300277 -3.48719033189461,-45.2460276380251 -3.48699548149112,-45.2463299965015;-3.4865917649475,-45.2461883514864 -3.48699548149112,-45.2463299965015;-3.48744356654257,-45.2451061065655 -3.4873239732181,-45.2453971005808 -3.48732734449677,-45.2456110929593 -3.48740758022248,-45.2457312495613 -3.48724217035332,-45.2460550244248 -3.48701154983439,-45.2463938343295;-3.4854680188357,-45.2457474279082 -3.48655515304455,-45.2461579157082;-3.48633361724896,-45.2469122687456 -3.48606633647484,-45.2477965002662 -3.48583053342414,-45.2489570930962;-3.48633361724896,-45.2469122687456 -3.48666138655452,-45.2470707079956 -3.48687423019764,-45.2471881757432 -3.4870607432406,-45.2473795673375 -3.48800731809684,-45.2477726210939;-3.48634946414636,-45.2468507449033 -3.48670141509215,-45.2470325286186 -3.48689405938177,-45.24714749534 -3.48709038171954,-45.2473311612171 -3.48802792275127,-45.2476821499649;-3.48657942792858,-45.2462164154212 -3.48644768069206,-45.246509485684 -3.48634946414636,-45.2468507449033;-3.48657942792858,-45.2462164154212 -3.48701154983439,-45.2463938343295;-3.48654356246997,-45.2497210555121 -3.48677691070017,-45.2497664613212 -3.48760431176436,-45.2498378471883;-3.48583053342414,-45.2489570930962 -3.48622819607558,-45.2493189362352 -3.48639454100848,-45.2495129252861 -3.48654356246997,-45.2497210555121;-3.45208801776502,-45.3057599720867 -3.45194408785331,-45.3056520246529 -3.45184054010601,-45.3056451214698 -3.45173477294044,-45.3056597100444 -3.45173278042571,-45.3056598839184 -3.45133162424309,-45.3056747415548 -3.45110548485244,-45.3056893311929 -3.45091312049084,-45.3057855133737;-3.45209836040887,-45.3057133011804 -3.45228693755476,-45.3055860696508 -3.45282187166155,-45.3051966234078 -3.4529925148998,-45.3050540422471;-3.45096702324859,-45.3056540468823 -3.45109887186685,-45.305649674677 -3.45132932246782,-45.3056348068963 -3.45132986988017,-45.3056347791058 -3.45173029934945,-45.3056199483847 -3.45183709885469,-45.3056052174185 -3.45184116198284,-45.3056050741379 -3.45195267033815,-45.3056125080283 -3.45196333995794,-45.3056164637314 -3.45209836040887,-45.3057133011804;-3.4530310103711,-45.3050767194948 -3.45284680300454,-45.3052279085599 -3.45284589107945,-45.305228614034 -3.45230507555619,-45.3056226102228 -3.45230489401466,-45.305622740932 -3.45212932442242,-45.3057455082728;-3.4530310103711,-45.3050767194948 -3.45325024945848,-45.3051659121606;-3.45091312049084,-45.3057855133737 -3.45083852578532,-45.3060475541073;-3.45361174266251,-45.3009921170582 -3.45403054194025,-45.3008265807046 -3.45426079218077,-45.3007262152152 -3.45447923471665,-45.3005490996456 -3.45443790775041,-45.3002972019465 -3.45421876290039,-45.2994995586726;-3.45078012724408,-45.3011303590701 -3.45149838355242,-45.3006655727396 -3.45307620858267,-45.2999634993264;-3.45307620858267,-45.2999634993264 -3.45358399555874,-45.3010385131344;-3.45358399555874,-45.3010385131344 -3.45312691843052,-45.3013250760876 -3.45265702448966,-45.3014648639353 -3.45099167907649,-45.3019953340545;-3.45099167907649,-45.3019953340545 -3.45097193773854,-45.3016882457156 -3.45088570531807,-45.3013401861659 -3.45078012724408,-45.3011303590701;-3.45098865254201,-45.30204469977 -3.45194529083077,-45.3017324734368;-3.45194529083077,-45.3017324734368 -3.45200847316735,-45.3028784523272;-3.45200847316735,-45.3028784523272 -3.45104856635813,-45.3029342075547;-3.45104856635813,-45.3029342075547 -3.45098865254201,-45.30204469977;-3.45105032242438,-45.3029775892524 -3.45200460907079,-45.3029160402851;-3.45200460907079,-45.3029160402851 -3.45203992385987,-45.3035212428806 -3.45214009977534,-45.3038068647289;-3.45110744531692,-45.3037870454271 -3.45105032242438,-45.3029775892524;-3.4511080679292,-45.303828798729 -3.45194966463251,-45.3037639253212 -3.45217645671035,-45.3038831706798;-3.45217645671035,-45.3038831706798 -3.45254219014396,-45.3044456811865 -3.45274559422016,-45.3048248307466 -3.4529925148998,-45.3050540422471;-3.45327085421702,-45.3051002176341 -3.45305605233899,-45.305017704241 -3.45278987353796,-45.3047870382889 -3.4525790456153,-45.3043759706414 -3.4522069760064,-45.3038485507235 -3.45207570012021,-45.3035103710901 -3.45198172008302,-45.3017245861222;-3.45198172008302,-45.3017245861222 -3.45265413979437,-45.3015092164693 -3.45314535841997,-45.301359320853 -3.45358096536881,-45.3010888626453 -3.45402675237082,-45.3008889855471 -3.4543033088856,-45.3007855044868 -3.45453924375309,-45.3005593818325 -3.45452667276297,-45.3003443155059 -3.45426707027015,-45.2994708911102;-3.45361174266251,-45.3009921170582 -3.45311526254742,-45.2999483642165;-3.45311526254742,-45.2999483642165 -3.45421876290039,-45.2994995586726;-3.45214009977534,-45.3038068647289 -3.45196920562693,-45.3037218983179 -3.45110744531692,-45.3037870454271;-3.45096702324859,-45.3056540468823 -3.45102408746432,-45.3053722473827 -3.45112203634795,-45.304116493456 -3.4511080679292,-45.303828798729;-3.38781230990297,-45.3145103991906 -3.38814778226358,-45.3130732840007 -3.38808546449034,-45.3127865797564;-3.39146977202282,-45.3150867065738 -3.39150774383377,-45.3143699501857;-3.38804530518789,-45.3127831323059 -3.38810223800745,-45.3130618360164 -3.38804676684386,-45.3133523538078 -3.38776988457164,-45.3144778312185;-3.39146977202282,-45.3150867065738 -3.39139902756259,-45.3151406093399 -3.39132204853158,-45.3151839872463 -3.39124454986043,-45.3151923663931 -3.39094023102286,-45.3151734894074 -3.39068460486316,-45.3151118098153 -3.39001298561297,-45.3150103558814 -3.38951528269702,-45.3148990389309 -3.38931253337307,-45.3148492955081 -3.3888559991025,-45.3147374299177 -3.38854486400738,-45.3147373055388 -3.38828298541537,-45.3146831527651 -3.38807365042945,-45.314599210057 -3.38781230990297,-45.3145103991906;-3.38776988457164,-45.3144778312185 -3.38771258885273,-45.314470109068 -3.38727241437175,-45.3144371949226 -3.38678144688108,-45.3143405172059 -3.38618199876341,-45.3142779764037 -3.38570630090785,-45.3142398983662 -3.38516825119187,-45.314134038679 -3.38475061667405,-45.3140260514791 -3.38424599164293,-45.3139360640244 -3.38391888674212,-45.3138970597922 -3.38172247563576,-45.3134867051445 -3.38089571283068,-45.3132580564787 -3.38010952986232,-45.3131557461709 -3.37958994421717,-45.313247975598 -3.37848257566087,-45.3129495016358;-3.5009604265132,-45.3327193652995 -3.50131809775563,-45.3320493929972;-3.50090005431146,-45.3317390550692 -3.50054407845288,-45.332374335063 -3.50038708397167,-45.3324583088553;-3.50131809775563,-45.3320493929972 -3.50090005431146,-45.3317390550692;-3.50190167939658,-45.3332680439869 -3.50158554308388,-45.3333934666097 -3.50135911535649,-45.333553194259 -3.50102689751205,-45.3336858775454 -3.50068357127902,-45.333882512568 -3.50009096752549,-45.3344628601859 -3.4998718921766,-45.3347231607642 -3.49956161380404,-45.3351493898796 -3.49924306329785,-45.3354691916892 -3.49915389051187,-45.3355437156453 -3.4989477235261,-45.3356039919602;-3.50038708397167,-45.3324583088553 -3.50022278742155,-45.332357905408 -3.50015159224984,-45.3322830592018 -3.50011143087092,-45.3321662260995 -3.50011873293982,-45.3320220102389;-3.49894418961803,-45.3356624727898 -3.49917514658591,-45.3355850447901 -3.49927941500882,-45.3355001405382 -3.49959717931672,-45.3351959235921 -3.49988881942264,-45.3347902550403 -3.50011803583581,-45.3345163248958 -3.50058235140254,-45.334054174831 -3.50069693312417,-45.3339291919779 -3.50102751260388,-45.3337441335439 -3.50137251465668,-45.3335994530052 -3.50162113361472,-45.3334349605698 -3.5017719553371,-45.3333808360278 -3.50201802170815,-45.3332669103187 -3.50234670276063,-45.3331505445199 -3.502792360283,-45.3330272436772 -3.50335431546573,-45.3329088289592 -3.5038207511014,-45.332770766681 -3.50422905438308,-45.3326960660877 -3.50450025123817,-45.3327183829086 -3.50505142173145,-45.3328612236656 -3.50547268817783,-45.3328637041792 -3.50657150530764,-45.3326451744638;-3.50652343183407,-45.3325854853092 -3.50546709105597,-45.3327999543267 -3.50506818710159,-45.332791871201 -3.5045116829898,-45.3326485862977 -3.50423134274506,-45.3326258498564 -3.50382975501077,-45.3327107078129 -3.50338537525879,-45.3328270259902 -3.50278589048006,-45.3329737451333 -3.50234888200923,-45.3330919608439 -3.50197638908984,-45.3332108878209;-3.50197638908984,-45.3332108878209 -3.50153486824887,-45.3331045431224 -3.50111950108291,-45.3328748713878 -3.5009604265132,-45.3327193652995;-3.50007868237641,-45.3320320211884 -3.50007674604368,-45.3321753536856 -3.50010955503404,-45.332299197742 -3.50018747560517,-45.3323883088495 -3.50030874324668,-45.3324694509468 -3.50048309417732,-45.3326138992943 -3.50062709191222,-45.3327621266339 -3.50080557064267,-45.3328706715322 -3.50110269063943,-45.3329068485076 -3.50151963097918,-45.3331577007804 -3.50190167939658,-45.3332680439869;-3.53547081674329,-45.3057639566376 -3.53561548457985,-45.3056884005853 -3.53604860039876,-45.3056186369635 -3.5362366379018,-45.3053380271513 -3.53643694253628,-45.305025787574 -3.53657153153745,-45.304788793898 -3.53663003733303,-45.3045781730339 -3.53663095104645,-45.304575730604 -3.53672240284233,-45.3043839768385 -3.53672414712246,-45.3043811666031 -3.5368214990342,-45.3042572641699 -3.5368267112798,-45.3042530529805 -3.53695298304459,-45.3041913853744 -3.53714418262954,-45.3040766656234 -3.53714988718778,-45.3040746636868 -3.53743100313538,-45.3040365959022 -3.53788888196844,-45.3038037362093;-3.53793041390041,-45.3038814421769 -3.53744113872463,-45.304064910499 -3.53743711850538,-45.3040660415947 -3.53715697116455,-45.3041039782138 -3.53696786373666,-45.3042174426705 -3.53696672882981,-45.3042180587894 -3.53684296496204,-45.3042785016085 -3.53674876467983,-45.3043983928768 -3.53665859257086,-45.3045874634279 -3.53659994171169,-45.3047986065209 -3.53659853236305,-45.3048019992373 -3.53646282969821,-45.3050409539297 -3.53646241168943,-45.3050416458758 -3.53626180775009,-45.3053543520165 -3.53626164329446,-45.305354602821 -3.53606988952892,-45.3056407584403 -3.53605981393501,-45.3056472174359 -3.53562259048211,-45.3057176426901 -3.53550100269036,-45.3057797875614;-3.53793041390041,-45.3038814421769 -3.53844778085873,-45.3046264541846 -3.53894028380164,-45.3053150462622 -3.54023994434543,-45.3071072097489;-3.52764295646218,-45.2978658840293 -3.52834015577604,-45.2987498615807 -3.52858482284805,-45.2988768231989 -3.52869361555823,-45.2989275783431 -3.52950443830619,-45.2991975789417 -3.52974104400041,-45.2992905505103 -3.53011173149662,-45.2994486000824 -3.53066261132833,-45.299696704391 -3.53101575470401,-45.2998300741394 -3.53187906307921,-45.3001548837537 -3.53254935751065,-45.3004625146341 -3.5333960083428,-45.3008366733746 -3.53408894807727,-45.3011083422421 -3.53513902788032,-45.3015121899613 -3.53591268078956,-45.3018766404127 -3.53631855030219,-45.3020970554998 -3.53669451800676,-45.3025131795565 -3.53709577198601,-45.3029569157533 -3.53744409260268,-45.3033102493807 -3.5375649291173,-45.3034398656336 -3.53788888196844,-45.3038037362093;-3.53743274984909,-45.3032242799392 -3.53719767416747,-45.3030023756832 -3.53675143349517,-45.3024915553695 -3.53635402877194,-45.3020694632205 -3.53594073512165,-45.3018355533507 -3.53517056015715,-45.3014789110163 -3.53408752981498,-45.3010416493511 -3.53345992061608,-45.30080107189 -3.53254925578297,-45.3004066097829 -3.53193438446658,-45.3001404670076 -3.53138036959758,-45.2999132220769 -3.53112171865034,-45.2998107380473 -3.53095473832879,-45.2997302738871 -3.53069596728262,-45.2996493180161 -3.53031534651771,-45.2994996551217 -3.52978452554556,-45.2992611922584 -3.52955225579493,-45.2991620154433 -3.52920516733332,-45.299034161782 -3.52870252259576,-45.2988674855311 -3.52834228905091,-45.2987006105546 -3.5280818933476,-45.2983599545825 -3.52766273016227,-45.2978298036798;-3.53938665763414,-45.3021763283083 -3.5385288569639,-45.3025785641279 -3.53811164447166,-45.3028212412285 -3.5377633654862,-45.3029698129148 -3.53743274984909,-45.3032242799392;-3.54029133931144,-45.307064326801 -3.53958769015483,-45.3061128469558 -3.5394928746707,-45.3059845217209 -3.53894951362005,-45.3051762598111 -3.53841771919915,-45.3043882235044 -3.53812642628496,-45.304011228114 -3.53792600554941,-45.3037168003936 -3.53763377211133,-45.3034425644852 -3.53745275492963,-45.3032513485574;-3.53745275492963,-45.3032513485574 -3.537781623786,-45.3029996778383 -3.5381392688681,-45.3028527435485 -3.53852420159167,-45.3026303517513 -3.53887553125097,-45.3024549298253 -3.53940297218844,-45.3022165843973;-3.54313228790387,-45.2944395465339 -3.5429936721063,-45.2944096908237 -3.54299116413969,-45.2944087871739 -3.54274816000034,-45.2942824250214 -3.54262699374385,-45.2942895524483;-3.54317665708422,-45.2957087429592 -3.54326486054192,-45.2955227826075 -3.54353519878836,-45.2950902414132 -3.54372585839375,-45.294828440164 -3.54391224950051,-45.2946712171312 -3.54426866913595,-45.2944926516053;-3.5442951190555,-45.2944730441943 -3.5446240499909,-45.294338676483 -3.54562242405865,-45.2940479607026 -3.54596352024506,-45.293972608045;-3.54426851063612,-45.2944915620749 -3.5433888642834,-45.294449182133 -3.5431551105637,-45.2944442759793 -3.54315458418567,-45.2944442143257;-3.54315458438275,-45.2944442142486 -3.54304993443823,-45.2945670641835 -3.5429621869729,-45.2948010574243 -3.54296027609426,-45.2948042141385 -3.54287907715717,-45.2948949658917;-3.54287055445715,-45.2948744971799 -3.54294404757327,-45.2947909306852 -3.5430318228747,-45.2945584016612 -3.54303357373417,-45.2945554282311 -3.5431322878665,-45.2944395464236;-3.54227853892991,-45.2936004283159 -3.54253473235705,-45.2939021702637 -3.5425687865463,-45.2940255073194 -3.5425975592665,-45.2941906829959 -3.54263473834161,-45.2942403105368;-3.54262699380887,-45.2942895523443 -3.54287055445715,-45.2948744971799;-3.54287907718848,-45.2948949657068 -3.54289210174803,-45.2949262460014 -3.54289279650567,-45.2949288793742 -3.54292924455307,-45.2952277533629 -3.5431506053668,-45.2954831696864 -3.54315299116234,-45.2954886498857 -3.54317665708422,-45.2957087429592;-3.54110134830546,-45.3000716291544 -3.541248168437,-45.299786472096 -3.54135954563116,-45.299583541443 -3.54144645698097,-45.2993904015785 -3.54150958989032,-45.2991473773208 -3.54148020079594,-45.2987066211704 -3.54147125544017,-45.2985871612149 -3.54139296643499,-45.2981106605735 -3.54140569073703,-45.2977898069721 -3.54144819239726,-45.2975798599721 -3.54167668412983,-45.2973265640516 -3.54196917739565,-45.2970668147693 -3.5425291205222,-45.2966056078168 -3.54281521786631,-45.2963220282011 -3.5431842961872,-45.2957881202806 -3.54324712315032,-45.2956485512126 -3.54338891359345,-45.2953798304425 -3.54357074357536,-45.2951091523053 -3.54371167593701,-45.2949149091042 -3.54390063957953,-45.2947292849958 -3.54428466099688,-45.294508236229 -3.54460954297977,-45.2943782930928 -3.54488973568632,-45.2942877636712 -3.54519515884482,-45.2942041538005 -3.54565024912738,-45.2940825251732 -3.54596068333257,-45.2940347262011;-3.54315496520109,-45.2957224486073 -3.54298279638776,-45.2960113932982 -3.54279736587322,-45.2962862264165 -3.54246184099398,-45.2965790759293 -3.54192426586925,-45.2970064404623 -3.54165940274255,-45.297243839447 -3.54139284186253,-45.2975302183736 -3.54132638819925,-45.2977856917043 -3.54133625893158,-45.2980771075376 -3.54141293364137,-45.2986405616136 -3.54144813854543,-45.2991443076367 -3.54141810050343,-45.2992606036958 -3.54139007594341,-45.2993642816158 -3.54132245819559,-45.2995169293055 -3.54126399281289,-45.2996716313405 -3.54106918097904,-45.3000086280124;-3.54315496520109,-45.2957224486073 -3.54312990005266,-45.2954910351707 -3.5429121308583,-45.2952385443816 -3.54290976129035,-45.29523320562 -3.54287310998265,-45.2949326648968 -3.54256763816948,-45.2942254442507 -3.54254342185806,-45.294043821915 -3.54249376595781,-45.2939291127117 -3.54225126394375,-45.2936433108177;-3.54263473834161,-45.2942403105368 -3.54277957695618,-45.2942622159371 -3.5430198202689,-45.29438292068 -3.54317303182874,-45.294424156195 -3.54338871030383,-45.2944291894369 -3.54338898312967,-45.2944291989076 -3.5442951190555,-45.2944730441943;-3.5691579877334,-45.4479314077218 -3.56884266453453,-45.4475148339544 -3.56848727948909,-45.4471861027874 -3.56824322568481,-45.4470743673108 -3.56800654887545,-45.4470062134255 -3.56784926831635,-45.4469281257877 -3.56768093378716,-45.4467524513024 -3.5674786101643,-45.4465745708649;-3.56754010763566,-45.4465439912388 -3.56775148476439,-45.446348782456 -3.56788863988477,-45.4461027240865 -3.56801112198753,-45.445849491417 -3.56802616955102,-45.4455418140382 -3.56798747411609,-45.4450476264586 -3.56794683063743,-45.4445418705346 -3.56789130678177,-45.4438915620686 -3.56781458564194,-45.4424669945965 -3.5677257231217,-45.4421406187388 -3.5674933802303,-45.4417291641543;-3.56505816549029,-45.4517538655575 -3.56511877794007,-45.45151676426 -3.56520884051581,-45.4512333295181 -3.56537556411913,-45.4509149957184 -3.56587104479709,-45.4501835577349 -3.56603235886989,-45.4496903362802 -3.56612965583552,-45.4492328502436 -3.56633186918129,-45.448629125377 -3.56655393617978,-45.4479951929725 -3.56675149184149,-45.4477880516155 -3.56691710841077,-45.4473786665305 -3.56718450030006,-45.4468522890871 -3.5674786101643,-45.4465745708649;-3.56754010763566,-45.4465439912388 -3.56772633276584,-45.4467420148423 -3.56787568213013,-45.4468978763451 -3.56802251077823,-45.4469694944348 -3.56825569351956,-45.4470363302524 -3.56850683827355,-45.4471510645118 -3.56887112459831,-45.4474866709825 -3.56919153442693,-45.4479094504098;-3.56502724425938,-45.4516903918809 -3.56517600547412,-45.4512064054787 -3.56533558017258,-45.4508893679928 -3.5658298201766,-45.450173965217 -3.56598953181029,-45.4496891250608 -3.56608241395493,-45.4492475513384 -3.56653281714653,-45.4479585479335 -3.56670293966119,-45.4477664476384 -3.5668679281935,-45.4473726608243 -3.56715290820831,-45.446824571815 -3.56748628258849,-45.4464976868734 -3.56768541038625,-45.4463077781527 -3.56783648445001,-45.4460787644108 -3.56795623299499,-45.4458380062325 -3.56798244984329,-45.4455432690676 -3.56793556657381,-45.4450845765467 -3.56789202456707,-45.4445492729594 -3.56782639708768,-45.4438720392754 -3.56773473994339,-45.4424641736532 -3.56765708278632,-45.4421692671646 -3.56738045716438,-45.4416550859587;-3.39145929395751,-45.3164901077654 -3.39143806005793,-45.3154284127865;-3.37847646178642,-45.3129926015943 -3.3795859884796,-45.3132901291867 -3.38012490627688,-45.3132183791226 -3.38089426040121,-45.3133103767162 -3.38170761896387,-45.3135228945836 -3.38388769881923,-45.3139433338469;-3.38388769881923,-45.3139433338469 -3.38382192028295,-45.3156042906252;-3.3838616653534,-45.3156149160558 -3.38393012984169,-45.3139464582342;-3.38393012984169,-45.3139464582342 -3.38423444141578,-45.3139743043302 -3.38473957078767,-45.3140683571219 -3.38505576474698,-45.3141562892528 -3.38570066211126,-45.3143028693817 -3.38678739874859,-45.3144199173339 -3.38726560896077,-45.3145008559614 -3.38777392426907,-45.3145660253328 -3.38805636899966,-45.314663974697 -3.38826752797403,-45.3147330860694 -3.38853274352774,-45.3147928734836 -3.38884442503039,-45.3147708580679 -3.38926684762698,-45.3148834167049 -3.39001013720579,-45.3150526094134 -3.39071436539869,-45.3151474815671 -3.3909360452557,-45.3152064349769 -3.39125374395075,-45.3152526496054 -3.39143806005793,-45.3154284127865;-3.4235541636792,-45.2576016124037 -3.42314771109351,-45.2575741649785 -3.42275370857429,-45.2575179478643 -3.42259509945563,-45.257503597216 -3.42225606999531,-45.2575051071919 -3.42171301469611,-45.2573281183734 -3.42116520102515,-45.2573301538637 -3.4200251128316,-45.2579142478141 -3.4192290047626,-45.2580837247087 -3.41884353021532,-45.258199792075 -3.41864813285112,-45.2582230807243 -3.41816015178558,-45.2584609767378 -3.41810041340048,-45.2585054994358 -3.41805678662441,-45.2585522016193 -3.41640264663911,-45.25946023759 -3.41623417207466,-45.2594525663678 -3.41609624310095,-45.259497117489 -3.41372421575635,-45.2597949587133 -3.41341934444653,-45.259770732208 -3.41321880409481,-45.2598118892671 -3.4128434198938,-45.2598415387646 -3.41263544871226,-45.2599012099492 -3.41229799529126,-45.2599548396158 -3.41138512490613,-45.2601751955342 -3.41093406320156,-45.2603241225806 -3.41013906346895,-45.260284387335;-3.41013604014883,-45.2602559196998 -3.41015457569428,-45.2588027637123;-3.40882142411564,-45.2586473540681 -3.41013978834065,-45.2587642038406 -3.41122184453289,-45.2589688648823;-3.40877853146592,-45.260009186682 -3.40882142411564,-45.2586473540681;-3.40877433996981,-45.2600395504274 -3.40833457910755,-45.2600276803274 -3.40793532238659,-45.2601505277645 -3.40673437838885,-45.2606935033948 -3.40629978265978,-45.2607026358222 -3.40601335485115,-45.2608768469809 -3.40561211244303,-45.2609369924627;-3.40885129535544,-45.258676113871 -3.40880783607588,-45.2600092752411;-3.41010497048363,-45.2602535587854 -3.41011909092561,-45.2587948767781;-3.40880783607588,-45.2600092752411 -3.41010497048363,-45.2602535587854;-3.40880880665215,-45.2600419778872 -3.41010589703563,-45.260285688096;-3.40894140163091,-45.2625189350919 -3.40864733834052,-45.2625602101012 -3.40825690732728,-45.2626476200295 -3.40825190471375,-45.2626480931417 -3.40778513952517,-45.262633308724 -3.40747700235709,-45.2626438613667 -3.4074734720789,-45.2626436695924 -3.40713506551607,-45.262595023649 -3.40713431564653,-45.2625949012749 -3.40652247150626,-45.2624830814838 -3.40605116402115,-45.2624704571761 -3.40567868305608,-45.262494749413;-3.40567403884857,-45.2624549673202 -3.40604947859821,-45.2624304821191 -3.40605131570317,-45.2624304468921 -3.40652508489113,-45.2624431371382 -3.40652814498645,-45.2624434558337 -3.40714113310925,-45.2625554846975 -3.40747740694425,-45.2626038240613 -3.40778442928526,-45.2625933095976 -3.4077857469821,-45.2625933079046 -3.40825063978597,-45.262608033016 -3.40864423503218,-45.2625027043781;-3.40899752213173,-45.2624538294497 -3.40891493059892,-45.2618746304659 -3.40879543666472,-45.2617624603878 -3.40880898401963,-45.2614181176683 -3.40880880665215,-45.2600419778872;-3.41010589703563,-45.260285688096 -3.41015990574199,-45.2606598417816 -3.41018178014792,-45.2609035098415 -3.41016940102117,-45.2610599155978 -3.41019851484811,-45.2612363836072 -3.41019864475128,-45.2613667399607 -3.4101836388958,-45.2615945659061 -3.41021740368658,-45.2618392873759 -3.4101138547343,-45.2623907449025;-3.40900429868746,-45.2625112384032 -3.40900201605247,-45.262820892923 -3.40898768298737,-45.2636032135581 -3.40898343757074,-45.26384443314 -3.40821078679019,-45.2648551080902;-3.41015157243087,-45.2624312443095 -3.40960516554915,-45.262496103427 -3.40900429868746,-45.2625112384032;-3.41013906346895,-45.260284387335 -3.41019049827001,-45.2606584391408 -3.41021710436832,-45.260903894768 -3.41020509295332,-45.2610621319457 -3.41023130331889,-45.261230868444 -3.41023297916253,-45.2613728219152 -3.41021422797773,-45.2615978539653 -3.41024909275343,-45.2618351839285 -3.41015157243087,-45.2624312443095;-3.41015457569428,-45.2588027637123 -3.41121835287081,-45.2590061408322;-3.40894140163091,-45.2625189350919 -3.40895008463989,-45.2636495397482 -3.40893173307408,-45.2638269382177 -3.40816402590447,-45.2648301571485;-3.4101138547343,-45.2623907449025 -3.40959807763027,-45.262446344742 -3.40899752213173,-45.2624538294497;-3.40864423503218,-45.2625027043781 -3.40858599659462,-45.2618818817419 -3.40876405831895,-45.261776097583 -3.40877992878639,-45.2614208675365 -3.40877433996981,-45.2600395504274;-3.40559534492828,-45.2609094974424 -3.40599799815637,-45.2608410570171 -3.40629770841381,-45.2606729339729 -3.40672356844572,-45.2606601393628 -3.40727790672076,-45.2604237022841 -3.407912553276,-45.2601228561377 -3.40834027049264,-45.2599948901425 -3.40877853146592,-45.260009186682;-3.41011909092561,-45.2587948767781 -3.40885129535544,-45.258676113871;-3.41013604014883,-45.2602559196998 -3.41092938641728,-45.260298125919 -3.41138256333161,-45.2601440368 -3.41228904448242,-45.2599308669399 -3.4126284392483,-45.2598672021765 -3.41283476151552,-45.2598087208391 -3.4132186642464,-45.2597818010245 -3.41342499180716,-45.2597435008236 -3.41372103937105,-45.259766447562 -3.4160910954087,-45.259470017378 -3.41622904696333,-45.2594214335718 -3.41640198321311,-45.2594273583351 -3.4180386937608,-45.2585288468613 -3.41808191725161,-45.2584783520248 -3.41815348472329,-45.258430304312 -3.41863729599386,-45.2581933679781 -3.41883523323144,-45.258170618518 -3.41922457126159,-45.2580532036822 -3.42001235816505,-45.2578836624169 -3.4211620054863,-45.2572969472712 -3.42172205924619,-45.2572880928965 -3.42226081638681,-45.2574768816889 -3.42260067949927,-45.2574731962672 -3.42275461362436,-45.2574853993047 -3.42315117618764,-45.2575464037718 -3.42354586771551,-45.2575698578104;-3.4941661848164,-45.2495790110833 -3.49401107515407,-45.2496161727732 -3.49387918096605,-45.2496803844174 -3.49381495755004,-45.2497199065195 -3.49370043940414,-45.2499072998492 -3.49369537376746,-45.249912870849 -3.49354648737461,-45.2500245356436 -3.49341822552113,-45.2501218910264;-3.48806797195473,-45.2498606551561 -3.48810594704756,-45.2495513689473 -3.48812147356767,-45.2494354007871 -3.48807440373249,-45.2493658044962 -3.4880230225336,-45.249227018469 -3.48797499362064,-45.2486148090438 -3.4879388406515,-45.2484962477017;-3.49336134282191,-45.2501152408781 -3.49352244130978,-45.2499925701923 -3.49366830705339,-45.2498831708845 -3.4937833264904,-45.2496949572604 -3.49378991017856,-45.2496883530942 -3.49385905739106,-45.2496458009634 -3.49386078485457,-45.2496448519444 -3.49399553326866,-45.2495792507428 -3.49399962795761,-45.2495777833446 -3.49415508904188,-45.2495405374598;-3.48936161808978,-45.2488605452382 -3.48940721751749,-45.2481809630879 -3.48985928707937,-45.2458679480059;-3.49250593511896,-45.2474588066609 -3.49223839913453,-45.2475400387286 -3.49170787223266,-45.2476394349396 -3.49139337274307,-45.2476635985665;-3.48935667668054,-45.2489211662798 -3.48904058888205,-45.248893614907;-3.489080995847,-45.2473443631334 -3.48909441390726,-45.248842080724 -3.48936161808978,-45.2488605452382;-3.48904058888205,-45.248893614907 -3.48905044984259,-45.2473372603349;-3.4879388406515,-45.2484962477017 -3.48811206089963,-45.2477037147775;-3.49881028362795,-45.2460821598568 -3.49834806322092,-45.2468772129134 -3.49783088597367,-45.2476887985891 -3.49722947385737,-45.2484033218413 -3.49707719825507,-45.2487801921252 -3.49667380628523,-45.2493435694822 -3.49650247932915,-45.2496359213048 -3.49637592494738,-45.2497435731431 -3.49599909316689,-45.2505973782332 -3.49598595721867,-45.2507658997444 -3.49499710908351,-45.2521794051189;-3.49626930264363,-45.2498177758636 -3.49586169011766,-45.2497631513306 -3.49569402296733,-45.2496287757351 -3.49535080096308,-45.2495496787143;-3.49341822552798,-45.2501218908957 -3.49354635895114,-45.2502422113052 -3.49371087925702,-45.2504386950215 -3.49392498499233,-45.2506757625399;-3.49388690806675,-45.2506907644915 -3.4936804432682,-45.2504646526584 -3.49351219105911,-45.2502631604249 -3.49336134282191,-45.2501152408781;-3.49229016445578,-45.2464740425919 -3.49220588613347,-45.2464474283849 -3.49213449785637,-45.2464548133791 -3.49177222064083,-45.2465853397288 -3.49153289593014,-45.2466996837572 -3.49144605382187,-45.2467628416542 -3.49137982287625,-45.2468506265799;-3.49140224160838,-45.2486065766553 -3.49167112113988,-45.24862684198 -3.49179963793397,-45.2486648445793;-3.49135294693919,-45.2467780615498 -3.49142216328599,-45.2467307566966 -3.49151085387828,-45.2466662544477 -3.49175772145743,-45.2465480466561 -3.49212795550671,-45.2464152767125 -3.49221397633456,-45.246408036114 -3.49230319672903,-45.2464362109754;-3.48789588560041,-45.2487149977491 -3.48767167447852,-45.2498398626673;-3.49630484675211,-45.2497522461115 -3.49637146118181,-45.2496283753226 -3.49646008864483,-45.2495737217204 -3.4966283299557,-45.2492996928227;-3.49530823868608,-45.2494778023381 -3.49571106140574,-45.249581391763 -3.49572145181028,-45.2495865476902 -3.49587477612954,-45.2497143179563 -3.49608412519405,-45.2497381463051 -3.49630484675211,-45.2497522461115;-3.49876253906654,-45.2460417304217 -3.49830284599791,-45.2468573955519 -3.49778713404498,-45.2476783838201 -3.49721001,-45.2483604025467 -3.49704118823642,-45.2487414675811 -3.49665678992877,-45.2492515605406;-3.49607482147416,-45.2490016889728 -3.49665678992877,-45.2492515605406;-3.49604623915402,-45.2490568933883 -3.4966283299557,-45.2492996928227;-3.49626930264363,-45.2498177758636 -3.4959607675197,-45.2505736543045 -3.49593247018686,-45.2507520536332 -3.4949633698153,-45.2520709067401;-3.49445992522776,-45.2518978087942 -3.49476375512423,-45.2519951686617 -3.4949633698153,-45.2520709067401;-3.49535193226862,-45.2495602658707 -3.49488970198948,-45.2502074404137 -3.49467824150942,-45.2505560961253 -3.4945504560043,-45.2513608660195 -3.49445992522776,-45.2518978087942;-3.49530823868608,-45.2494778023381 -3.49481200296227,-45.2501898943116 -3.49463434451177,-45.2505416548748 -3.49449680831153,-45.2513373622168 -3.49443021779517,-45.2518876725845;-3.49380765980393,-45.2518378438024 -3.49443021779517,-45.2518876725845;-3.49392498499233,-45.2506757625399 -3.49386811445267,-45.2513436041142 -3.49380765980393,-45.2518378438024;-3.49388690806675,-45.2506907644915 -3.49383042951196,-45.2513330858041 -3.49376579979071,-45.2518314365502;-3.49183228582859,-45.2516411571298 -3.49376579979071,-45.2518314365502;-3.49194783579729,-45.2503097256848 -3.49183228582859,-45.2516411571298;-3.49123594198028,-45.2502494270685 -3.49194783579729,-45.2503097256848;-3.49140224160838,-45.2486065766553 -3.49139176938197,-45.2491325401651 -3.49124187515589,-45.2498854497931 -3.49123456617936,-45.2501230588515 -3.49123594198028,-45.2502494270685;-3.49140293448134,-45.248558463538 -3.49167422209185,-45.2485767662476 -3.49181419935221,-45.2486184531657;-3.49139337274307,-45.2476635985665 -3.49140293448134,-45.248558463538;-3.49249025744874,-45.2473994917863 -3.49222106543809,-45.247481732578 -3.49169792052238,-45.2475893854376 -3.49138451580154,-45.2476078294987;-3.49137982287625,-45.2468506265799 -3.49138451580154,-45.2476078294987;-3.48991842115764,-45.2458427718105 -3.49041411777235,-45.2462321562977 -3.49066201209801,-45.2464299390935 -3.49135294693919,-45.2467780615498;-3.49011211035642,-45.244094560335 -3.48991842115764,-45.2458427718105;-3.49005986205476,-45.2440829159515 -3.48987296677499,-45.245813659132;-3.4886025922164,-45.2451704900948 -3.4890732551099,-45.2453455532109 -3.48987296677499,-45.245813659132;-3.48858300650321,-45.2452344449362 -3.48903379529569,-45.2453989254046 -3.48985928707937,-45.2458679480059;-3.48935667668054,-45.2489211662798 -3.48924710242531,-45.250021098066;-3.48806797195473,-45.2498606551561 -3.48924710242531,-45.250021098066;-3.48789588560041,-45.2487149977491 -3.48797100450271,-45.2492741823544 -3.48800703994672,-45.2493895312978 -3.48806586806453,-45.2494727946482 -3.48800759450061,-45.249864683086;-3.48800759450061,-45.249864683086 -3.48767167447852,-45.2498398626673;-3.48990888172114,-45.2459040656328 -3.48946168194721,-45.248184400153 -3.48940254304643,-45.2488346153248;-3.48990888172114,-45.2459040656328 -3.49036988373475,-45.2462673867301;-3.49036988373475,-45.2462673867301 -3.49035577523043,-45.2476563188992 -3.49038592514921,-45.2481350344785 -3.49043174022932,-45.248487570133 -3.49056720344818,-45.2489323548101;-3.48940254304643,-45.2488346153248 -3.49056720344818,-45.2489323548101;-3.49042393124991,-45.2463056217992 -3.49038777882417,-45.2476314408433 -3.49042557707256,-45.2481376872576 -3.49048983609866,-45.2484804082982 -3.49062436691929,-45.2489458996204;-3.49042393124991,-45.2463056217992 -3.49063185236846,-45.2464629599842 -3.49132732492472,-45.2468285670322;-3.49132732492472,-45.2468285670322 -3.49133544456546,-45.2477146357992 -3.49135384177363,-45.2485810881901 -3.491354286969,-45.2489258082317 -3.49135339337642,-45.2490115032559;-3.49062436691929,-45.2489458996204 -3.49135339337642,-45.2490115032559;-3.47333358962528,-45.2442793628401 -3.47349799518856,-45.2438119813102 -3.47347164180299,-45.2436956117872;-3.47241717239757,-45.24384933027 -3.47268936444686,-45.2439746137568 -3.47286380782913,-45.2440656276954 -3.47296970222734,-45.2441110110089 -3.47296999116257,-45.2441111375445 -3.4731628741744,-45.2441974273129 -3.47316336147455,-45.2441976532168 -3.47333358974935,-45.2442793627887;-3.47332031314852,-45.2443173593791 -3.4731462943651,-45.2442338303631 -3.47295380048877,-45.2441477146816 -3.47284597927786,-45.2441014427878 -3.4726713016648,-45.2440103066419 -3.47241102243132,-45.2438905321274;-3.47335243893976,-45.2443468180915 -3.47316829073824,-45.244878283787;-3.47167584652334,-45.2444687005265 -3.47193247814802,-45.244515788898 -3.47204269845703,-45.2445358289542 -3.47217429734676,-45.244540366847;-3.47226403661912,-45.2444210034068 -3.47235416678735,-45.2444617991483 -3.47250833793264,-45.2445401484189 -3.47277923220047,-45.2446540759147 -3.47302928573863,-45.2447815933448 -3.47303159796276,-45.2447829768199 -3.47313429106003,-45.2448542332547;-3.47468623221711,-45.2463162553675 -3.47489595178352,-45.2457562087981;-3.4749309961599,-45.2457766863143 -3.47472357637751,-45.246330591415;-3.47358219740579,-45.2465398176752 -3.47354311615126,-45.2465450285092 -3.47353352658974,-45.2465439589264 -3.47346500236185,-45.2465185795827 -3.47346300437706,-45.2465177131513 -3.47337003266524,-45.2464712272954 -3.47321537543979,-45.2464587200623 -3.47306887540763,-45.2464380703653 -3.47294618982787,-45.2464089585328;-3.4734585993316,-45.2470871562108 -3.47344918462395,-45.2470952604074 -3.47341111560846,-45.2471054121449 -3.47340825483761,-45.2471059556248 -3.47334226854409,-45.2471135694279 -3.47333819742317,-45.2471136220033 -3.4731978543921,-45.2471010913755 -3.47303226835409,-45.2471159199759 -3.47292565363138,-45.2471555905704 -3.47291867895714,-45.2471568461334 -3.47280981618733,-45.2471568461334 -3.47243193227822,-45.2471669906679 -3.47243184998695,-45.2471669927076 -3.47221065457786,-45.247172019876 -3.47209457793575,-45.2471999642528;-3.47364411505819,-45.2465042024434 -3.47368953822242,-45.2465216728912 -3.47380350444119,-45.2465621942134 -3.47387777482143,-45.2466093148517 -3.47394105814385,-45.2466409565129 -3.47405846733991,-45.2466734313969 -3.4742353814127,-45.2467993802434 -3.47442240269614,-45.2468732044343 -3.47451791813531,-45.2468732044343;-3.47471084521065,-45.2463685250415 -3.47455792507535,-45.2468790430316;-3.47316829073824,-45.244878283787 -3.47327335778703,-45.2449517118222 -3.47369572210772,-45.2451592318641 -3.47404043175289,-45.245293285615;-3.47209074855439,-45.2451536125915 -3.47236488000347,-45.2452357507344 -3.47269958094252,-45.2453693901066 -3.47288490322382,-45.2454327281015;-3.47343205203774,-45.2470584312979 -3.4734737392296,-45.2470022749178 -3.47351819778268,-45.2467376944906 -3.47353340728938,-45.2466413676149 -3.47353520413423,-45.246635683722 -3.47358219733955,-45.2465398175832;-3.47539706624847,-45.2466946421399 -3.47510995560815,-45.2465668396374 -3.47495990665087,-45.2464593045514 -3.47471084508779,-45.2463685251031;-3.47472357631862,-45.2463305912871 -3.47497617888477,-45.2464226613814 -3.47498098030384,-45.2464251957745 -3.47513155552612,-45.2465331080172 -3.47540605147057,-45.2466535009753;-3.4749444895604,-45.2457376080178 -3.47499917506408,-45.2457740650203 -3.47550990113996,-45.2459911852844;-3.47549435465257,-45.2460280406671 -3.47499980298366,-45.2458174321603 -3.4749309961599,-45.2457766863143;-3.47455792507535,-45.2468790430316 -3.47508293108357,-45.247003145004 -3.47508317310327,-45.2470032020848 -3.4753214613771,-45.2470609689391;-3.47407731009513,-45.2453093786862 -3.47464816447908,-45.2455935702627 -3.47490861210329,-45.2457179281373;-3.47451791800097,-45.2468732045343 -3.47467337957701,-45.2463542020419;-3.47419416492781,-45.24480133912 -3.47409177023204,-45.244744784658 -3.47364343861576,-45.2445280910435 -3.47364304644584,-45.2445278961697 -3.47339829032888,-45.2444011606336 -3.47335243882665,-45.2443468181125;-3.47292198087879,-45.2454489888244 -3.47317400179448,-45.2455785322857 -3.47317496773901,-45.2455790629421 -3.47360187293677,-45.2458291435018 -3.47381270650635,-45.2458940153693;-3.47336771450982,-45.2443028947106 -3.47342626218505,-45.2443722845479 -3.47366104251404,-45.2444921723754 -3.47411871749806,-45.2447134204002 -3.47420567467451,-45.2447619546383;-3.47498527493651,-45.249193331908 -3.47416223718973,-45.2501204888878;-3.47439073022039,-45.2442395705211 -3.47424188965959,-45.2447809819632;-3.47209675903856,-45.2471582964781 -3.47220760290651,-45.2471320789029 -3.47241387621312,-45.2471273908732;-3.47209457801243,-45.2471999641315 -3.47286198919209,-45.2508502159926 -3.4729685596914,-45.2511372321077;-3.47413109417887,-45.2500953186663 -3.47495413192566,-45.2491681616865;-3.47423031107501,-45.2448197758859 -3.47407731015558,-45.245309378828;-3.47380022148628,-45.2459320243985 -3.4735836603502,-45.2458648325064 -3.47315522510132,-45.2456138556447 -3.47289730604257,-45.2454812804275;-3.47100072872409,-45.2430865601058 -3.471759171334,-45.2430762314482 -3.47220736699023,-45.2430638503527 -3.47220987072701,-45.2430639066739 -3.47235601896645,-45.2430754371896 -3.4725844330594,-45.2431566510893 -3.47335850195593,-45.2435591234637;-3.47347164180299,-45.2436956117872 -3.47259322141675,-45.2432171152707;-3.47131220517256,-45.2431450268354 -3.47145610404438,-45.2441706599294 -3.47154325733388,-45.2444466453461;-3.47360331571848,-45.2464966480119 -3.47368422220835,-45.2463300758269 -3.47374460844012,-45.2461313044806 -3.47380022148628,-45.2459320243985;-3.47385025991382,-45.2459077989094 -3.47409623868182,-45.2460130501686 -3.47434692184188,-45.2461599150502 -3.47454864410935,-45.246260776184 -3.47468623234496,-45.2463162553112;-3.47383785118128,-45.2459459947534 -3.47378307502711,-45.2461422759725 -3.47378294750988,-45.2461427135857 -3.47372203708509,-45.2463432104006 -3.47372089083946,-45.2463461348873 -3.47364411510801,-45.2465042025697;-3.47193884852328,-45.2463613748034 -3.47194949396907,-45.2459462024177 -3.47195203036306,-45.2456824174428 -3.47198765977589,-45.2453253088559 -3.47204900923507,-45.2451623155398 -3.47210959994677,-45.2447558528488 -3.47216127085428,-45.2445799413317;-3.47362651356187,-45.2465402891093 -3.47357244770022,-45.2466505834671 -3.4735576902018,-45.2467440476237 -3.47355765267378,-45.2467442766663 -3.47351196985519,-45.2470132977091 -3.47350839994634,-45.2470217497469 -3.4734585993316,-45.2470871562108;-3.47208038918646,-45.2451923041927 -3.47202719672305,-45.2453319344091 -3.47199201984962,-45.2456837031434 -3.47198949057971,-45.2459467472145 -3.47198948493282,-45.2459470675677 -3.47197433903662,-45.2465377575193;-3.4728626136736,-45.2511148380094 -3.47282296878233,-45.2508590347321 -3.47205143673501,-45.2471891816386 -3.47205495620627,-45.2470113273936 -3.47194435031299,-45.2465787097646 -3.47173650003946,-45.2456615254467 -3.47149614350337,-45.2444965582518 -3.47140575421793,-45.24417717706 -3.47126774051442,-45.2431405601974;-3.47168857641815,-45.2431282006579 -3.47131220517256,-45.2431450268354;-3.47254670311098,-45.2431963024585 -3.47234245611604,-45.2431236813047 -3.47220749439839,-45.2431138659071 -3.47173856156006,-45.2431268198529;-3.47155344777066,-45.2444888384934 -3.47179110723949,-45.2456226722093 -3.47179114423715,-45.2456228528628 -3.47193884862353,-45.2463613747947;-3.47467337964134,-45.2463542021757 -3.47453293965042,-45.2462975731471 -3.47453147474522,-45.2462969128615 -3.47432843999592,-45.2461953954868 -3.47432727435159,-45.2461947635242 -3.47407710950808,-45.2460482023027 -3.4738378510614,-45.2459459948109;-3.47237181171337,-45.2438789038376 -3.47220247543337,-45.2438720343058 -3.47194243364666,-45.2438752785243 -3.47173965300372,-45.243831168782;-3.47277966807936,-45.245587801676 -3.47272132423855,-45.2456194740468 -3.47265955650063,-45.2457002472425 -3.47260565519521,-45.2458325504467 -3.47256806288605,-45.2460931904569 -3.47255034561864,-45.2464196943848 -3.47255019286091,-45.2464213037273 -3.47245438196132,-45.2471263736807;-3.4750791276661,-45.2451448063845 -3.47455791108898,-45.2449734475099 -3.47423031107501,-45.2448197758859;-3.472884903071,-45.245432728155 -3.47299240500432,-45.2452644642593 -3.47305971268095,-45.2451148916446 -3.47312146236245,-45.2448940177838;-3.47241387609826,-45.2471273909758 -3.47251044821157,-45.2464167192702 -3.47252816992016,-45.2460901334975 -3.47256641439,-45.2458244169286 -3.47262615695457,-45.2456780745426 -3.47269214324809,-45.2455917847741 -3.47278465039107,-45.2455395831463 -3.47285690241168,-45.2454654297567;-3.47126774051442,-45.2431405601974 -3.47101542611553,-45.2431623748758;-3.4729685596914,-45.2511372321077 -3.47334799614874,-45.2513004020452 -3.47395156293687,-45.2516799175256 -3.47449568754131,-45.2519679834926;-3.47435300193911,-45.2442230104843 -3.47354367770129,-45.2438221551388;-3.47526157721563,-45.244631446284 -3.47574511651748,-45.2448212040242;-3.4728626136736,-45.2511148380094 -3.47225374015321,-45.2510528788604 -3.47147205636843,-45.2513320516407 -3.4712944009628,-45.2513371275094 -3.47103553165745,-45.2513218999032 -3.47068022084619,-45.2512660653472;-3.4753148033984,-45.2471143933636 -3.47453696851015,-45.2469194556238 -3.47441125483686,-45.2469118075387 -3.47421402277599,-45.2468332925629 -3.47404435034156,-45.2467110286028 -3.47392852098252,-45.246678990695 -3.47385705125827,-45.2466435448953 -3.47378793001098,-45.2465991098078 -3.47367541761977,-45.2465590984695 -3.47362651342398,-45.2465402891634;-3.47289730620859,-45.2454812804004 -3.4728176028102,-45.2455630812567;-3.47300207813644,-45.247084474216 -3.47295266125991,-45.2469516930772 -3.47288861453516,-45.2467086063457 -3.4729112835827,-45.246466803172 -3.47290386034986,-45.2463851476108 -3.47287623893007,-45.2461491100235 -3.47282782961218,-45.2460129131547 -3.47280245026852,-45.2458403336177 -3.47277966797387,-45.2455878016195;-3.47424188959529,-45.2447809818217 -3.47455549096908,-45.2449305455538 -3.47509009346694,-45.2451063052792;-3.47490861198307,-45.2457179281907 -3.47507912759959,-45.2451448062574;-3.47281760289029,-45.2455630810312 -3.47284210637172,-45.245835069675 -3.47286711465134,-45.2460051259765 -3.47291570199864,-45.2461421892329 -3.47294199231338,-45.2463668519225;-3.47439073022039,-45.2442395705211 -3.47481225284223,-45.2444557591576 -3.47521628004126,-45.2446124054004;-3.47354367770129,-45.2438221551388 -3.47336771454613,-45.2443028949087;-3.47526157721563,-45.244631446284 -3.47512313354937,-45.2451371482952 -3.47512301000355,-45.2451375813234 -3.47494448961762,-45.2457376081761;-3.47285690243917,-45.2454654298718 -3.47268633468895,-45.2454071345647 -3.4726857182573,-45.245406912544 -3.47235116224399,-45.2452801867814 -3.47208038905558,-45.2451923042553;-3.47402736857253,-45.2453311237291 -3.47367885352606,-45.2451955111688 -3.47323680022486,-45.2449779769881 -3.47315604344887,-45.2449188866642;-3.47294618992095,-45.2464089584521 -3.4729512864931,-45.2464650207458 -3.47292877583437,-45.2467087567189 -3.47299104490496,-45.2469403976615 -3.47304122007973,-45.2470749583575;-3.4748959518389,-45.2457562089354 -3.47463078085603,-45.2456295957633 -3.47463048520156,-45.2456294515976 -3.47406396457427,-45.2453474175191;-3.47245438187368,-45.247126373583 -3.47280901106001,-45.2471168533364 -3.4728095477794,-45.2471168461334 -3.47291507860841,-45.2471168461334 -3.47300207813644,-45.247084474216;-3.47304121994022,-45.2470749582696 -3.47319606783147,-45.2470610912942 -3.47319963037618,-45.2470610908232 -3.47333971645052,-45.2470735985085 -3.47340221965301,-45.2470663866005 -3.47343205203774,-45.2470584312979;-3.47312146236245,-45.2448940177838 -3.47300061821412,-45.2448118724365 -3.47276304590461,-45.2446906620745 -3.47249216635016,-45.2445767407665 -3.47249085878976,-45.2445761345211 -3.4723364491629,-45.244497664055 -3.47224942241911,-45.2444582948137;-3.47217429734676,-45.244540366847 -3.47224405817737,-45.2443629928983 -3.47228832018729,-45.2442867638812 -3.47236336669174,-45.2439865778634 -3.47237181171337,-45.2438789038376;-3.47315604344887,-45.2449188866642 -3.47309680725232,-45.2451299335402 -3.47302828302443,-45.2452822096022 -3.47292198091404,-45.2454489889549;-3.47163642346806,-45.2444618560422 -3.47167756154726,-45.2442482901867 -3.47166780008294,-45.2440262168733 -3.47170328867187,-45.2438056014896 -3.47169350316739,-45.2431230625524;-3.47216127092828,-45.2445799414343 -3.47203697595769,-45.2445754442812 -3.47192530684557,-45.2445551408063 -3.47192527508692,-45.2445551350055 -3.47164883332633,-45.2445044117467 -3.47155344768686,-45.2444888385811;-3.47154325718958,-45.2444466452212 -3.47163642346806,-45.2444618560422;-3.47381270637486,-45.2458940154335 -3.47402736851496,-45.2453311235994;-3.47406396470002,-45.24534741747 -3.47385025991382,-45.2459077989094;-3.47224942241911,-45.2444582948137 -3.4721469326822,-45.2447767107341 -3.47209074855439,-45.2451536125915;-3.47197433895273,-45.2465377568896 -3.47212107570475,-45.2470367131471 -3.47209675903856,-45.2471582964781;-3.47237845064036,-45.2438392731381 -3.47243497304211,-45.2436367345318 -3.47243510631822,-45.243636277996 -3.47249835087159,-45.2434288358609 -3.47255257399901,-45.243193083133;-3.47173349144087,-45.243121957904 -3.47174308289857,-45.2437909620785;-3.474205674557,-45.2447619546872 -3.47435300193911,-45.2442230104843;-3.47258978879349,-45.243209733445 -3.47253717643102,-45.243438482847 -3.47253681597721,-45.2434398324084 -3.47247343697035,-45.2436477155509 -3.47241717239757,-45.24384933027;-3.47173965311762,-45.2438311687047 -3.47170785197014,-45.2440265186106 -3.47171791323363,-45.244255412355 -3.4716758466021,-45.2444687006427;-3.47174308279677,-45.2437909619536 -3.47194333142188,-45.2438352029289 -3.47217674270173,-45.2438251637341 -3.47217901038282,-45.243825194902 -3.47237845076961,-45.243839273047;-3.47241102253647,-45.2438905320657 -3.47240257765589,-45.2439946582319 -3.47232433255383,-45.2443044023536 -3.47227941732928,-45.2443817563515 -3.47226403667382,-45.2444210035413;-3.47313429094071,-45.2448542332937 -3.47332031309073,-45.2443173592404;-3.47294199231338,-45.2463668519225 -3.47308688177172,-45.2464002938171 -3.47322035084881,-45.2464190263192 -3.47337711482685,-45.2464316685755 -3.47347991754955,-45.246481448378 -3.47354275731418,-45.2465047223649 -3.47360331588974,-45.2464966478882;-3.47404043162958,-45.2452932856744 -3.47419416492781,-45.24480133912;-3.47509009334543,-45.2451063053445 -3.47521628004126,-45.2446124054004;-3.48478893405201,-45.2412089700798 -3.48502177185179,-45.2406597031265;-3.4809004444251,-45.2404234136174 -3.48103106494311,-45.2408118377894 -3.4811488107675,-45.2411200548003;-3.48542039336268,-45.2395179625929 -3.48554066632691,-45.238884335067;-3.48472175562062,-45.2394047371507 -3.48491276270156,-45.2385764337175;-3.48502177185179,-45.2406597031265 -3.48447885492127,-45.2405137103323;-3.48448005280989,-45.2404688093695 -3.48503252398711,-45.2406262171423;-3.48420030832303,-45.2410309132216 -3.48447885492127,-45.2405137103323;-3.48541263512971,-45.2395572467536 -3.4849185576816,-45.2394832428969 -3.48491796035018,-45.2394831441614 -3.48471385359835,-45.2394542315298;-3.48472175562062,-45.2394047371507 -3.48493517611265,-45.2394452858334 -3.48542039336268,-45.2395179625929;-3.48172003947349,-45.2411178080816 -3.48175077418006,-45.2409749820923 -3.48177628953134,-45.2402950096217;-3.48111156401275,-45.2411346421671 -3.4810000388647,-45.2408427086913;-3.48420030832303,-45.2410309132216 -3.48478893405201,-45.2412089700798;-3.48448005280989,-45.2404688093695 -3.48471385359835,-45.2394542315298;-3.48507271002069,-45.2406711487179 -3.48482006878104,-45.2412645277711;-3.48559113429386,-45.2389181253058 -3.48536821999335,-45.2399893712861 -3.48508790651269,-45.2406301710367;-3.48503252398711,-45.2406262171423 -3.48532961694775,-45.2399856325371 -3.48541263512971,-45.2395572467536;-3.48177628953134,-45.2402950096217 -3.48115333714373,-45.2403502079345 -3.48090044436086,-45.2404234137401;-3.48057188754612,-45.2411183418985 -3.48069379619077,-45.2409248944939 -3.48079142408223,-45.240859809233 -3.48098654345798,-45.2408049375722;-3.48100003899739,-45.2408427087585 -3.48081093651747,-45.2408948749598 -3.4807199793392,-45.2409555130787 -3.48061388228231,-45.2411444984613;-3.48098654339336,-45.2408049376938 -3.48084402712382,-45.2403902349753;-3.48084402712382,-45.2403902349753 -3.48114787424227,-45.24031053527 -3.48176498419424,-45.2402558546413;-3.48176083348834,-45.241125065437 -3.48176506124519,-45.2410575526349;-3.48411178429093,-45.2410877417546 -3.4844219436875,-45.2404817230654 -3.48484810214036,-45.2385828602241;-3.48555949648846,-45.2408373899263 -3.48507271002069,-45.2406711487179;-3.48508790651269,-45.2406301710367 -3.48608070512726,-45.2409166614496;-3.4848191344903,-45.2412635934804 -3.48537574084152,-45.2413696305449;-3.47359942268578,-45.2437037802798 -3.47391891561732,-45.2424393081758;-3.48608832596422,-45.2409942653378 -3.48560584885135,-45.2408342358004;-3.48542432280889,-45.24143136094 -3.48597128943684,-45.2415746709736;-3.48560311937228,-45.2408310870498 -3.48548855839274,-45.2412121268295 -3.48548842431263,-45.2412125552907 -3.48542001688248,-45.2414228447982;-3.48537574084152,-45.2413696305449 -3.48545851001009,-45.2411731438822 -3.48555949648846,-45.2408373899263;-3.48176506124519,-45.2410575526349 -3.48239695002815,-45.2403049805674 -3.48270800291147,-45.2402032004307 -3.4830753364155,-45.2398494440338;-3.48304647691172,-45.239823716515 -3.48269006943916,-45.2401632045169 -3.48238086111111,-45.2402561666667 -3.48232797222222,-45.2403076388889 -3.48220238888889,-45.2404659722222 -3.48216166666667,-45.2405181111111 -3.48206636111111,-45.2406350277778 -3.48181188833487,-45.2409546743283;-3.48122739882592,-45.2389011400503 -3.4816943233259,-45.2398700120224 -3.48182749317755,-45.2403217517928 -3.48181188833487,-45.2409546743283;-3.48118242375666,-45.238923403809 -3.48164118223778,-45.2398752638504 -3.48176498419424,-45.2402558546413;-3.47797503,-45.23952384 -3.47799447938639,-45.2398618121263 -3.47803114211383,-45.2400674201638 -3.47810336172318,-45.24019812 -3.47818102777199,-45.2403322757418 -3.47832796778116,-45.2404893293153 -3.47875212547656,-45.2409481831547 -3.47888635905114,-45.2411526633507 -3.47893026063689,-45.2413375095593;-3.47789477758834,-45.2395439602237 -3.47792026127593,-45.2398551925402 -3.47796263503474,-45.2400948641457 -3.47812159182009,-45.2403501679168 -3.47866899246161,-45.2409746147248 -3.47882837253648,-45.2411586481976 -3.4788541013131,-45.2413342666547;-3.4788541013131,-45.2413342666547 -3.47645304,-45.24364512 -3.4761575096842,-45.244057648421 -3.47574633221062,-45.2447680433681;-3.47359942268578,-45.2437037802798 -3.47485476252642,-45.2443714143155 -3.47574633221062,-45.2447680433681;-3.45119771330422,-45.2479069507563 -3.45048193519977,-45.2463615310715;-3.45048193519977,-45.2463615310715 -3.45144867415637,-45.2456747963728;-3.45144867415637,-45.2456747963728 -3.45149851225835,-45.2457122998083 -3.45158038975661,-45.2457896668865 -3.45175039582828,-45.2460244848453 -3.45196007796361,-45.2463717213618 -3.45249412700597,-45.2471511193656;-3.45249412700597,-45.2471511193656 -3.45148092673222,-45.2477893842365 -3.45119771330422,-45.2479069507563;-3.4536511353796,-45.2441831958541 -3.45385799837215,-45.2448250032673 -3.45404745515601,-45.2451794780043;-3.45404745515601,-45.2451794780043 -3.45317680570904,-45.2457289895436 -3.4526003923716,-45.2460360799522 -3.45199234571937,-45.2463311996479;-3.45199234571937,-45.2463311996479 -3.45180308448408,-45.2460122252151 -3.45168665134878,-45.245835131971 -3.45153615604663,-45.2456738731154 -3.45146089862238,-45.2456239699956 -3.4513342792736,-45.2454690855047 -3.45120348742053,-45.2452419030045 -3.45117182104801,-45.2450291320871;-3.45117182104801,-45.2450291320871 -3.4511211991028,-45.2450188674142;-3.4511211991028,-45.2450188674142 -3.45115020677113,-45.2452445385671 -3.45127428985142,-45.245468852786 -3.45140840279558,-45.2456463817001;-3.45140840279558,-45.2456463817001 -3.45046166720813,-45.2463082651847;-3.45046166720813,-45.2463082651847 -3.45011115617622,-45.245790095697;-3.45361756157055,-45.2465027348331 -3.45323227641295,-45.2457555783895;-3.45323227641295,-45.2457555783895 -3.45407374915167,-45.2452264417098;-3.45407374915167,-45.2452264417098 -3.45426806626905,-45.2456454566342 -3.45445988571919,-45.2459874172836;-3.45445988571919,-45.2459874172836 -3.45361756157055,-45.2465027348331;-3.45253339430545,-45.247110419343 -3.45202023833266,-45.2463811643948;-3.45202023833266,-45.2463811643948 -3.45266659540378,-45.2460633818966 -3.4531853831949,-45.245781934178;-3.4531853831949,-45.245781934178 -3.45353668141768,-45.2464566933172;-3.45353668141768,-45.2464566933172 -3.45350308088937,-45.2465749777594 -3.45324482302729,-45.2466929605888 -3.45274973028239,-45.2469742922725 -3.45253339430545,-45.247110419343;-3.45161961846173,-45.2489626125756 -3.45264215338329,-45.2485243324425 -3.4529690681581,-45.2483845081589 -3.45321790198191,-45.2482677210449 -3.45347213507375,-45.2481375422494 -3.45354976859799,-45.248102533831;-3.45354976859799,-45.248102533831 -3.45379035623935,-45.2483801823283;-3.45155104817567,-45.2489244406344 -3.45117685097356,-45.247991255966;-3.45117685097356,-45.247991255966 -3.45149244109031,-45.2478332865551;-3.45149244109031,-45.2478332865551 -3.45190129598502,-45.2487778917769;-3.45190129598502,-45.2487778917769 -3.45155104817567,-45.2489244406344;-3.45194352268647,-45.2487663961182 -3.45173441871669,-45.2482743729872 -3.45153110491725,-45.2478200085015;-3.45152807093176,-45.2478139405305 -3.45153110491725,-45.2478200085015 -3.45252347644074,-45.247193256505;-3.45252347644074,-45.247193256505 -3.45316475814201,-45.2482441975167;-3.45316475814201,-45.2482441975167 -3.45263843810642,-45.2484709616234 -3.45194352268647,-45.2487663961182;-3.45320749587872,-45.2482100088283 -3.45255637050333,-45.2471657154482;-3.45255637050333,-45.2471657154482 -3.45276268159986,-45.2470244166843 -3.45297210911847,-45.2468986565473 -3.45331054466875,-45.2467205325001 -3.4535121210392,-45.2466304624053;-3.4535121210392,-45.2466304624053 -3.45370848343697,-45.2470901253026 -3.45377984570597,-45.2471905390793 -3.4540311385257,-45.2475593756056;-3.4540311385257,-45.2475593756056 -3.45374250774971,-45.2478310598866 -3.45354486083846,-45.2480395188244 -3.45348033287158,-45.2480581772504 -3.45320749587872,-45.2482100088283;-3.4540684126707,-45.2475278099722 -3.45375133520752,-45.2470664019557 -3.45356077695227,-45.2466081278909;-3.45356077695227,-45.2466081278909 -3.45448178613732,-45.2460311421263;-3.45448178613732,-45.2460311421263 -3.45469425498986,-45.2463876805353 -3.4549891566527,-45.2468974532378;-3.4549891566527,-45.2468974532378 -3.45452384561301,-45.2471656006943 -3.4540684126707,-45.2475278099722;-3.46021625469628,-45.2453535678986 -3.45946638407035,-45.2456293714764 -3.45840530495154,-45.2461872538963 -3.45770663992412,-45.2465403159253 -3.45748879398832,-45.2465973271014 -3.45723641905918,-45.2466238995256 -3.4569484360458,-45.2465917727056 -3.45673681201529,-45.246500940826 -3.4565440622773,-45.2464263597426 -3.45634272274876,-45.246345798321 -3.45616132493286,-45.2463716531179 -3.45579660976755,-45.2465060658598 -3.45548041345899,-45.2466312719944 -3.45503252953143,-45.2468784072181;-3.45503252953143,-45.2468784072181 -3.45485212480119,-45.2465705318626 -3.45471693979078,-45.2463155021987 -3.45451963796791,-45.2459848996559 -3.45430076545712,-45.2455951699604 -3.45411776886621,-45.2451970377373 -3.45390611429228,-45.2448090764656 -3.45371487893998,-45.244195009489;-3.45381342315972,-45.2483278960587 -3.45358966505489,-45.2480783235984;-3.45358966505489,-45.2480783235984 -3.45407836667983,-45.2475978220705 -3.45418564988749,-45.2475030532843 -3.45458118064525,-45.2471915362936 -3.45511323304587,-45.2468944298238 -3.45553155472396,-45.2466820482962 -3.45581784766602,-45.2465515756422 -3.45617199381696,-45.2464225237333 -3.45633536956961,-45.2464035230648 -3.45654817720811,-45.246485161549 -3.45676451080063,-45.2465846447121 -3.4569472857396,-45.2466454653498 -3.45723044978273,-45.2466809346642 -3.45750701748168,-45.2466525386635 -3.45772311494903,-45.2465778983243 -3.45843180183259,-45.2462360092345 -3.45951877539927,-45.2456672216552 -3.46024015158841,-45.2453981585862;-3.47976740912769,-45.2528581957018 -3.47961594506916,-45.2531710178995;-3.47976740912769,-45.2528581957018 -3.48027776091425,-45.2530352715516 -3.48082102946266,-45.2531804556582 -3.48118399072954,-45.2532305216604;-3.48118399072954,-45.2532305216604 -3.48098470096332,-45.2538054995669;-3.47961594506916,-45.2531710178995 -3.48098470096332,-45.2538054995669;-3.47997613315998,-45.2524845315896 -3.47981050720563,-45.2528184766032;-3.47997613315998,-45.2524845315896 -3.48054572485666,-45.2525330074787 -3.48135634944626,-45.252619186837;-3.48135634944626,-45.252619186837 -3.48120063417275,-45.2531790399275;-3.47981050720563,-45.2528184766032 -3.48028987988652,-45.2529827560051 -3.48083523363866,-45.2531201043575 -3.48120063417275,-45.2531790399275;-3.4812367462062,-45.2532426927328 -3.48103721650982,-45.253828390959;-3.4812367462062,-45.2532426927328 -3.48182898936478,-45.2533220872287 -3.48229354996846,-45.2533422855158;-3.48229354996846,-45.2533422855158 -3.48216562748339,-45.2542916050102;-3.48103721650982,-45.253828390959 -3.48181552384004,-45.254197346337 -3.48216562748339,-45.2542916050102;-3.48142233051751,-45.2526232264944 -3.48125535801068,-45.2532022440584;-3.48142233051751,-45.2526232264944 -3.48238242243177,-45.2527120989578;-3.48238242243177,-45.2527120989578 -3.48230028273083,-45.2533005423891;-3.48125535801068,-45.2532022440584 -3.48183168246973,-45.2532816906544 -3.48230028273083,-45.2533005423891;-3.48197307047955,-45.2558738041677 -3.48210907227947,-45.2549998916118;-3.48210907227947,-45.2549998916118 -3.48278234851668,-45.2550254761088;-3.48278234851668,-45.2550254761088 -3.4825493949386,-45.2559694093934;-3.48197307047955,-45.2558738041677 -3.4825493949386,-45.2559694093934;-3.48212119125174,-45.2549487226178 -3.48223052856062,-45.2542861723733 -3.48234741206744,-45.2533544044881;-3.48234741206744,-45.2533544044881 -3.48311764008281,-45.2534473166088;-3.48311764008281,-45.2534473166088 -3.48279312093647,-45.2549770002197;-3.48279312093647,-45.2549770002197 -3.48212119125174,-45.2549487226178;-3.48243913094171,-45.2527236927651 -3.48235279827734,-45.253305928599;-3.48243913094171,-45.2527236927651 -3.48324164929058,-45.2528238868007;-3.48324164929058,-45.2528238868007 -3.4831337987125,-45.2533921079573;-3.48235279827734,-45.253305928599 -3.4831337987125,-45.2533921079573;-3.48150312366598,-45.251991693384 -3.48137385462843,-45.2525532057658;-3.4799829240403,-45.2524406962634 -3.48054437830419,-45.2524737591698 -3.48137385462843,-45.2525532057658;-3.48027813780016,-45.2518349901657 -3.4799829240403,-45.2524406962634;-3.48027813780016,-45.2518349901657 -3.48150312366598,-45.251991693384;-3.48192594114295,-45.2506114770977 -3.48150581677093,-45.2519337916276;-3.48031277127859,-45.251778938093 -3.48150581677093,-45.2519337916276;-3.48097404640079,-45.2504546669611 -3.48031277127859,-45.251778938093;-3.48097404640079,-45.2504546669611 -3.48192594114295,-45.2506114770977;-3.482476681105,-45.2520872986098 -3.48239454140405,-45.2526488109916;-3.48142367706999,-45.2525585919758 -3.48239454140405,-45.2526488109916;-3.48156026389792,-45.2519756718351 -3.48142367706999,-45.2525585919758;-3.48156026389792,-45.2519756718351 -3.482476681105,-45.2520872986098;-3.4826288415346,-45.2507003495611 -3.48248745352479,-45.2520347830633;-3.48157179784218,-45.2519216726554 -3.48248745352479,-45.2520347830633;-3.48198380586232,-45.2506240118013 -3.48157179784218,-45.2519216726554;-3.48198380586232,-45.2506240118013 -3.4826288415346,-45.2507003495611;-3.4833784987364,-45.2521726342697 -3.48326172119758,-45.252757881742;-3.48245109660798,-45.2526568903064 -3.48326172119758,-45.252757881742;-3.48252111733665,-45.2520967244771 -3.48245109660798,-45.2526568903064;-3.48252111733665,-45.2520967244771 -3.4833784987364,-45.2521726342697;-3.48363937171772,-45.2508079263895 -3.48339099023513,-45.2521263486315;-3.48253323630892,-45.2520469020355 -3.48339099023513,-45.2521263486315;-3.48267731742368,-45.2507111219809 -3.48253323630892,-45.2520469020355;-3.48267731742368,-45.2507111219809 -3.48363937171772,-45.2508079263895;-3.52588689937191,-45.1745559860646 -3.52556477391651,-45.1747547531215 -3.5250961873659,-45.1751082973316 -3.52509477145774,-45.1751092906716 -3.52447380710063,-45.1755136209157 -3.52447185577058,-45.17551476915 -3.52368138136045,-45.1759329288562 -3.5236799809709,-45.1759336146472 -3.52331165535744,-45.1760999552469 -3.52296729706719,-45.1762899460277 -3.52261886947694,-45.1764897835507 -3.52239484056117,-45.1767088666069 -3.52239387848836,-45.1767097592578 -3.52216078233312,-45.1769149169054 -3.52196175894425,-45.1772532719768;-3.52456417407141,-45.1746708859266 -3.52527945275304,-45.1742611401918;-3.52527945275304,-45.1742611401918 -3.52558498569983,-45.1746850967614;-3.52558498569983,-45.1746850967614 -3.52584551766997,-45.1744979874374;-3.52486781185096,-45.1751507588941 -3.52456417407141,-45.1746708859266;-3.52188523466448,-45.1772295469633 -3.52212474484759,-45.1768800270153 -3.52236035134059,-45.1766726599147 -3.52258618866127,-45.1764518083775 -3.52294260076973,-45.1762464703356 -3.52294296182889,-45.1762462672103 -3.5232883772234,-45.1760556931996 -3.52329016448892,-45.1760547983767 -3.52365869074129,-45.1758883671659 -3.5244474739665,-45.1754711020938 -3.52486781185096,-45.1751507588941;-3.68374913985563,-45.2784025165353 -3.68372840762832,-45.2781511382791;-3.68378840516533,-45.2781486383817 -3.68380860891139,-45.2783936088027;-3.68372840773654,-45.2781511383746 -3.68311942310644,-45.2781765127342 -3.68311581311553,-45.2781764456865 -3.68265142868652,-45.2781397837579 -3.68197282858555,-45.2781214432146 -3.68196689331519,-45.2781206859014 -3.68174767068517,-45.2780700960637;-3.68176479227087,-45.2780128449142 -3.68198945039406,-45.2780618705428 -3.68265382605885,-45.2780798266419 -3.68265537661857,-45.2780799087466 -3.68311873229027,-45.2781164894575 -3.68384810632428,-45.2780860988727 -3.68423664607595,-45.2779828930012 -3.68423907403515,-45.2779823547277 -3.68475068891656,-45.2778909949275 -3.68512164352238,-45.2777572080205 -3.68513051837024,-45.2777554570557 -3.68541206176129,-45.2777432160387 -3.68541781509161,-45.2777435196329 -3.68565588588678,-45.2777792302522 -3.68579381646348,-45.2777367900747 -3.68593555517673,-45.2773174797147 -3.68611284901974,-45.2766938944737 -3.68611385108893,-45.2766909570155 -3.6861428313306,-45.2766185064113;-3.68619845804262,-45.2766409945755 -3.68617013680113,-45.2767117976792 -3.68599306701303,-45.2773345948649 -3.68599263086024,-45.2773359974368 -3.68584573865622,-45.2777705535404 -3.68582614101456,-45.2777896200767 -3.68566700779353,-45.2778385841447 -3.68565373500448,-45.277839578865 -3.68541177668606,-45.2778032851173 -3.68513769554629,-45.2778152016886 -3.68476864843299,-45.2779483006475 -3.68476374418755,-45.2779496127547 -3.68425084661801,-45.2780412016065 -3.68386033688859,-45.2781449307533 -3.68385388412657,-45.2781459101917 -3.68378840507356,-45.2781486384856