-15.4895288623947,-44.3576960971109 -15.4910826006828,-44.359058689687;-15.4909264459035,-44.3591853910914 -15.4909922598246,-44.3591135316529;-15.4905832412146,-44.3588572652152 -15.4909264459035,-44.3591853910914;-15.4905832412146,-44.3588572652152 -15.4906448883889,-44.3588231904756;-15.4906448883889,-44.3588231904756 -15.4909922598246,-44.3591135316529;-15.4906528267608,-44.3594574106651 -15.4908657834146,-44.359243384771;-15.4903313429915,-44.3591146607414 -15.4906528267608,-44.3594574106651;-15.4903313429915,-44.3591146607414 -15.4905175656186,-44.3589230608019;-15.4905175656186,-44.3589230608019 -15.4908657834146,-44.359243384771;-15.4902666627617,-44.3598486620381 -15.4905911416687,-44.3595103853817;-15.4899159524059,-44.3595568459223 -15.4902666627617,-44.3598486620381;-15.4899159524059,-44.3595568459223 -15.4902904978046,-44.3591549903017;-15.4902904978046,-44.3591549903017 -15.4905911416687,-44.3595103853817;-15.4898026074343,-44.3603574535107 -15.4902149740523,-44.3599207268843;-15.4895947125056,-44.3600977665658 -15.4898026074343,-44.3603574535107;-15.4895947125056,-44.3600977665658 -15.4899767943129,-44.3597005848527;-15.4899767943129,-44.3597005848527 -15.4902149740523,-44.3599207268843;-15.489332317085,-44.3608383078433 -15.4897643167302,-44.3604165595167;-15.4886485346271,-44.3600482446019 -15.489332317085,-44.3608383078433;-15.4886485346271,-44.3600482446019 -15.4888580269468,-44.3598033012524 -15.48885848088,-44.3598027558285 -15.4888585254443,-44.3598027017258 -15.4888589740169,-44.3598021571489 -15.4890554129318,-44.3595660092698;-15.4890554129318,-44.3595660092698 -15.4897643167302,-44.3604165595167;-15.4875312208349,-44.3611913381006 -15.4878302848535,-44.3608616062421 -15.4885340517472,-44.3600497550211;-15.4866862549472,-44.3602908168141 -15.4875312208349,-44.3611913381006;-15.4866862549472,-44.3602908168141 -15.4872402316775,-44.3595364098427;-15.4872402316775,-44.3595364098427 -15.4874506592464,-44.3596457015838 -15.4877803212876,-44.3597667060045 -15.4883759762604,-44.3599101574098 -15.4885340517472,-44.3600497550211;-15.4862588177597,-44.3608030103984 -15.487103479362,-44.3616727253381 -15.4874504159493,-44.361270525334 -15.4866166618614,-44.3603855447986;-15.4862588177597,-44.3608030103984 -15.4866166618614,-44.3603855447986;-15.4862055815395,-44.3626778470532 -15.4870416873434,-44.3617665415917;-15.485858837231,-44.3621750000971 -15.4862055815395,-44.3626778470532;-15.485858837231,-44.3621750000971 -15.4859771939007,-44.3620982063591 -15.485862921217,-44.3617706310284;-15.4860373989961,-44.3607477699833 -15.4870416873434,-44.3617665415917;-15.485862921217,-44.3617706310284 -15.4858169151641,-44.3615579365755 -15.4857968919254,-44.3613692072704 -15.48579962852,-44.3611592220795 -15.4858162901709,-44.360981435002 -15.4860373989961,-44.3607477699833;-15.4858090720878,-44.3621228361787 -15.4858841814903,-44.3620707047142 -15.4858340648252,-44.3619129135805 -15.4856955041244,-44.3619531041267;-15.4856955041244,-44.3619531041267 -15.4858090720878,-44.3621228361787;-15.4856263754447,-44.3618560907644 -15.4857903411369,-44.3617635017484;-15.4847110695478,-44.3604507427682 -15.4848334330944,-44.3606548171639 -15.4853762226897,-44.3614775532909 -15.4853765048451,-44.3614779781572 -15.4853766318189,-44.3614781918055 -15.4856263754447,-44.3618560907644;-15.4847110695478,-44.3604507427682 -15.4849292528123,-44.3604112466485 -15.4854995195819,-44.3601636163004;-15.4854995195819,-44.3601636163004 -15.4859903756806,-44.3607028631348;-15.4857903411369,-44.3617635017484 -15.4857529971726,-44.3615575315046 -15.4857467465874,-44.3613644362508 -15.4857433566377,-44.3611579822378 -15.4857584378066,-44.360939283887 -15.4859903756806,-44.3607028631348;-15.4861337056305,-44.3607247646631 -15.4865370111724,-44.3602535068602 -15.4871247815779,-44.3594777399312;-15.4855695010986,-44.3601156338369 -15.4861337056305,-44.3607247646631;-15.4855695010986,-44.3601156338369 -15.4860765324552,-44.3597450534399 -15.486779045317,-44.3592910047896;-15.486779045317,-44.3592910047896 -15.4871247815779,-44.3594777399312;-15.4885910327839,-44.3599843711897 -15.4887947886715,-44.3597343904139;-15.4869409553377,-44.3592570805459 -15.4874939747905,-44.3595584713816 -15.4878095877111,-44.3596779568315 -15.4884021224559,-44.3598115515095 -15.4885910327839,-44.3599843711897;-15.4869409553377,-44.3592570805459 -15.4872075191579,-44.3590842502066 -15.4878047826078,-44.3587176660949;-15.4878047826078,-44.3587176660949 -15.4884319234215,-44.3593552318069;-15.4884319234215,-44.3593552318069 -15.4887947886715,-44.3597343904139;-15.4879014996383,-44.3586795245432 -15.4884716485589,-44.3592582094289 -15.4886627876053,-44.3591044085769 -15.4881561156314,-44.3585079568966;-15.4879014996383,-44.3586795245432 -15.4881561156314,-44.3585079568966;-15.4890548379488,-44.3594398856877 -15.4893303339365,-44.3590931943295;-15.4890548379488,-44.3594398856877 -15.4887224416352,-44.3590598202282;-15.4887224416352,-44.3590598202282 -15.488215294038,-44.3584551086264;-15.488215294038,-44.3584551086264 -15.4884859552491,-44.3583070910187;-15.4884859552491,-44.3583070910187 -15.4893303339365,-44.3590931943295;-15.4893770539423,-44.359040960355 -15.4900089191421,-44.358316769898;-15.488572225609,-44.3582900935875 -15.4893770539423,-44.359040960355;-15.488572225609,-44.3582900935875 -15.4890718491504,-44.3579796930064 -15.4894776348098,-44.3577884436476;-15.4894776348098,-44.3577884436476 -15.4900089191421,-44.358316769898;-15.4905186605022,-44.3587981055547 -15.4905677582898,-44.3587523375835;-15.4901392951936,-44.3583748594574 -15.4901522017457,-44.3584444171231 -15.4905186605022,-44.3587981055547;-15.4901392951936,-44.3583748594574 -15.4902004393724,-44.3583851162944 -15.4905677582898,-44.3587523375835;-15.4902890902962,-44.3590612328718 -15.4904933254189,-44.3588781855235;-15.4898643843401,-44.3586079115966 -15.4902890902962,-44.3590612328718;-15.4898643843401,-44.3586079115966 -15.4900573295945,-44.358402791326;-15.4900573295945,-44.358402791326 -15.4900841726691,-44.3584529495157 -15.4900843775,-44.3584539986096 -15.4900847414667,-44.3584554482126 -15.4900904732489,-44.3584756301146 -15.4900905065561,-44.3584757465331 -15.4900910035821,-44.358477268009 -15.4900916004085,-44.3584787364735 -15.4900922945695,-44.3584801455493 -15.4900930830434,-44.3584814891697 -15.4900939625567,-44.3584827615058 -15.4900949293121,-44.358483957154 -15.4900959791822,-44.3584850709971 -15.4900966575786,-44.3584857073641 -15.4901043485732,-44.3584925931827 -15.4901044323443,-44.3584926677967 -15.4904933254189,-44.3588781855235;-15.4898952740868,-44.3595094899352 -15.4902501150223,-44.3591278699694;-15.4894432668738,-44.3590948915904 -15.4898952740868,-44.3595094899352;-15.4894432668738,-44.3590948915904 -15.4898263541993,-44.3586607803159;-15.4898263541993,-44.3586607803159 -15.4902501150223,-44.3591278699694;-15.4895319807367,-44.3600238139774 -15.4899219321811,-44.3596512548692;-15.4894988415446,-44.3599839182307 -15.4895319807367,-44.3600238139774;-15.4894988415446,-44.3599839182307 -15.4898801625921,-44.3596088930076;-15.4898801625921,-44.3596088930076 -15.4899219321811,-44.3596512548692;-15.4888315594199,-44.3596750111133 -15.4890002846621,-44.3594981366901;-15.4885519860875,-44.3593662173198 -15.4888315594199,-44.3596750111133;-15.4885519860875,-44.3593662173198 -15.4887322677339,-44.3592024694439;-15.4887322677339,-44.3592024694439 -15.4889690752221,-44.3594597221599 -15.4890002846621,-44.3594981366901;-15.4894436912805,-44.3599102797389 -15.4898265670597,-44.3595547565291;-15.4891106510582,-44.3594998704253 -15.4894436912805,-44.3599102797389;-15.4891106510582,-44.3594998704253 -15.4893897767583,-44.3591662934916;-15.4893897767583,-44.3591662934916 -15.4898265670597,-44.3595547565291;-15.4881190011129,-44.3623368237173 -15.4878613511316,-44.3624347865595;-15.4878506196488,-44.3646151982875 -15.4878688934157,-44.3645897438574;-15.4873223870992,-44.3637778020862 -15.4878506196488,-44.3646151982875;-15.4878688934157,-44.3645897438574 -15.4873396334607,-44.3637626901536;-15.4873014075548,-44.363686987427 -15.4869233321104,-44.3631025967327;-15.4878613511316,-44.3624347865595 -15.4882289167047,-44.3620393897062;-15.4869072662489,-44.3631115736857 -15.4872803650904,-44.3637043213048;-15.4882715759841,-44.3620317203605 -15.4883981117758,-44.362186407036;-15.4882715759841,-44.3620317203605 -15.4883500397914,-44.3619715370614 -15.4884481811514,-44.362151488557 -15.4883981117758,-44.362186407036;-15.4869072662489,-44.3631115736857 -15.4869233321104,-44.3631025967327;-15.4873223870992,-44.3637778020862 -15.4873396334607,-44.3637626901536;-15.4872803650904,-44.3637043213048 -15.4873014075548,-44.363686987427;-15.4910626537931,-44.3591309669607 -15.4913109861538,-44.3593519498088 -15.4914075703032,-44.3594413976749;-15.4909735207335,-44.3592212507429 -15.4912576557211,-44.3594893439367 -15.4913269183276,-44.3594964128384 -15.4914075703032,-44.3594413976749;-15.4909735207335,-44.3592212507429 -15.4910626537931,-44.3591309669607;-15.4910835430647,-44.3590595161342 -15.4913402972813,-44.3593144689088 -15.4913403706166,-44.3593145345972 -15.4913406209471,-44.3593147631886 -15.4914600496688,-44.3594254810886 -15.4914602995549,-44.3594257165768 -15.4918602015372,-44.3597860704041;-15.4909241280543,-44.3592713054135 -15.4912348998486,-44.3595326313224 -15.4912353149798,-44.3595330113186 -15.491236480924,-44.3595339827421 -15.4912377058103,-44.3595348685895 -15.4912389843193,-44.3595356650443 -15.4912403110289,-44.3595363687451 -15.4912416802037,-44.3595369767183 -15.4912430859704,-44.3595374862966 -15.4912445222493,-44.3595378953824 -15.4912459829638,-44.3595382022153 -15.4912469701802,-44.3595383497228 -15.4913256537209,-44.3595483762585 -15.4913261435233,-44.3595484337933 -15.4913276285895,-44.35954853799 -15.4913291187003,-44.359548537722 -15.4913306075114,-44.3595484328925 -15.4913320885835,-44.3595482240775 -15.4913335555863,-44.3595479121092 -15.4913350021978,-44.3595474983767 -15.4913364222416,-44.3595469846352 -15.4913378096183,-44.3595463730824 -15.4913391583756,-44.359545666393 -15.491340462707,-44.3595448675701 -15.4913408288698,-44.3595446212115 -15.4914432190252,-44.3594744284921 -15.4918061338304,-44.3598110799133;-15.4914000500243,-44.3602607624144 -15.4915056224302,-44.3601454895932 -15.4918061338304,-44.3598110799133;-15.4906798393742,-44.3595194604955 -15.4914000500243,-44.3602607624144;-15.4906798393742,-44.3595194604955 -15.4909241280543,-44.3592713054135;-15.4906478204453,-44.3595555137023 -15.4912611365628,-44.3601840026607;-15.4909538843697,-44.3605242662632 -15.4911834691964,-44.3602720206238 -15.4911839458818,-44.3602714585382 -15.4911839769796,-44.3602714218693 -15.4911840688225,-44.3602713141735 -15.4911845021733,-44.3602708099671 -15.4912611365628,-44.3601840026607;-15.490316932567,-44.3599304640036 -15.4909538843697,-44.3605242662632;-15.490316932567,-44.3599304640036 -15.4906478204453,-44.3595555137023;-15.490275589836,-44.359972667969 -15.4909041805449,-44.3605477719515;-15.490390116502,-44.3610488304277 -15.4909041805449,-44.3605477719515;-15.4898508859969,-44.3604219257078 -15.490390116502,-44.3610488304277;-15.4898508859969,-44.3604219257078 -15.490275589836,-44.359972667969;-15.489812064132,-44.3604732138091 -15.4903299857328,-44.3610916542399;-15.4898880565126,-44.3614867187473 -15.4903299857328,-44.3610916542399;-15.4893898552143,-44.3608931388779 -15.4898880565126,-44.3614867187473;-15.4893898552143,-44.3608931388779 -15.489812064132,-44.3604732138091;-15.490871435191,-44.3607624753397 -15.4911774682847,-44.3604082263078 -15.4912456610987,-44.3604094670741 -15.4913053495535,-44.3604532960207 -15.4915002461654,-44.3606568789027 -15.4914833216399,-44.360737848655 -15.4911564993844,-44.3610659088736 -15.4908734235625,-44.3607684027659;-15.4907961727669,-44.3607976895202 -15.4911242966874,-44.3611583169956;-15.4907766623326,-44.3615208023939 -15.4911242966874,-44.3611583169956;-15.4904282538183,-44.3611031392842 -15.4907766623326,-44.3615208023939;-15.4904282538183,-44.3611031392842 -15.4906792931651,-44.3608556601431 -15.4907249127085,-44.3608179440907 -15.4907961727669,-44.3607976895202;-15.4903668116371,-44.3611599367647 -15.4907228787377,-44.3615733991159;-15.4900225390071,-44.3623508951454 -15.4907228787377,-44.3615733991159;-15.489597508519,-44.3617964439805 -15.4900225390071,-44.3623508951454;-15.489597508519,-44.3617964439805 -15.4898947117557,-44.3615670906683;-15.4898947117557,-44.3615670906683 -15.4898947900438,-44.3615670250404 -15.4903668116371,-44.3611599367647;-15.4895544565991,-44.3618607788885 -15.4899783963244,-44.3623939812974;-15.4894291939766,-44.362951931826 -15.4899783963244,-44.3623939812974;-15.4889582704331,-44.36232532113 -15.4894291939766,-44.362951931826;-15.4889582704331,-44.36232532113 -15.4895544565991,-44.3618607788885;-15.4889144899668,-44.3623682915632 -15.4893982312393,-44.3629871636208;-15.4879199176381,-44.3645250683554 -15.4886793767814,-44.3637480104421 -15.4893982312393,-44.3629871636208;-15.4879199176381,-44.3645250683554 -15.4873937047769,-44.3637188190265;-15.4873937047769,-44.3637188190265 -15.4883698326782,-44.3628852966115 -15.4889144899668,-44.3623682915632;-15.4881250831813,-44.3624049186417 -15.4883055282696,-44.3628514665998;-15.4873367126453,-44.3636403756076 -15.4882002374478,-44.3629338915632 -15.4883055282696,-44.3628514665998;-15.4873367126453,-44.3636403756076 -15.4869687586122,-44.3630670904767;-15.4869687586122,-44.3630670904767 -15.4877095450522,-44.362580308721 -15.4881250831813,-44.3624049186417;-15.4870644201949,-44.3618316156272 -15.4876386235745,-44.3625306103994;-15.4865515838363,-44.3632058286227 -15.4868977617328,-44.3630184258437 -15.4876386235745,-44.3625306103994;-15.4862356873737,-44.3627595913198 -15.4865515838363,-44.3632058286227;-15.4862356873737,-44.3627595913198 -15.4870644201949,-44.3618316156272;-15.4878585361346,-44.3609311276801 -15.4880594575159,-44.3611348967711 -15.4885300335603,-44.361655987866;-15.4877054908391,-44.3624911052809 -15.4877457972289,-44.3624570788253 -15.4882082752119,-44.3619836482058 -15.4885300335603,-44.361655987866;-15.4871115399498,-44.3617761159452 -15.4877054908391,-44.3624911052809;-15.4871115399498,-44.3617761159452 -15.4873139326056,-44.3615432086265 -15.4875463836483,-44.361268446692 -15.4878585361346,-44.3609311276801;-15.4885930859388,-44.3601065076614 -15.488801904681,-44.3603277394326;-15.4880822524909,-44.3610755328026 -15.4882760433775,-44.3608813902408 -15.4884131492858,-44.3607178861706 -15.488801904681,-44.3603277394326;-15.4878974451542,-44.3608895924793 -15.4880822524909,-44.3610755328026;-15.4878974451542,-44.3608895924793 -15.4885930859388,-44.3601065076614;-15.4888437575872,-44.3603749233982 -15.489301577316,-44.3608918713315;-15.4885687157584,-44.3616180522744 -15.4888421134704,-44.3613083094096 -15.489301577316,-44.3608918713315;-15.4881427513843,-44.3611359238566 -15.4885687157584,-44.3616180522744;-15.4881427513843,-44.3611359238566 -15.4883233575475,-44.3609264609862 -15.4884582286107,-44.3607651497997 -15.4888437575872,-44.3603749233982;-15.4893411171479,-44.3609414700899 -15.489665957243,-44.3613268130516;-15.4888551884806,-44.3619637170225 -15.489665957243,-44.3613268130516;-15.4885910034648,-44.3616528082796 -15.4888551884806,-44.3619637170225;-15.4885910034648,-44.3616528082796 -15.4888758803662,-44.3613446047937 -15.4893411171479,-44.3609414700899;-15.4896962511219,-44.3613630392648 -15.4898323664859,-44.3615255495271;-15.4889361590869,-44.3622690843761 -15.4898323664859,-44.3615255495271;-15.4888304383553,-44.362050822618 -15.4889361590869,-44.3622690843761;-15.4888304383553,-44.362050822618 -15.4896962511219,-44.3613630392648;-15.4887205728461,-44.3620668642748 -15.4888752978803,-44.3623296010545;-15.4883624770014,-44.3627961709761 -15.4888752978803,-44.3623296010545;-15.4881824385397,-44.3623756590311 -15.4883624770014,-44.3627961709761;-15.4881824385397,-44.3623756590311 -15.4887205728461,-44.3620668642748;-15.4882289167047,-44.3620393897062 -15.4883521992809,-44.3622171736958;-15.4883521992809,-44.3622171736958 -15.4881190011129,-44.3623368237173;-15.4883790436888,-44.3619164137332 -15.4885993922095,-44.3617599450577 -15.4887218892423,-44.3619572844396 -15.4884930217979,-44.3621147731009 -15.4883790436888,-44.3619164137332;-15.4920268547882,-44.360202257569 -15.4921166998763,-44.3601271896335;-15.491814654876,-44.3599344955629 -15.4918371161481,-44.3599203094963 -15.4919405562167,-44.3599569568349 -15.492081825796,-44.3600674899368 -15.4921166998763,-44.3601271896335;-15.4920268547882,-44.360202257569 -15.4918128995921,-44.3599655844902 -15.491814654876,-44.3599344955629;-15.4922059412158,-44.3600849061841 -15.4918608745013,-44.3597866520723;-15.4917690622957,-44.3599547648148 -15.4920032289272,-44.3602413105892 -15.492086755795,-44.3603408329622 -15.4924209391871,-44.3610663031921 -15.4926430801462,-44.3615485433525;-15.4926430801462,-44.3615485433525 -15.4924773668302,-44.3616479618421 -15.4922705806582,-44.3618231816868;-15.4914131704255,-44.3609387756233 -15.4922705806582,-44.3618231816868;-15.4914131704255,-44.3609387756233 -15.4915603129919,-44.3607690853655 -15.4915609063495,-44.3607683696563 -15.4915618709298,-44.3607670841072 -15.4915627623228,-44.3607657329568 -15.4915635767273,-44.3607643219932 -15.4915643106551,-44.3607628573274 -15.4915649609257,-44.3607613451616 -15.4915655247735,-44.3607597920122 -15.4915659997752,-44.3607582045228 -15.4915663839188,-44.3607565894965 -15.4915666755691,-44.3607549538606 -15.4915668734311,-44.3607533045923 -15.4915669499823,-44.360752253206 -15.4915732351566,-44.3606707709456 -15.4915734326686,-44.3606696393409 -15.4915735449019,-44.3606689890614 -15.4915737552108,-44.3606672152722 -15.4915738537607,-44.360665458699 -15.4915738394979,-44.3606637274896 -15.4915430856674,-44.3605892095609 -15.491372221498,-44.3604042656123;-15.491372221498,-44.3604042656123 -15.4917690622957,-44.3599547648148;-15.4909757147283,-44.3614128942582 -15.4913646102854,-44.3610044770264;-15.4913646102854,-44.3610044770264 -15.4924048546621,-44.3621132732613;-15.4920585706801,-44.3624831699291 -15.4924048546621,-44.3621132732613;-15.4909757147283,-44.3614128942582 -15.4920585706801,-44.3624831699291;-15.4921364971679,-44.3625455504924 -15.4924780850387,-44.3621833776251;-15.4924780850387,-44.3621833776251 -15.4929890840791,-44.3627047209126;-15.4926646770513,-44.3630926833915 -15.4929890840791,-44.3627047209126;-15.4921364971679,-44.3625455504924 -15.4926646770513,-44.3630926833915;-15.4910904199904,-44.3637744788056 -15.4920872604775,-44.3625997418942;-15.4920872604775,-44.3625997418942 -15.4926464986628,-44.3631509457157 -15.4927417185599,-44.3632610733906;-15.4927417185599,-44.3632610733906 -15.4926980944994,-44.3633228093179 -15.4926263714321,-44.3634564978648 -15.4923923860351,-44.3638064871884 -15.4921820773218,-44.3640984722539 -15.4917981440166,-44.3646090837611;-15.4910904199904,-44.3637744788056 -15.4917981440166,-44.3646090837611;-15.4922611237778,-44.3641213029568 -15.4924418489227,-44.3638483815967 -15.4924593815473,-44.3637780059735 -15.4927038555119,-44.3634241465756;-15.4927038555119,-44.3634241465756 -15.4927246850279,-44.3642458052144 -15.4927206237423,-44.3643466672551 -15.4927019938142,-44.3644892021002;-15.4922611237778,-44.3641213029568 -15.4927019938142,-44.3644892021002;-15.492233578007,-44.3641815186422 -15.49186268899,-44.3646726555561;-15.492233578007,-44.3641815186422 -15.4926877198821,-44.3645399702222;-15.4923829393863,-44.3652578787521 -15.4926877198821,-44.3645399702222;-15.49186268899,-44.3646726555561 -15.4923829393863,-44.3652578787521;-15.4918184131194,-44.3647281083771 -15.4913628967026,-44.365315506488;-15.4918184131194,-44.3647281083771 -15.492345514022,-44.3653567314758;-15.4920856695766,-44.3661701554052 -15.492345514022,-44.3653567314758;-15.4913628967026,-44.365315506488 -15.4920856695766,-44.3661701554052;-15.490589357253,-44.3643407898637 -15.4910391841675,-44.36381816468;-15.4910391841675,-44.36381816468 -15.4917744917626,-44.3646770156829;-15.4917744917626,-44.3646770156829 -15.4913232945609,-44.3652447185258;-15.490589357253,-44.3643407898637 -15.4913232945609,-44.3652447185258;-15.4879042164092,-44.3646572331792 -15.4894258541843,-44.3630558011741;-15.4894258541843,-44.3630558011741 -15.4904684898946,-44.3643340772634;-15.4889092441168,-44.3661089186909 -15.4904684898946,-44.3643340772634;-15.4889092441168,-44.3661089186909 -15.4883472504298,-44.3653305669582 -15.4879042164092,-44.3646572331792;-15.4894869678592,-44.3629983337238 -15.4900165372857,-44.3624479392715;-15.4900165372857,-44.3624479392715 -15.4909735258995,-44.3637454256459;-15.4905497954796,-44.3642514671457 -15.4909735258995,-44.3637454256459;-15.4894869678592,-44.3629983337238 -15.4905497954796,-44.3642514671457;-15.4900719557822,-44.3623784320483 -15.4909302492533,-44.3614670750177;-15.4909302492533,-44.3614670750177 -15.4920042977958,-44.3625359188282;-15.4910286083762,-44.3636735424541 -15.4920042977958,-44.3625359188282;-15.4900719557822,-44.3623784320483 -15.4910286083762,-44.3636735424541;-15.4942446627174,-44.3635923610056 -15.4941456584315,-44.3636374782423;-15.4934310313503,-44.3618827066241 -15.4935297354925,-44.3618513824671;-15.4939493426819,-44.3643777419538 -15.4939957552565,-44.3642931307307;-15.4940240095921,-44.3635059968563 -15.4939772017308,-44.3634782046886 -15.4939411428249,-44.3634092224338 -15.493941364462,-44.3633655732723 -15.4939669625112,-44.3633260791393 -15.4940020684072,-44.3633056007 -15.4940589594916,-44.3633120882798 -15.4941223591143,-44.3633597457535 -15.4941679580304,-44.3634300595373 -15.4941761351414,-44.3634650399776 -15.4941698011557,-44.3634898001037 -15.4941430802656,-44.3635112942659 -15.494094012629,-44.3635188836035 -15.4940240095921,-44.3635059968563;-15.4942446627174,-44.3635923610056 -15.4947563878189,-44.3643867656739 -15.4949087515017,-44.3646900332709 -15.4949474895936,-44.3648056810153 -15.4950762612344,-44.3649973294601 -15.4953491352895,-44.3653013013232 -15.4959739967674,-44.3660429016218;-15.4939493426819,-44.3643777419538 -15.4940540456942,-44.3644622232225;-15.4934940148993,-44.3619517646355 -15.4935771036243,-44.361936678478;-15.4931665819468,-44.3613297584222 -15.4934052841415,-44.3616890140016 -15.4934817089139,-44.3618015648863 -15.4935297354925,-44.3618513824671;-15.4935771036243,-44.361936678478 -15.4936297522321,-44.3621069267319;-15.4934940148993,-44.3619517646355 -15.4936297522321,-44.3621069267319;-15.4941456584315,-44.3636374782423 -15.494238313602,-44.3637975956953 -15.4943864824508,-44.3639105883951 -15.4943869571523,-44.3639109998936 -15.4943880598025,-44.3639120522471 -15.4943890939325,-44.3639131813341 -15.4943900551736,-44.3639143823885 -15.4943909393599,-44.3639156502651 -15.4943917427032,-44.3639169794708 -15.4943924617951,-44.3639183643879 -15.4943926495048,-44.363918765463 -15.4944763695419,-44.3640600914425 -15.4946693499873,-44.3643868705348 -15.4947982369435,-44.3646681024969 -15.4949667367743,-44.3650489827423 -15.4950267262946,-44.3652671806637 -15.4950288697072,-44.3654294146111 -15.4950015464716,-44.365474507307;-15.4931665819468,-44.3613297584222 -15.4931755445121,-44.3614218394287 -15.4933750638118,-44.3617372198194 -15.4934310313503,-44.3618827066241;-15.4920856538293,-44.3602333273267 -15.4921559211886,-44.3601861602446;-15.4939957552565,-44.3642931307307 -15.4940540456942,-44.3644622232225;-15.4921559211886,-44.3601861602446 -15.4924715277286,-44.3604526389485 -15.4927557927628,-44.360849113684;-15.4924703534335,-44.3610055844435 -15.4927557927628,-44.360849113684;-15.4920856538293,-44.3602333273267 -15.4921352819868,-44.3602935526096 -15.4921361657298,-44.3602948208586 -15.4921369700231,-44.3602961491736 -15.4921375727366,-44.3602972890549 -15.4922875013447,-44.3605998367159 -15.4924703534335,-44.3610055844435;-15.4927901934798,-44.36090957892 -15.4929570195828,-44.361143335476;-15.4929570195828,-44.361143335476 -15.4926381251457,-44.3613780104584;-15.4924887512922,-44.3610629473606 -15.4926381251457,-44.3613780104584;-15.4924887512922,-44.3610629473606 -15.4927901934798,-44.36090957892;-15.4929821745541,-44.3611948537307 -15.4933697151843,-44.361893709826;-15.4930666249607,-44.3621023572254 -15.4933697151843,-44.361893709826;-15.4926654291847,-44.3614240683977 -15.4930666249607,-44.3621023572254;-15.4929821745541,-44.3611948537307 -15.4926654291847,-44.3614240683977;-15.4934117082311,-44.3619362036151 -15.4936774162777,-44.3622221839098 -15.4937374795145,-44.3624142499246 -15.4936675422832,-44.3625070536247;-15.4922074305375,-44.360086273517 -15.492515682998,-44.3603784012287 -15.4935677675275,-44.3617760205151 -15.4938546224715,-44.3624542706607 -15.4937504275601,-44.3625475527531 -15.4942970609469,-44.3634906585273 -15.4943782936402,-44.3636306515239 -15.494821386432,-44.3643471951139 -15.4949743622031,-44.3646553827744 -15.4950273105283,-44.3647702667308 -15.4951460228433,-44.364963535204 -15.4953908025969,-44.3652624170982 -15.4956763555437,-44.3655893418507 -15.4960371477114,-44.3660037877206;-15.4931477896769,-44.3621230516136 -15.4935379716806,-44.3624214060152 -15.4936675422832,-44.3625070536247;-15.493448545683,-44.3625340053942 -15.4932571613686,-44.3624442602073 -15.4932216530999,-44.3624206747517 -15.4931298313908,-44.3622520414578 -15.4931408255013,-44.3622216703081 -15.4931672153734,-44.3622165583557 -15.4932451514727,-44.3622849900527 -15.4934091324313,-44.3624145017412 -15.4935644993917,-44.3624978886653 -15.4935654832744,-44.3625372439753 -15.4935542475885,-44.3625696077871 -15.4935245809018,-44.3625720230037 -15.493448545683,-44.3625340053942;-15.4931477896769,-44.3621230516136 -15.4934117082311,-44.3619362036151;-15.4934089317242,-44.3626071849259 -15.4936072227968,-44.3627229083157;-15.4936072227968,-44.3627229083157 -15.4938762443962,-44.3629167996416 -15.4939697359577,-44.3631327754241;-15.4934089317242,-44.3626071849259 -15.4933487686906,-44.3627341614323 -15.4939697359577,-44.3631327754241;-15.4942172434834,-44.3638546870785 -15.4943535838498,-44.3639461545814 -15.4944318406507,-44.3640881075882 -15.4946197027532,-44.3644498819626 -15.4948980945453,-44.3650673904425 -15.4949593957696,-44.3653655759807;-15.4942371599705,-44.3649779235066 -15.4949593957696,-44.3653655759807;-15.4942172434834,-44.3638546870785 -15.4940484624131,-44.3641911458339 -15.494159072418,-44.3645581458167 -15.4942371599705,-44.3649779235066;-15.4942357044922,-44.3650649588721 -15.4950015464716,-44.365474507307;-15.4940972121079,-44.3656036322873 -15.4948200470727,-44.3660531000429 -15.4950121187245,-44.3662361491029 -15.4952352659135,-44.3665014129975;-15.4940972121079,-44.3656036322873 -15.4942357044922,-44.3650649588721;-15.4940606649908,-44.3657377050672 -15.4947712280809,-44.3661349445861 -15.4949321140253,-44.3662930956809 -15.4951616269417,-44.3665476489821;-15.4937946519408,-44.3665806019942 -15.4940935650721,-44.3672112283568;-15.4937946519408,-44.3665806019942 -15.493881911848,-44.3663079848798 -15.4940606649908,-44.3657377050672;-15.4934833507747,-44.3652080194765 -15.4939840996517,-44.3656180746863;-15.4937574204532,-44.3663825849524 -15.4939840996517,-44.3656180746863;-15.4931839337772,-44.365734645542 -15.4937574204532,-44.3663825849524;-15.4931839337772,-44.365734645542 -15.4934833507747,-44.3652080194765;-15.492725075152,-44.3645815987002 -15.4934021930267,-44.3651519458454;-15.4931253218736,-44.3656695408091 -15.4934021930267,-44.3651519458454;-15.4925153849173,-44.3651173399212 -15.492561168802,-44.3651159088759 -15.492599185417,-44.3651297330995 -15.4926432501298,-44.3651582455607 -15.492676082661,-44.3651841659801 -15.4927045951222,-44.3652126784413 -15.4927314222346,-44.3652473228316 -15.4927322206467,-44.3652481891409 -15.4927327227503,-44.3652487857476 -15.4931253218736,-44.3656695408091;-15.4925153849173,-44.3651173399212 -15.492725075152,-44.3645815987002;-15.4927749996256,-44.3633314732701 -15.4938443780441,-44.3643892924436;-15.4934611327178,-44.365080417641 -15.4938443780441,-44.3643892924436;-15.4927416806574,-44.3645347442145 -15.4934611327178,-44.365080417641;-15.4927416806574,-44.3645347442145 -15.4927847120694,-44.3643439618216 -15.4928564390021,-44.3638163896843 -15.4927588127729,-44.3637977838176 -15.4927395717803,-44.363392019634 -15.4927749996256,-44.3633314732701;-15.4930159732791,-44.3627705798694 -15.493363690911,-44.3631014107011 -15.4939737160816,-44.3635779039206 -15.4941208684511,-44.3637191199162 -15.4941705274401,-44.3638437900767;-15.4939187584464,-44.3642867393006 -15.4941705274401,-44.3638437900767;-15.4927835881276,-44.3632155344992 -15.4939187584464,-44.3642867393006;-15.4927835881276,-44.3632155344992 -15.4928842963535,-44.363070502224 -15.4928211760969,-44.3630045954813 -15.4930159732791,-44.3627705798694;-15.4930305982863,-44.3622243200767 -15.4931852158248,-44.3624597245434;-15.4930081532263,-44.36260822976 -15.4931852158248,-44.3624597245434;-15.4927984121031,-44.3623919020374 -15.4930081532263,-44.36260822976;-15.4927984121031,-44.3623919020374 -15.4930305982863,-44.3622243200767;-15.492683007576,-44.3616441648985 -15.4929772310242,-44.3621466221322;-15.492748764211,-44.362341419214 -15.4929772310242,-44.3621466221322;-15.4923382636444,-44.3619196829334 -15.492748764211,-44.362341419214;-15.492683007576,-44.3616441648985 -15.4925689573376,-44.3617069245661 -15.4924507370065,-44.361817677581 -15.4923382636444,-44.3619196829334;-15.4932325805217,-44.3625424845935 -15.4933303631793,-44.3627928634446 -15.4939605238182,-44.3632391509692;-15.4930747898014,-44.3627082616143 -15.4934008417559,-44.3630465456177 -15.4938674958059,-44.363384588966 -15.4939605238182,-44.3632391509692;-15.4930747898014,-44.3627082616143 -15.4932325805217,-44.3625424845935;-15.4939151613703,-44.3644438277352 -15.4940758450366,-44.3645953557786 -15.4941959341833,-44.3651081443043;-15.4940162612813,-44.3655482081827 -15.4941794996246,-44.3650395475784;-15.4935094050347,-44.3651209742156 -15.4940162612813,-44.3655482081827;-15.4935094050347,-44.3651209742156 -15.4939151613703,-44.3644438277352;-15.4953218409762,-44.3667080721908 -15.4951616270111,-44.3665476490607;-15.494196568243,-44.3674138484527 -15.4940935959453,-44.3672113056425;-15.4954169234882,-44.3666652362562 -15.4952362443503,-44.3665022953758;-15.4961672695858,-44.3662625781535 -15.4964617485639,-44.3666270894503;-15.4957741782153,-44.3670073963699 -15.4964617485639,-44.3666270894503;-15.4955719087056,-44.3666553564039 -15.4957741782153,-44.3670073963699;-15.4955719087056,-44.3666553564039 -15.4961672695858,-44.3662625781535;-15.4950559387101,-44.367475180144 -15.4950983557047,-44.3675680239938 -15.4951835856754,-44.3676615655745 -15.4953224565909,-44.3678148810887 -15.4956551862183,-44.3680664615586;-15.4950559387101,-44.367475180144 -15.4957779732443,-44.3670543796861 -15.4957782963272,-44.3670541945764 -15.4965017889927,-44.3666761799814;-15.4965017889927,-44.3666761799814 -15.4968819084408,-44.3671379920022;-15.495006490495,-44.3675012076861 -15.4950865326726,-44.3676276302569 -15.4952574196753,-44.3678093966851 -15.4956058563488,-44.3681032539742;-15.4953483490939,-44.3683048263625 -15.495197426871,-44.3682352460206 -15.4950907593055,-44.3681582622599 -15.494731131434,-44.3676653197362;-15.494731131434,-44.3676653197362 -15.495006490495,-44.3675012076861;-15.4943978023202,-44.36785937883 -15.4946257793023,-44.3685154815947 -15.4946941120811,-44.3687136486505;-15.4943978023202,-44.36785937883 -15.494681301802,-44.3676955710174;-15.494681301802,-44.3676955710174 -15.4950425725029,-44.3681945836759 -15.4951727633148,-44.3682865826255 -15.4952976630588,-44.3683434946521;-15.4954171774042,-44.3667428320697 -15.4955689106183,-44.3667626721157 -15.4957276965225,-44.3670103722601;-15.4943744045053,-44.367785192167 -15.4957276965225,-44.3670103722601;-15.4942266959935,-44.3674823369165 -15.4943744045053,-44.367785192167;-15.4942266959935,-44.3674823369165 -15.4954171774042,-44.3667428320697;-15.4960377183642,-44.366004468045 -15.4968202649201,-44.3669374093401 -15.4969471930363,-44.3670742477407;-15.4959740048592,-44.3660429195078 -15.4961139794382,-44.3662267031945;-15.4954169234882,-44.3666652362562 -15.4961139794382,-44.3662267031945;-15.494196568243,-44.3674138484527 -15.4953218409762,-44.3667080721908;-15.4916901954638,-44.3733307468921 -15.4920339244145,-44.3739597349744 -15.4925021447632,-44.3747217590034;-15.4916901954638,-44.3733307468921 -15.4922081878122,-44.3730683886671;-15.4922081878122,-44.3730683886671 -15.4926468149158,-44.3740185905581;-15.4926468149158,-44.3740185905581 -15.4925574917554,-44.3745591457749 -15.4925021447632,-44.3747217590034;-15.4914110501777,-44.3725783889786 -15.491653881975,-44.3732179796158;-15.4914110501777,-44.3725783889786 -15.4919460159053,-44.3722874136592;-15.4919460159053,-44.3722874136592 -15.492183590959,-44.3729663753634;-15.491653881975,-44.3732179796158 -15.492183590959,-44.3729663753634;-15.4912194174868,-44.3719387824556 -15.4913928020762,-44.3724907437947;-15.4912194174868,-44.3719387824556 -15.4917617007645,-44.3717439122823;-15.4917617007645,-44.3717439122823 -15.4919106958277,-44.3722069158227;-15.4913928020762,-44.3724907437947 -15.4919106958277,-44.3722069158227;-15.4909334321913,-44.3709870068534 -15.4911956135662,-44.3718591438616;-15.4909334321913,-44.3709870068534 -15.4914094689068,-44.3706039512144;-15.4914094689068,-44.3706039512144 -15.4917428467866,-44.371654414854;-15.4911956135662,-44.3718591438616 -15.4917428467866,-44.371654414854;-15.4914454481865,-44.3705732264627 -15.4918076853904,-44.3716268371499;-15.4914454481865,-44.3705732264627 -15.4915974288212,-44.3704444691504 -15.4921501599569,-44.3703040798428;-15.4921501599569,-44.3703040798428 -15.4924426675884,-44.3713925815024;-15.4918076853904,-44.3716268371499 -15.4924426675884,-44.3713925815024;-15.4922330644709,-44.3702956064334 -15.4925052158814,-44.3713620025164;-15.4922330644709,-44.3702956064334 -15.4928266785082,-44.3701467971538;-15.4928266785082,-44.3701467971538 -15.4928039661577,-44.3712629530314;-15.4925052158814,-44.3713620025164 -15.4928039661577,-44.3712629530314;-15.4918396501166,-44.3717193491612 -15.4919915854703,-44.3721505043439;-15.4918396501166,-44.3717193491612 -15.4927994187759,-44.3713575957831;-15.4927994187759,-44.3713575957831 -15.4927867559594,-44.3717464562894;-15.4919915854703,-44.3721505043439 -15.4927867559594,-44.3717464562894;-15.492028363136,-44.3722494292762 -15.4922504846026,-44.3729254799375;-15.492028363136,-44.3722494292762 -15.4927757940877,-44.371882172476;-15.4927757940877,-44.371882172476 -15.4927490627858,-44.3725542737684 -15.4927618857495,-44.3727009494892;-15.4922504846026,-44.3729254799375 -15.4927618857495,-44.3727009494892;-15.4922814565291,-44.3730319115458 -15.4926783372639,-44.3737998745232;-15.4922814565291,-44.3730319115458 -15.4927871473887,-44.3728067354869;-15.4927871473887,-44.3728067354869 -15.4928151442682,-44.3729553562075 -15.4926783372639,-44.3737998745232;-15.4895438149552,-44.3655566012551 -15.4898243217648,-44.3658502323469;-15.4913819614248,-44.3705388018628 -15.4909363729948,-44.369344521245;-15.4904205262492,-44.3664091098608 -15.4903961470184,-44.3664394612475;-15.4901217662742,-44.3661274457381 -15.4899103605564,-44.3659313471741 -15.4898704365244,-44.3658913146881 -15.4898568572755,-44.3659089452899 -15.4898571013403,-44.365909195252 -15.4901028619759,-44.3661491573027;-15.491413399319,-44.3705078763906 -15.4909739371357,-44.3693186149409;-15.4907807976345,-44.3668075136442 -15.4908018269325,-44.366789669306;-15.4904606263781,-44.3664464941306 -15.4908018269325,-44.366789669306;-15.4895284243329,-44.3655749047517 -15.4895438149552,-44.3655566012551;-15.4901192703422,-44.3661660991053 -15.490138937907,-44.366143512723;-15.490138937907,-44.366143512723 -15.4904205262492,-44.3664091098608;-15.4907807976345,-44.3668075136442 -15.4904366294743,-44.3664764596965;-15.491413399319,-44.3705078763906 -15.4915423031703,-44.3703796142564;-15.4904606263781,-44.3664464941306 -15.4904366294743,-44.3664764596965;-15.4898243217648,-44.3658502323469 -15.4898110325442,-44.365867489294 -15.4895284243329,-44.3655749047517;-15.4903961470184,-44.3664394612475 -15.4901192703422,-44.3661660991053;-15.4908056871855,-44.3668573648815 -15.4908259173383,-44.3668402017197;-15.4908259173383,-44.3668402017197 -15.4911538658394,-44.3671793585467 -15.4911747646309,-44.3672143261044 -15.4911343225124,-44.3671949429186 -15.4908056871855,-44.3668573648815;-15.4901028619759,-44.3661491573027 -15.4901176567928,-44.3661321654727 -15.4901217662742,-44.3661274457381;-15.4902230213121,-44.3685814881101 -15.4906962307125,-44.3699152952965 -15.4907376929977,-44.3702953180605 -15.4908991884921,-44.3709115770941;-15.4902230213121,-44.3685814881101 -15.4905584008719,-44.36848218911;-15.4905584008719,-44.36848218911 -15.4908179028082,-44.3692498397723;-15.490607139811,-44.3684628793497 -15.4908691015862,-44.3692373327107;-15.490607139811,-44.3684628793497 -15.4918889488929,-44.3680722674883;-15.4918889488929,-44.3680722674883 -15.4919974602617,-44.3681469121859;-15.4919974602617,-44.3681469121859 -15.4916170611343,-44.37007507902 -15.4915423031703,-44.3703796142564;-15.4908991884921,-44.3709115770941 -15.4913819614248,-44.3705388018628;-15.4916592875246,-44.3703232620137 -15.4921701494174,-44.3702083751523 -15.4928515441116,-44.3700279582339;-15.4900395267719,-44.3681015415557 -15.4901995851421,-44.3685175094808;-15.4900395267719,-44.3681015415557 -15.4912984135942,-44.3674391125805;-15.4912984135942,-44.3674391125805 -15.4918348427818,-44.3680199451058;-15.4901995851421,-44.3685175094808 -15.4918348427818,-44.3680199451058;-15.4889716925391,-44.3661938074365 -15.4900076192611,-44.3680127922084;-15.4889716925391,-44.3661938074365 -15.489473262251,-44.365611252224;-15.4912349126384,-44.3673759081278 -15.4911827257551,-44.3673011615112 -15.4910998255821,-44.3672292715174 -15.489473262251,-44.365611252224;-15.4900076192611,-44.3680127922084 -15.4912349126384,-44.3673759081278;-15.4895710012157,-44.3655013161058 -15.4904599032598,-44.366357995031;-15.4895710012157,-44.3655013161058 -15.4905454074468,-44.3643852833746;-15.4905454074468,-44.3643852833746 -15.4912702517284,-44.36529918693;-15.4912702517284,-44.36529918693 -15.490780233595,-44.3659755954519 -15.4904599032598,-44.366357995031;-15.4905072807656,-44.366429586302 -15.4908361426064,-44.3667688075238;-15.4913296928941,-44.3653830675846 -15.4908531798729,-44.3660414055584 -15.4905072807656,-44.366429586302;-15.4917777039577,-44.3659386822017 -15.4913296928941,-44.3653830675846;-15.4908361426064,-44.3667688075238 -15.4917777039577,-44.3659386822017;-15.4908738401694,-44.3667995898755 -15.4912041794131,-44.3671533336635 -15.4912378210944,-44.3672698081867 -15.4912867796622,-44.367359408437;-15.4908738401694,-44.3667995898755 -15.4918190687924,-44.3659980215653;-15.4918190687924,-44.3659980215653 -15.4920703370702,-44.3662746486369 -15.4923860756703,-44.3666685602993;-15.4912867796622,-44.367359408437 -15.4919686272494,-44.3669457780164 -15.4919690883586,-44.366945469768 -15.4923860756703,-44.3666685602993;-15.4921466946976,-44.3662200598373 -15.492492848497,-44.3666548891977 -15.4929052663491,-44.3671242068763;-15.4921466946976,-44.3662200598373 -15.4923914283118,-44.3653741562813;-15.4923914283118,-44.3653741562813 -15.49240105922,-44.3653907894256 -15.4924017138394,-44.3653916974018 -15.4924020211615,-44.3653920920402 -15.4924080905,-44.365399702975 -15.4924087223754,-44.3654004593777 -15.4924091379679,-44.365400921038 -15.492415760143,-44.3654080665418 -15.492416357594,-44.3654086858197 -15.492416890523,-44.3654091986633 -15.4924239808985,-44.3654157892389 -15.4924245304931,-44.365416282643 -15.4924251945753,-44.3654168353328 -15.4924327518764,-44.3654228692613 -15.49243323514,-44.3654232438073 -15.4924339393992,-44.3654237514806 -15.4924418759302,-44.3654292290757 -15.4924423788947,-44.3654295656765 -15.4924433551704,-44.3654301622932 -15.4924517622301,-44.3654349926079 -15.4924520477196,-44.3654351537024 -15.4924528882583,-44.3654355951072 -15.4924614945831,-44.3654398706892 -15.4924619649777,-44.3654400971844 -15.4924631661438,-44.3654406128633 -15.4924721575204,-44.3654441482683 -15.4924723106148,-44.3654442077871 -15.4924735591891,-44.3654446434007 -15.492482752283,-44.3654475326071 -15.4924828955199,-44.3654475770905 -15.4924841911853,-44.36544792992 -15.4924935871805,-44.3654501730124 -15.4924937148589,-44.3654502030834 -15.4924951635053,-44.36545048717 -15.4924952423107,-44.3654504996801 -15.4925048425202,-44.3654520042447 -15.4925062313763,-44.365452175824 -15.4925062796594,-44.3654521801578 -15.4925159917334,-44.3654530390029 -15.4925174238464,-44.3654531179737 -15.492517633378,-44.3654531215879 -15.4925273722836,-44.3654532426336 -15.4925286493571,-44.3654532211587 -15.492529032627,-44.3654532001772 -15.4925337707089,-44.3654528992279;-15.4925337707089,-44.3654528992279 -15.4927668872977,-44.3664383616179 -15.4929052663491,-44.3671242068763;-15.4926251401916,-44.3653769707759 -15.4926247660924,-44.3653773320393 -15.4926239099566,-44.3653781382253 -15.4926230398812,-44.365378929347 -15.4926221561314,-44.3653797051632 -15.4926212589764,-44.3653804654377 -15.4926203486893,-44.365381209939 -15.4926194255476,-44.3653819384401 -15.4926184898324,-44.3653826507192 -15.4926175418287,-44.3653833465594 -15.4926165818253,-44.3653840257486 -15.4926156101146,-44.36538468808 -15.4926146269927,-44.3653853333519 -15.4926136327589,-44.3653859613676 -15.4926126277162,-44.3653865719359 -15.4926116121706,-44.3653871648708 -15.4926105864316,-44.3653877399917 -15.4926095508116,-44.3653882971234 -15.492608505626,-44.3653888360962 -15.4926074511933,-44.3653893567458 -15.4926063878345,-44.3653898589138 -15.4926053158737,-44.3653903424471 -15.4926042356372,-44.3653908071985 -15.4926031474543,-44.3653912530264 -15.4926020516564,-44.365391679795 -15.4926009485772,-44.3653920873743 -15.4925998385528,-44.36539247564 -15.4925987219213,-44.3653928444741 -15.4925975990228,-44.3653931937641 -15.4925964701993,-44.3653935234036 -15.4925953357948,-44.3653938332922 -15.4925941961548,-44.3653941233355 -15.4925930516264,-44.3653943934452 -15.4925919025582,-44.365394643539 -15.4925907493003,-44.3653948735407 -15.492589592204,-44.3653950833802 -15.4925884316217,-44.3653952729937 -15.4925872679069,-44.3653954423233 -15.4925861014142,-44.3653955913175 -15.4925849324988,-44.3653957199309 -15.4925837615169,-44.3653958281243 -15.4925825888251,-44.3653959158648 -15.4925814147805,-44.3653959831257 -15.492580239741,-44.3653960298864 -15.4925790640643,-44.3653960561327 -15.4925778881086,-44.3653960618566 -15.4925767122321,-44.3653960470564 -15.492575536793,-44.3653960117366 -15.4925743621494,-44.3653959559079 -15.492573188659,-44.3653958795873 -15.4925720166793,-44.3653957827982 -15.4925708465673,-44.3653956655699 -15.4925696786794,-44.3653955279382 -15.4925685133715,-44.365395369945 -15.4925673509983,-44.3653951916385 -15.4925661919141,-44.3653949930729 -15.4925650364718,-44.3653947743087 -15.4925638850235,-44.3653945354126 -15.4925627379199,-44.3653942764574 -15.4925615955104,-44.3653939975218 -15.492560458143,-44.365393698691 -15.4925593261641,-44.3653933800559 -15.4925581999186,-44.3653930417135 -15.4925570797494,-44.365392683767 -15.492555965998,-44.3653923063254 -15.4925548590034,-44.3653919095036 -15.4925537591029,-44.3653914934225 -15.4925526666316,-44.3653910582088 -15.4925515819221,-44.3653906039952 -15.492550505305,-44.36539013092 -15.4925494371082,-44.3653896391273 -15.492548377657,-44.3653891287669 -15.4925473272742,-44.3653885999943 -15.4925462862798,-44.3653880529704 -15.4925452549907,-44.365387487862 -15.4925442337213,-44.3653869048413 -15.4925432227825,-44.3653863040857 -15.4925422224823,-44.3653856857783 -15.4925412331254,-44.3653850501074 -15.4925402550132,-44.3653843972666 -15.4925392884435,-44.3653837274549 -15.492538333711,-44.3653830408763 -15.4925373911063,-44.3653823377398 -15.4925364609165,-44.3653816182597 -15.4925355434251,-44.3653808826551 -15.4925346389115,-44.3653801311502 -15.4925337476513,-44.3653793639737 -15.4925328699159,-44.3653785813595 -15.4925320059726,-44.3653777835458 -15.4925311560847,-44.3653769707758 -15.492530320511,-44.365376143297 -15.4925294995061,-44.3653753013615 -15.4925286933201,-44.3653744452256 -15.4925279021984,-44.3653735751503 -15.4925271263822,-44.3653726914005 -15.4925263661077,-44.3653717942454 -15.4925256216064,-44.3653708839584 -15.4925248931053,-44.3653699608167 -15.4925241808262,-44.3653690251014 -15.492523484986,-44.3653680770977 -15.4925228057968,-44.3653671170944 -15.4925221434654,-44.3653661453837 -15.4925214981935,-44.3653651622617 -15.4925208701778,-44.365364168028 -15.4925202596095,-44.3653631629852 -15.4925196666746,-44.3653621474397 -15.4925190915537,-44.3653611217007 -15.492518534422,-44.3653600860807 -15.4925179954492,-44.3653590408951 -15.4925174747996,-44.3653579864623 -15.4925169726316,-44.3653569231036 -15.4925164890983,-44.3653558511427 -15.4925160243469,-44.3653547709063 -15.492515578519,-44.3653536827234 -15.4925151517504,-44.3653525869255 -15.4925147441711,-44.3653514838463 -15.4925143559053,-44.3653503738218 -15.4925139870713,-44.3653492571903 -15.4925136377813,-44.3653481342918 -15.4925133081418,-44.3653470054684 -15.4925129982532,-44.3653458710639 -15.4925127082099,-44.3653447314238 -15.4925124381002,-44.3653435868954 -15.4925121880064,-44.3653424378273 -15.4925119580047,-44.3653412845694 -15.4925117481652,-44.365340127473 -15.4925115585517,-44.3653389668907 -15.4925113892221,-44.365337803176 -15.4925112402279,-44.3653366366833 -15.4925111116145,-44.3653354677679 -15.4925110034211,-44.3653342967859 -15.4925109156806,-44.3653331240941 -15.4925108484197,-44.3653319500496 -15.492510801659,-44.36533077501 -15.4925107754127,-44.3653295993333 -15.4925107696888,-44.3653284233777 -15.492510784489,-44.3653272475012 -15.4925108198088,-44.3653260720621 -15.4925108756375,-44.3653248974184 -15.4925109519581,-44.365323723928 -15.4925110487472,-44.3653225519483 -15.4925111659755,-44.3653213818364 -15.4925113036072,-44.3653202139485 -15.4925114616004,-44.3653190486405 -15.4925116399069,-44.3653178862674 -15.4925118384725,-44.3653167271831 -15.4925120572367,-44.3653155717409 -15.4925122961328,-44.3653144202926 -15.492512555088,-44.365313273189 -15.4925128340236,-44.3653121307795 -15.4925131328544,-44.365310993412 -15.4925134514895,-44.3653098614331 -15.4925137898319,-44.3653087351876 -15.4925141477784,-44.3653076150185 -15.49251452522,-44.365306501267 -15.4925149220418,-44.3653053942724 -15.4925153381229,-44.365304294372 -15.4925157733366,-44.3653032019006 -15.4925162275502,-44.3653021171912 -15.4925167006254,-44.3653010405741 -15.4925171924181,-44.3652999723773 -15.4925177027785,-44.3652989129261 -15.4925182315511,-44.3652978625433 -15.492518778575,-44.3652968215488 -15.4925193436834,-44.3652957902598 -15.4925199267041,-44.3652947689903 -15.4925205274597,-44.3652937580515 -15.4925211457671,-44.3652927577513 -15.492521781438,-44.3652917683944 -15.4925224342788,-44.3652907902822 -15.4925231040905,-44.3652898237126 -15.4925237906691,-44.36528886898 -15.4925244938056,-44.3652879263753 -15.4925252132857,-44.3652869961856 -15.4925259488903,-44.3652860786942 -15.4925267003952,-44.3652851741806 -15.4925274675717,-44.3652842829203 -15.4925282501859,-44.3652834051849 -15.4925290479996,-44.3652825412417 -15.4925298607696,-44.3652816913538 -15.4925306882484,-44.3652808557801 -15.4925315301839,-44.3652800347752 -15.4925323863198,-44.3652792285891 -15.4925332563951,-44.3652784374675 -15.4925341401449,-44.3652776616512 -15.4925350373,-44.3652769013767 -15.492535947587,-44.3652761568755 -15.4925368707287,-44.3652754283744 -15.492537806444,-44.3652747160953 -15.4925387544476,-44.3652740202551 -15.492539714451,-44.3652733410659 -15.4925406861617,-44.3652726787344 -15.4925416692837,-44.3652720334626 -15.4925426635174,-44.3652714054468 -15.4925436685602,-44.3652707948785 -15.4925446841057,-44.3652702019436 -15.4925457098447,-44.3652696268227 -15.4925467454647,-44.3652690696911 -15.4925477906503,-44.3652685307183 -15.4925488450831,-44.3652680100686 -15.4925499084418,-44.3652675079006 -15.4925509804027,-44.3652670243673 -15.4925520606391,-44.3652665596159 -15.492553148822,-44.365266113788 -15.4925542446199,-44.3652656870195 -15.492554545513,-44.3652655736684 -15.4925553476991,-44.3652652794402 -15.4925564577235,-44.3652648911744 -15.4925575743551,-44.3652645223403 -15.4925586972536,-44.3652641730504 -15.492559826077,-44.3652638434109 -15.4925609604815,-44.3652635335222 -15.4925621001216,-44.3652632434789 -15.49256324465,-44.3652629733692 -15.4925643937181,-44.3652627232754 -15.492565546976,-44.3652624932738 -15.4925667040724,-44.3652622834342 -15.4925678646547,-44.3652620938208 -15.4925690283694,-44.3652619244912 -15.4925701948621,-44.365261775497 -15.4925713637775,-44.3652616468836 -15.4925725347595,-44.3652615386901 -15.4925737074513,-44.3652614509496 -15.4925748814958,-44.3652613836888 -15.4925760565354,-44.3652613369281 -15.4925772322121,-44.3652613106818 -15.4925784081677,-44.3652613049579 -15.4925795840442,-44.3652613197581 -15.4925807594833,-44.3652613550779 -15.492581934127,-44.3652614109066 -15.4925831076174,-44.3652614872271 -15.492584279597,-44.3652615840163 -15.492585449709,-44.3652617012445 -15.4925866175969,-44.3652618388762 -15.4925877829049,-44.3652619968694 -15.492588945278,-44.365262175176 -15.4925901043623,-44.3652623737416 -15.4925912598045,-44.3652625925057 -15.4925924112528,-44.3652628314018 -15.4925935583564,-44.3652630903571 -15.4925947007659,-44.3652633692926 -15.4925958381334,-44.3652636681235 -15.4925969701123,-44.3652639867586 -15.4925980963578,-44.3652643251009 -15.4925992165269,-44.3652646830474 -15.4926003302784,-44.3652650604891 -15.4926014372729,-44.3652654573109 -15.4926025371734,-44.365265873392 -15.4926036296448,-44.3652663086056 -15.4926047143542,-44.3652667628192 -15.4926057909713,-44.3652672358944 -15.4926068591681,-44.3652677276871 -15.4926079186193,-44.3652682380475 -15.4926089690021,-44.3652687668202 -15.4926100099966,-44.365269313844 -15.4926110412856,-44.3652698789524 -15.4926120625551,-44.3652704619732 -15.4926130734939,-44.3652710627288 -15.4926140737941,-44.3652716810362 -15.492615063151,-44.3652723167071 -15.4926160412632,-44.3652729695478 -15.4926170078328,-44.3652736393595 -15.4926179625654,-44.3652743259382 -15.4926189051701,-44.3652750290747 -15.4926198353598,-44.3652757485548 -15.4926207528512,-44.3652764841593 -15.4926216573648,-44.3652772356643 -15.492622548625,-44.3652780028407 -15.4926234263605,-44.365278785455 -15.4926242903037,-44.3652795832686 -15.4926251401916,-44.3652803960386 -15.4926259757653,-44.3652812235174 -15.4926267967702,-44.365282065453 -15.4926276029563,-44.3652829215888 -15.4926283940779,-44.3652837916642 -15.4926291698942,-44.365284675414 -15.4926299301687,-44.365285572569 -15.4926306746699,-44.365286482856 -15.492631403171,-44.3652874059978 -15.4926321154502,-44.365288341713 -15.4926328112903,-44.3652892897167 -15.4926334904795,-44.3652902497201 -15.492634152811,-44.3652912214308 -15.4926347980828,-44.3652922045527 -15.4926354260986,-44.3652931987865 -15.4926360366669,-44.3652942038292 -15.4926366296018,-44.3652952193748 -15.4926372047227,-44.3652962451138 -15.4926377618543,-44.3652972807338 -15.4926383008271,-44.3652983259194 -15.4926388214768,-44.3652993803521 -15.4926393236448,-44.3653004437109 -15.4926398071781,-44.3653015156717 -15.4926402719295,-44.3653025959081 -15.4926407177574,-44.3653036840911 -15.4926411445259,-44.365304779889 -15.4926415521052,-44.3653058829682 -15.492641940371,-44.3653069929926 -15.4926423092051,-44.3653081096241 -15.492642658495,-44.3653092325226 -15.4926429881345,-44.3653103613461 -15.4926432980232,-44.3653114957506 -15.4926435880665,-44.3653126353906 -15.4926438581762,-44.365313779919 -15.4926441082699,-44.3653149289872 -15.4926443382716,-44.3653160822451 -15.4926445481112,-44.3653172393414 -15.4926447377246,-44.3653183999237 -15.4926449070542,-44.3653195636385 -15.4926450560484,-44.3653207301312 -15.4926451846618,-44.3653218990466 -15.4926452928553,-44.3653230700285 -15.4926453805958,-44.3653242427203 -15.4926454478566,-44.3653254167649 -15.4926454946173,-44.3653265918044 -15.4926455208636,-44.3653277674811 -15.4926455265875,-44.3653289434368 -15.4926455117873,-44.3653301193133 -15.4926454764675,-44.3653312947524 -15.4926454206388,-44.365332469396 -15.4926453443183,-44.3653336428864 -15.4926452475291,-44.3653348148661 -15.4926451303009,-44.3653359849781 -15.4926449926692,-44.365337152866 -15.492644834676,-44.3653383181739 -15.4926446563694,-44.3653394805471 -15.4926444578038,-44.3653406396313 -15.4926442390397,-44.3653417950736 -15.4926440001436,-44.3653429465219 -15.4926437411883,-44.3653440936255 -15.4926434622528,-44.365345236035 -15.4926431634219,-44.3653463734024 -15.4926428447868,-44.3653475053813 -15.4926425064445,-44.3653486316268 -15.4926421484979,-44.365349751796 -15.4926417710563,-44.3653508655474 -15.4926413742345,-44.365351972542 -15.4926409581534,-44.3653530724425 -15.4926405229398,-44.3653541649138 -15.4926400687262,-44.3653552496233 -15.492639595651,-44.3653563262404 -15.4926391038583,-44.3653573944372 -15.4926385934979,-44.3653584538884 -15.4926380647252,-44.3653595042712 -15.4926375177014,-44.3653605452656 -15.492636952593,-44.3653615765547 -15.4926363695722,-44.3653625978241 -15.4926357688166,-44.3653636087629 -15.4926351505092,-44.3653646090631 -15.4926345148383,-44.36536559842 -15.4926338619976,-44.3653665765322 -15.4926331921859,-44.3653675431019 -15.4926325056072,-44.3653684978344 -15.4926318024707,-44.3653694404391 -15.4926310829906,-44.3653703706289 -15.4926303473861,-44.3653712881203 -15.4926295958811,-44.3653721926338 -15.4926288287047,-44.3653730838941 -15.4926280460904,-44.3653739616295 -15.4926272482768,-44.3653748255728 -15.4926264355068,-44.3653756754607;-15.492629754752,-44.3654765481324 -15.4928289239391,-44.3663806510796;-15.4927302231432,-44.3653393371194 -15.4927287435736,-44.3653533083288 -15.492728727804,-44.3653533922181 -15.4927283904388,-44.3653549120259 -15.4927283555284,-44.3653550475065 -15.4927257836805,-44.3653649223492 -15.4927253878337,-44.3653662847548 -15.4927253390525,-44.3653664349884 -15.4927221589976,-44.3653761283714 -15.49272168541,-44.36537744772 -15.4927216211316,-44.3653776106926 -15.4927178304657,-44.3653871244491 -15.4927172829601,-44.3653883965003 -15.4927170453066,-44.3653888952127 -15.492712562725,-44.3653980439096 -15.4927121016362,-44.3653989394694 -15.492711934724,-44.3653992433981 -15.4927069291543,-44.3654082114293 -15.4927063133611,-44.3654092550504 -15.492705967214,-44.3654097953281 -15.4927003599884,-44.3654183056982 -15.4926998426934,-44.3654190605599 -15.492699463073,-44.3654195791786 -15.4926933388184,-44.365427724988 -15.4926927778655,-44.3654284434613 -15.4926922801935,-44.3654290382343 -15.4926856411132,-44.3654367262023 -15.4926851250511,-44.3654373052897 -15.4926845029607,-44.3654379574234 -15.4926773484948,-44.3654451884664 -15.49267688795,-44.3654456418711 -15.4926761324691,-44.3654463366539 -15.4926685546476,-44.3654530172144 -15.4926681632406,-44.3654533549715 -15.4926672644191,-44.3654540782416 -15.4926592628571,-44.3654602092564 -15.4926589553001,-44.3654604410617 -15.4926580109445,-44.3654611065024 -15.4926496725739,-44.365466686835 -15.492649356271,-44.365466894879 -15.4926481255201,-44.3654676388932 -15.4926393672589,-44.3654725772611 -15.492639288436,-44.3654726215091 -15.4926381965444,-44.3654731947073 -15.492629754752,-44.3654765481324;-15.4927302231432,-44.3653393371194 -15.4930702328571,-44.3657325322171 -15.4930704435271,-44.3657327941637 -15.493070639071,-44.3657330377452 -15.493070687039,-44.3657330975001 -15.4933504031488,-44.3661072889242;-15.4928289239391,-44.3663806510796 -15.4933504031488,-44.3661072889242;-15.4929900746521,-44.3671766049618 -15.4934726543169,-44.3678214922696 -15.4940222643786,-44.3684510758209;-15.4928606453304,-44.3664651925628 -15.4929900746521,-44.3671766049618;-15.4928606453304,-44.3664651925628 -15.4933981964238,-44.3661737755404;-15.4933981964238,-44.3661737755404 -15.4935693285096,-44.3664102852921 -15.4936590806049,-44.3665683270251 -15.4940751596119,-44.3673775592321 -15.4943344711311,-44.3679095255531 -15.4943951303906,-44.3680772039384;-15.4940222643786,-44.3684510758209 -15.4943951303906,-44.3680772039384;-15.4931681797573,-44.368164702402 -15.4937312822597,-44.3687428228013;-15.4931681797573,-44.368164702402 -15.4934134686401,-44.3679061351708;-15.4934134686401,-44.3679061351708 -15.4936791357577,-44.3681955157554 -15.4936792077427,-44.3681955936575 -15.4939702997625,-44.3685112056389;-15.4937312822597,-44.3687428228013 -15.4939702997625,-44.3685112056389;-15.4929183977178,-44.3684952496157 -15.4929577933274,-44.3685767231581 -15.4929933761594,-44.3686636152085 -15.4930223162159,-44.3688519776388 -15.4930210551446,-44.369155277706 -15.4930213197566,-44.3691562417304 -15.4930081457211,-44.3693486538918;-15.4931281614512,-44.3682185029542 -15.4929183977178,-44.3684952496157;-15.4931281614512,-44.3682185029542 -15.4936834562946,-44.3687963992806;-15.4930081457211,-44.3693486538918 -15.4930484653916,-44.3693163481394 -15.4933374497018,-44.3691432955382 -15.4935394674428,-44.3689818242039 -15.4936528108913,-44.3688820937173 -15.4936834562946,-44.3687963992806;-15.492243797361,-44.3674579410596 -15.4921493416837,-44.3681075373865 -15.4917143057305,-44.3700883577405 -15.4916592875246,-44.3703232620137;-15.492243797361,-44.3674579410596 -15.4928297329636,-44.368514010558 -15.492877751046,-44.3686088903699 -15.4929050455626,-44.3686947146225 -15.4929342849384,-44.3688590159698 -15.4929303488365,-44.3691230223452 -15.4929108712117,-44.3692904300574 -15.4929135367463,-44.3694388945621 -15.4928515441116,-44.3700279582339;-15.4914175125605,-44.3673799946162 -15.4919881204296,-44.3679835287727 -15.4920535796704,-44.368026711055;-15.4914175125605,-44.3673799946162 -15.4919923993532,-44.3670407154648;-15.4919923993532,-44.3670407154648 -15.49214484541,-44.3673041342969;-15.49214484541,-44.3673041342969 -15.4920535796704,-44.368026711055;-15.492057007622,-44.3669861240335 -15.4929001069427,-44.3684038558274;-15.492057007622,-44.3669861240335 -15.49246968879,-44.3667549348667;-15.49246968879,-44.3667549348667 -15.492931777974,-44.3672224201432 -15.4929319794866,-44.367222702273 -15.4929321811426,-44.3672229846036 -15.4933704952281,-44.3678433245677;-15.4929001069427,-44.3684038558274 -15.4930813691499,-44.3681692618746 -15.4933704952281,-44.3678433245677;-15.479425381194,-44.3718440846663 -15.4794523986491,-44.3718333127181;-15.4826336613493,-44.3792572487347 -15.4826648582915,-44.3792329391445;-15.4826336613493,-44.3792572487347 -15.4824644381563,-44.3789448568105 -15.4819762464499,-44.3780784694119 -15.4816915903684,-44.3775607647981 -15.4813697080599,-44.3769722404978 -15.4811285264916,-44.3765118924437 -15.4809015209224,-44.3760745043878 -15.4806559399671,-44.3756368831663;-15.4827015629666,-44.3809291014469 -15.4827424617269,-44.3808161176405 -15.4827427060506,-44.3808154065125 -15.4827431319586,-44.3808139356704 -15.4827431930945,-44.3808136899293 -15.4828159715733,-44.3805145827285 -15.4828162428666,-44.3805133212631 -15.4828164804575,-44.3805117845665 -15.4828166220633,-44.3805102250472 -15.4828166670314,-44.3805087755454 -15.4828240567447,-44.3802648076247;-15.4811639340429,-44.3702200981635 -15.4810033149576,-44.369968807014;-15.4803357689903,-44.3677904886048 -15.4798259586294,-44.3681830282931 -15.4792783180957,-44.3686160885146 -15.4792682786512,-44.368603533637 -15.4803252943206,-44.3677766609416;-15.4806324082984,-44.3755833250149 -15.4804345291421,-44.375117702761;-15.4806559399671,-44.3756368831663 -15.4806906522809,-44.3756088128128;-15.4794523986491,-44.3718333127181 -15.4797330011921,-44.3725384620179 -15.4797997214153,-44.3727256540375;-15.4803173811517,-44.374606264513 -15.480347109656,-44.3746016195769;-15.4828476984094,-44.380126530504 -15.482811433599,-44.3796609770875 -15.482790516675,-44.3795689127132 -15.4826829090153,-44.3793473705362;-15.4797767605848,-44.3727338188474 -15.4797997214153,-44.3727256540375;-15.4804755585956,-44.3751014309773 -15.4806757800477,-44.3755532579846;-15.4802785622264,-44.3744484180263 -15.4803183711046,-44.3744235229146;-15.4826829090153,-44.3793473705362 -15.4827027081601,-44.3793229974082;-15.4811012192001,-44.3702275212458 -15.4809874351247,-44.3700404424931;-15.4809259621696,-44.3702204282125 -15.4809262577127,-44.3701831897878 -15.4809699708322,-44.3700640165903 -15.4809874351247,-44.3700404424931;-15.4797902320546,-44.3727753876099 -15.4798193659168,-44.3727668670258;-15.4798193659168,-44.3727668670258 -15.4801257418113,-44.3736936949377 -15.4803183711046,-44.3744235229146;-15.4827027081601,-44.3793229974082 -15.4827372433206,-44.3794025356796 -15.4828192957525,-44.3795641340221 -15.4828352784132,-44.3796588921551 -15.4828607974779,-44.379898552178 -15.4828718762719,-44.3801250758516;-15.4809259621696,-44.3702204282125 -15.4809451724681,-44.3702352053652 -15.4811012192001,-44.3702275212458;-15.4803252943206,-44.3677766609416 -15.4803357689903,-44.3677904886048;-15.4802785622264,-44.3744484180263 -15.4802486310866,-44.3742603239956 -15.4802486250143,-44.374260286454 -15.4797902320546,-44.3727753876099;-15.4797767605848,-44.3727338188474 -15.4795217237901,-44.372063174907 -15.479425381194,-44.3718440846663;-15.4804345291421,-44.375117702761 -15.4804755585956,-44.3751014309773;-15.4827015629666,-44.3809291014469 -15.482738785044,-44.3809343099337;-15.4828476984094,-44.380126530504 -15.4828718762719,-44.3801250758516;-15.480347109656,-44.3746016195769 -15.4804173796693,-44.3749270671404 -15.4804458923473,-44.375059120361;-15.480415258138,-44.3750733599653 -15.4804458923473,-44.375059120361;-15.4806906522809,-44.3756088128128 -15.4809264865688,-44.376066209047 -15.4811613266994,-44.3765021057069 -15.4813984238709,-44.3769515295707 -15.4817235953067,-44.3775528184504 -15.4819938254296,-44.3780583302424 -15.4824888002801,-44.3789246933733 -15.4826648582915,-44.3792329391445;-15.4828240567447,-44.3802648076247 -15.4828575765008,-44.3802638418987;-15.4828575765008,-44.3802638418987 -15.4828381654944,-44.3805124262833 -15.482738785044,-44.3809343099337;-15.4847427241621,-44.3697085999397 -15.484867982986,-44.3692996058015;-15.480415258138,-44.3750733599653 -15.4803658856233,-44.3749278219013 -15.4803173811517,-44.374606264513;-15.4806324082984,-44.3755833250149 -15.4806757800477,-44.3755532579846;-15.4810539174425,-44.3689041950328 -15.4804363891034,-44.3679077012393;-15.4805303870948,-44.369205266882 -15.4810539174425,-44.3689041950328;-15.4798779868947,-44.3681886238864 -15.4805303870948,-44.369205266882;-15.4804363891034,-44.3679077012393 -15.4801720833673,-44.3679478580767 -15.4798779868947,-44.3681886238864;-15.4813740458435,-44.3694333261161 -15.4810999464027,-44.3689911476956;-15.4809631928576,-44.3698934817175 -15.4813740458435,-44.3694333261161;-15.4805955785494,-44.3692902927283 -15.4809631928576,-44.3698934817175;-15.4810999464027,-44.3689911476956 -15.4805955785494,-44.3692902927283;-15.4817750614969,-44.3700853419476 -15.4814230615964,-44.3695135462149;-15.4811639340429,-44.3702200981635 -15.4817750614969,-44.3700853419476;-15.4814230615964,-44.3695135462149 -15.4810033149576,-44.369968807014;-15.4821106618249,-44.3701811185981 -15.4834608733784,-44.3730147915437;-15.4834608733784,-44.3730147915437 -15.4819232828245,-44.3735599948556 -15.48157885481,-44.3735573190484 -15.4814513236146,-44.3735027206733 -15.481310711665,-44.3733181055167 -15.481124321222,-44.3728461277056 -15.4806032411655,-44.3713223348496 -15.4805414392082,-44.3709466887901;-15.4805414392082,-44.3709466887901 -15.4808875957246,-44.3703532977972 -15.4809192749373,-44.3703367373572;-15.4809192749373,-44.3703367373572 -15.4821106618249,-44.3701811185981;-15.4821864840467,-44.3701738279999 -15.4827372671098,-44.3700726200486;-15.4827372671098,-44.3700726200486 -15.483224932924,-44.3710396781648;-15.4827898823172,-44.3713725973555 -15.483224932924,-44.3710396781648;-15.4821864840467,-44.3701738279999 -15.4827898823172,-44.3713725973555;-15.4828238763531,-44.3700429119712 -15.4834224780604,-44.3699752995889;-15.4834224780604,-44.3699752995889 -15.4830002353685,-44.3703280796971;-15.4828238763531,-44.3700429119712 -15.4830002353685,-44.3703280796971;-15.484772270958,-44.3689529208224 -15.4830187082135,-44.3704399531213;-15.484867982986,-44.3692996058015 -15.484772270958,-44.3689529208224;-15.4832784074787,-44.3709603754695 -15.4847427241621,-44.3697085999397;-15.4830187082135,-44.3704399531213 -15.4832784074787,-44.3709603754695;-15.4833053841511,-44.3710884738482 -15.4847305879019,-44.3699007278392;-15.4842766026439,-44.3713898407077 -15.4847305879019,-44.3699007278392;-15.4835921210368,-44.3716362658068 -15.4842766026439,-44.3713898407077;-15.4833053841511,-44.3710884738482 -15.4835921210368,-44.3716362658068;-15.4836471298754,-44.3717334256339 -15.4842757307584,-44.3714868134833;-15.4839928963982,-44.3724386524031 -15.4842757307584,-44.3714868134833;-15.4836471298754,-44.3717334256339 -15.4839928963982,-44.3724386524031;-15.483968260692,-44.3725376222166 -15.4837983897529,-44.3721884025605;-15.4838396312869,-44.3729111447151 -15.4838439867181,-44.3729099481691 -15.483968260692,-44.3725376222166;-15.4835306803913,-44.3729960213358 -15.483707811844,-44.3729212959675 -15.4837774740689,-44.3728960057703 -15.4838396312869,-44.3729111447151;-15.4835306803913,-44.3729960213358 -15.4833109885797,-44.3725494006177;-15.4837983897529,-44.3721884025605 -15.4833109885797,-44.3725494006177;-15.4832699791833,-44.3724708491196 -15.4837555689399,-44.3721238071023;-15.4832699791833,-44.3724708491196 -15.482794085164,-44.3714805490721;-15.4832502368481,-44.3711340083267 -15.482794085164,-44.3714805490721;-15.4837555689399,-44.3721238071023 -15.4832502368481,-44.3711340083267;-15.4851943434589,-44.3761525476192 -15.4854179408548,-44.3762424553351 -15.4860617009622,-44.3767390074998 -15.4867682407591,-44.3773389659453 -15.4872417322561,-44.3778470004107;-15.4872417322561,-44.3778470004107 -15.487052468647,-44.3779978924807 -15.4865076100745,-44.3783528297099 -15.485647683505,-44.3788159891207 -15.4855698337931,-44.3788667637692 -15.4855162800038,-44.378960117324 -15.4854333689194,-44.379408068901 -15.4852366545529,-44.3805172057698 -15.485004618561,-44.3808134257992 -15.484903423941,-44.3808965596373 -15.484807160001,-44.3809354972967 -15.4828114191561,-44.3809120777154;-15.4829269066603,-44.3800436632649 -15.4829310026072,-44.3801168151754 -15.482923230716,-44.3802346888589 -15.4829040486954,-44.3805008072519 -15.4828114191561,-44.3809120777154;-15.4829269066603,-44.3800436632649 -15.4836532827694,-44.3800416147197;-15.4829269533462,-44.3799864767701 -15.483652142329,-44.3800058283653;-15.4829269533462,-44.3799864767701 -15.482883946477,-44.379607701123 -15.4827504638815,-44.3792549962219;-15.4851943434589,-44.3761525476192 -15.4849229191646,-44.3762957503664 -15.4846929939047,-44.376606175288 -15.4844692993273,-44.3770026676008 -15.4838856664729,-44.3777537815102 -15.4835286257313,-44.3782310522967 -15.4830444614996,-44.3789244243656 -15.483044150563,-44.3789248107682 -15.4827504638815,-44.3792549962219;-15.4838180776516,-44.3730139931889 -15.4836863245966,-44.3733739669854 -15.4836601001012,-44.3735313139581 -15.4836863245966,-44.3737935589125 -15.4837098583589,-44.3740264240926 -15.4838091317071,-44.3743793138284 -15.4838880304775,-44.3745819223155 -15.4843812737258,-44.3753888823852 -15.4849459080205,-44.3760534593199;-15.4849459080205,-44.3760534593199 -15.4849143258243,-44.376151281634 -15.4846334839635,-44.3765675164112 -15.484409534873,-44.3769648131023 -15.4834664924276,-44.3781633711381 -15.483010386787,-44.3788904373584 -15.4827167327174,-44.3791917879455;-15.4803913371879,-44.3745272587981 -15.4805033185831,-44.375061267391 -15.4807527139056,-44.3756282554308 -15.4810168564665,-44.3760941490143 -15.4814373981164,-44.3769024275039 -15.4817608857135,-44.3775296791293 -15.4825028549954,-44.3788231116804 -15.4827167327174,-44.3791917879455;-15.4803913371879,-44.3745272587981 -15.4814750918224,-44.3742964378802;-15.4803689235713,-44.3744162810207 -15.4814487861866,-44.3741957195544;-15.4801185058538,-44.3733029527677 -15.4802034609441,-44.3736807472262 -15.4803689235713,-44.3744162810207;-15.4801185058538,-44.3733029527677 -15.4810640960374,-44.3729341727032;-15.4810640960374,-44.3729341727032 -15.4812565833207,-44.373362526814 -15.4814084604506,-44.373576428044 -15.4815738233117,-44.3736722747596 -15.4819791902967,-44.3736548332948 -15.4837035534478,-44.3729806622976 -15.4837703886125,-44.3729789978213 -15.4838180776516,-44.3730139931889;-15.4800715920017,-44.3732160592615 -15.4810291569655,-44.3728389250071;-15.4798233955828,-44.3725123952001 -15.4800715920017,-44.3732160592615;-15.4798233955828,-44.3725123952001 -15.4807580446294,-44.3721315558558;-15.4807580446294,-44.3721315558558 -15.4810291569655,-44.3728389250071;-15.4797975168928,-44.3724444035448 -15.4807394527874,-44.3720607721059;-15.4794796803684,-44.3717391135282 -15.4797975168928,-44.3724444035448;-15.4794796803684,-44.3717391135282 -15.4804981219546,-44.3713225260917;-15.4807394527874,-44.3720607721059 -15.4804981219546,-44.3713225260917;-15.4798993289356,-44.3714644008823 -15.4804468598765,-44.3712242664771;-15.4790317833776,-44.3699835253115 -15.4794648754323,-44.3706800977869 -15.4798993289356,-44.3714644008823;-15.4790317833776,-44.3699835253115 -15.4794582586523,-44.3696356005484;-15.4794582586523,-44.3696356005484 -15.4803916153798,-44.3710495130934 -15.4804468598765,-44.3712242664771;-15.4794449434644,-44.3716725587713 -15.4798444394008,-44.371490060792;-15.4784295449461,-44.3693521124136 -15.478423197263,-44.3693665320989 -15.4784171009523,-44.3693826520863 -15.4784103005475,-44.3693981958687 -15.4784049650155,-44.3694127450202 -15.4783994860278,-44.3694281597196 -15.4783942768981,-44.3694436676928 -15.4783893392132,-44.3694592642159 -15.4783846744773,-44.3694749445381 -15.4783802841111,-44.369490703883 -15.4783761694521,-44.36950653745 -15.4783723317537,-44.3695224404163 -15.4783687721848,-44.3695384079375 -15.4783654918296,-44.3695544351498 -15.4783624916876,-44.3695705171713 -15.4783597726724,-44.369586649103 -15.4783573356124,-44.3696028260311 -15.4783551812499,-44.369619043028 -15.4783533102411,-44.3696352951537 -15.478351723156,-44.3696515774578 -15.478350420478,-44.3696678849804 -15.4783494026039,-44.3696842127542 -15.4783486698438,-44.3697005558056 -15.4783482224209,-44.3697169091563 -15.4783480604714,-44.3697332678248 -15.4783481840447,-44.3697496268283 -15.4783485931032,-44.3697659811836 -15.4783492875223,-44.3697823259089 -15.4783502670903,-44.3697986560256 -15.478351531509,-44.3698149665593 -15.4783527804568,-44.3698283214735 -15.4783530803932,-44.3698312525418 -15.4783549132711,-44.369847509012 -15.4783570295844,-44.3698637310181 -15.4783594286883,-44.3698799136188 -15.4783621098522,-44.3698960518847 -15.4783650722594,-44.3699121408998 -15.4783683150073,-44.3699281757634 -15.4783718371083,-44.3699441515911 -15.4783756374896,-44.3699600635164 -15.4783797149934,-44.3699759066925 -15.4783840683777,-44.3699916762933 -15.4783886963165,-44.3700073675153 -15.4783935974,-44.3700229755788 -15.4783987701353,-44.3700384957294 -15.4784042129468,-44.3700539232395 -15.4784099241764,-44.3700692534098 -15.4784159020846,-44.3700844815705 -15.4784221448504,-44.370099603083 -15.4784286505721,-44.3701146133411 -15.4784354172681,-44.3701295077726 -15.4784424428772,-44.3701442818405 -15.4784497252593,-44.3701589310445 -15.4784572621961,-44.3701734509222 -15.4784650513918,-44.3701878370508 -15.4784730904737,-44.370202085048 -15.4784813769931,-44.370216190574 -15.4784899084258,-44.3702301493318 -15.478498682173,-44.3702439570697 -15.4785076955622,-44.3702576095816 -15.4785169458478,-44.3702711027088 -15.4785205563492,-44.3702762352498 -15.4788442967234,-44.3707076703367 -15.4788887576009,-44.3707796495334 -15.4791174693837,-44.37111166042 -15.4793761973104,-44.3715457893242 -15.4794449434644,-44.3716725587713;-15.4787767297195,-44.3696774483783 -15.4798444394008,-44.371490060792;-15.4790116666667,-44.3699366666667 -15.4788305026547,-44.369652007628;-15.4784295449461,-44.3693521124136 -15.478903452533,-44.3689459952462;-15.478903452533,-44.3689459952462 -15.4794182604544,-44.3695967830452;-15.4794182604544,-44.3695967830452 -15.4790116666667,-44.3699366666667;-15.478969642134,-44.3688962002586 -15.47982676567,-44.3682205263385;-15.4809251900113,-44.3699716905018 -15.47982676567,-44.3682205263385;-15.4804144054539,-44.37089138705 -15.4808069373065,-44.3703159211628 -15.4809251900113,-44.3699716905018;-15.478969642134,-44.3688962002586 -15.4794911475949,-44.3695700726016 -15.4804144054539,-44.37089138705;-15.4821248747273,-44.3662699238312 -15.4826842611884,-44.3658091616927;-15.4829920086852,-44.365583166739 -15.4837425567881,-44.3649592254802;-15.4821248747273,-44.3662699238312 -15.4821476370488,-44.3662898955157;-15.4829793799978,-44.365565727763 -15.4837308116503,-44.3649277168507;-15.4826842611884,-44.3658091616927 -15.4829420934279,-44.3655953290404;-15.4821476370488,-44.3662898955157 -15.4823343273571,-44.3661363557781;-15.4829793799978,-44.365565727763 -15.4829920086852,-44.365583166739;-15.4823343273571,-44.3661363557781 -15.4826934892574,-44.3658218972694 -15.4829552786722,-44.3656110000179;-15.4829420934279,-44.3655953290404 -15.4829552786722,-44.3656110000179;-15.4837308116503,-44.3649277168507 -15.4837425567881,-44.3649592254802;-15.4821827073766,-44.3663193251114 -15.48235827211,-44.3661710637647 -15.4827173578934,-44.3658463779313 -15.4830098946239,-44.3656207799487 -15.48358108111,-44.3651587041115 -15.4837826573802,-44.3649966508054;-15.4837826573802,-44.3649966508054 -15.4842570159387,-44.365635486156;-15.483659327003,-44.3661636428035 -15.4842570159387,-44.365635486156;-15.4836744615353,-44.3661766255211 -15.4842803618277,-44.3656657120843;-15.4842803618277,-44.3656657120843 -15.4845569602689,-44.3660270424615;-15.4830207153893,-44.3673365467374 -15.4845569602689,-44.3660270424615;-15.4825887620112,-44.3668227787582 -15.4830207153893,-44.3673365467374;-15.4834003303793,-44.3662300795224 -15.4834001289874,-44.366230842645 -15.483399633625,-44.3662323353311 -15.4833990477636,-44.3662337881317 -15.4833983739202,-44.3662351947934 -15.483397614964,-44.366236549359 -15.4833967741817,-44.3662378459431 -15.4833958551786,-44.3662390790304 -15.4833948618762,-44.3662402433271 -15.4833937985126,-44.3662413337981 -15.4833935220439,-44.3662415945128 -15.4825887620112,-44.3668227787582;-15.4834003303793,-44.3662300795224 -15.4834005317523,-44.3662293164722 -15.4834008402055,-44.3662277633586 -15.4834010529462,-44.3662261899217 -15.4834011691656,-44.3662246029256 -15.4834011882976,-44.3662230091322 -15.483401110298,-44.3662214154125 -15.4834009354673,-44.3662198285245 -15.4834006646263,-44.3662182552613 -15.4834002988378,-44.3662167023775 -15.4833998397505,-44.3662151764778 -15.4833992893239,-44.3662136840917 -15.4833986498952,-44.3662122315992 -15.4833979242141,-44.3662108251944 -15.4833971153733,-44.3662094709225 -15.4833962268747,-44.3662081744947 -15.4833952625302,-44.3662069415486 -15.4833942264543,-44.3662057772393 -15.48339312307,-44.3662046866119 -15.4833919571383,-44.3662036742671 -15.4833907336576,-44.3662027445841 -15.4833894578259,-44.3662019015354 -15.4833881351447,-44.3662011486868 -15.4833867713162,-44.3662004892718 -15.4833853721029,-44.3661999260805 -15.4833839435372,-44.3661994615706 -15.4833824917459,-44.3661990977195 -15.4833810229159,-44.3661988360605 -15.4833795433651,-44.3661986777581 -15.4833780594003,-44.366198623421 -15.4833765774268,-44.3661986734004 -15.4833751036984,-44.3661988273798 -15.4833736446366,-44.3661990847847 -15.4833722063753,-44.3661994444838 -15.4833707951793,-44.3661999049763 -15.4833694169939,-44.3662004643151 -15.4833680777548,-44.3662011200711 -15.4833667831837,-44.3662018694805 -15.4833655388558,-44.3662027093335 -15.4833643500286,-44.3662036360851 -15.483363498156,-44.3662043856367 -15.4825479760754,-44.3667763185756;-15.4821827073766,-44.3663193251114 -15.4825479760754,-44.3667763185756;-15.4852786017078,-44.3640012207205 -15.4839591819914,-44.3647385360558 -15.4848251973803,-44.3640274598992 -15.4850556479106,-44.3637848919749 -15.4851375520867,-44.3637723732637;-15.4851375520867,-44.3637723732637 -15.4852786017078,-44.3640012207205;-15.4838540092513,-44.3649347460678 -15.4844910114206,-44.3645440137835 -15.4853324975794,-44.3640641426148;-15.4853324975794,-44.3640641426148 -15.4859178121544,-44.3648614503527;-15.4848533813599,-44.3657840278124 -15.4859178121544,-44.3648614503527;-15.4845027434471,-44.3652292408163 -15.4848533813599,-44.3657840278124;-15.4844843789278,-44.3652419594735 -15.4848223895222,-44.3658040155765;-15.4846213833606,-44.3659735534468 -15.4848223895222,-44.3658040155765;-15.4838540092513,-44.3649347460678 -15.4846213833606,-44.3659735534468;-15.4846814363128,-44.3660498946831 -15.4848758122791,-44.3658529688345 -15.4856435871169,-44.3652136633523;-15.4856435871169,-44.3652136633523 -15.486344687757,-44.3661417840746;-15.485458885523,-44.3671032597214 -15.486344687757,-44.3661417840746;-15.4846814363128,-44.3660498946831 -15.4852801971294,-44.3668268607571 -15.485458885523,-44.3671032597214;-15.4845426715732,-44.3674780160647 -15.4852470529857,-44.3669235435521;-15.4852470529857,-44.3669235435521 -15.4854095047328,-44.3671781782287;-15.4846816421163,-44.3680862857102 -15.4854095047328,-44.3671781782287;-15.4845426715732,-44.3674780160647 -15.4846816421163,-44.3680862857102;-15.4841532400441,-44.3665135127423 -15.4846119431479,-44.3661075341331;-15.4846119431479,-44.3661075341331 -15.4852031022169,-44.3668648912085;-15.4845364345411,-44.3673940494656 -15.4852031022169,-44.3668648912085;-15.4841532400441,-44.3665135127423 -15.4845190296152,-44.3673206551082 -15.4845364345411,-44.3673940494656;-15.4838854521049,-44.3621450189411 -15.4843997765208,-44.3619178551894;-15.4843997765208,-44.3619178551894 -15.4847583826479,-44.3623668480645;-15.4840675061101,-44.3623771826004 -15.4842211962805,-44.3623357739612 -15.4845943701339,-44.3623497385568 -15.4847583826479,-44.3623668480645;-15.4838854521049,-44.3621450189411 -15.4840675061101,-44.3623771826004;-15.4844829406723,-44.3618833886195 -15.4848120446281,-44.3617231685694 -15.485279596523,-44.3614992400625;-15.485279596523,-44.3614992400625 -15.4855685957816,-44.3619189728372 -15.4857889393095,-44.3622294074792;-15.4848520553784,-44.3623689827513 -15.4853212388501,-44.3624208593228 -15.4855264992622,-44.3623472164378 -15.4857076466681,-44.3622789402457 -15.4857889393095,-44.3622294074792;-15.4844829406723,-44.3618833886195 -15.4848520553784,-44.3623689827513;-15.4841269555512,-44.3624643628426 -15.484231543815,-44.3624294934132 -15.4845930792664,-44.362433587251 -15.4848519045531,-44.3624534153052 -15.4853272756942,-44.3624898324762 -15.4855442542194,-44.3624293653931 -15.4857498838447,-44.3623524654726 -15.4858363275156,-44.3622940976753;-15.4858363275156,-44.3622940976753 -15.4861492420196,-44.3627630877623;-15.4850513202422,-44.3636874149897 -15.485125276739,-44.363618505641 -15.4855583235865,-44.3633061894423 -15.4858132219093,-44.3630988358378 -15.4861492420196,-44.3627630877623;-15.4841269555512,-44.3624643628426 -15.4850513202422,-44.3636874149897;-15.4856158982898,-44.363353997219 -15.4862007527943,-44.3628418511451;-15.4862007527943,-44.3628418511451 -15.4864966218336,-44.3632603942344;-15.485815772126,-44.3636653545574 -15.4864966218336,-44.3632603942344;-15.4856158982898,-44.363353997219 -15.485815772126,-44.3636653545574;-15.4858701955098,-44.3637252482832 -15.4868771870115,-44.363134238876;-15.4868771870115,-44.363134238876 -15.4872309437825,-44.3637116592344;-15.4863373456302,-44.3644946281397 -15.4872309437825,-44.3637116592344;-15.4858701955098,-44.3637252482832 -15.4861731769948,-44.3641861951643 -15.4863373456302,-44.3644946281397;-15.4857434369555,-44.3651714945886 -15.4860276656663,-44.3649252993229 -15.4860277965668,-44.3649251828964 -15.4863748874754,-44.3646234590461 -15.4863763136929,-44.3646220468725 -15.4872684997293,-44.363811525618;-15.4872684997293,-44.363811525618 -15.4877881980186,-44.3646188301969;-15.4864058360353,-44.366090082274 -15.4868073619915,-44.3656563637003 -15.4877881980186,-44.3646188301969;-15.4857434369555,-44.3651714945886 -15.4864058360353,-44.366090082274;-15.4857791951531,-44.3637881064954 -15.4861148912676,-44.3642387136527 -15.4862829460461,-44.3645375291148;-15.4859744694056,-44.3648131600433 -15.4862829460461,-44.3645375291148;-15.4853998310171,-44.3640158644553 -15.4857791951531,-44.3637881064954;-15.4853998310171,-44.3640158644553 -15.4859744694056,-44.3648131600433;-15.485217642344,-44.3636849677279 -15.4855470871669,-44.3633767746239;-15.4855470871669,-44.3633767746239 -15.4857565295797,-44.36371777542;-15.4853965414478,-44.363962303183 -15.4857565295797,-44.36371777542;-15.485217642344,-44.3636849677279 -15.4853965414478,-44.363962303183;-15.4814266976953,-44.365270939976 -15.4821004876245,-44.3662130270463;-15.4820926849886,-44.3644228850546 -15.4814266976953,-44.365270939976;-15.4820926849886,-44.3644228850546 -15.4828950866105,-44.3655461913762;-15.4821004876245,-44.3662130270463 -15.4828950866105,-44.3655461913762;-15.4801069846637,-44.3646346835599 -15.4808301090002,-44.3648380911207 -15.4811064147065,-44.3649313956201 -15.4812206007757,-44.3650181779525 -15.481221990375,-44.3650187728238 -15.4812233454308,-44.3650194611959 -15.4812246602169,-44.3650202401607 -15.4812259290652,-44.3650211064106 -15.4812271465022,-44.3650220561702 -15.4812283073577,-44.3650230854913 -15.4812294066548,-44.3650241898839 -15.4812304396514,-44.3650253646828 -15.4812309343466,-44.3650259826393 -15.4813668766501,-44.3651901279627;-15.4812138625449,-44.3632778594033 -15.4808428200034,-44.3637595642477 -15.4801069846637,-44.3646346835599;-15.4812138625449,-44.3632778594033 -15.4820432470876,-44.3643454112506;-15.4820432470876,-44.3643454112506 -15.4813668766501,-44.3651901279627;-15.481828161823,-44.3624659825672 -15.4812607316983,-44.3631991250631;-15.481828161823,-44.3624659825672 -15.4836767273722,-44.364871230199;-15.4829514262017,-44.3655009222404 -15.4836767273722,-44.364871230199;-15.4812607316983,-44.3631991250631 -15.4821712803885,-44.3643788207916 -15.4829514262017,-44.3655009222404;-15.4821732402835,-44.3619598896004 -15.4818705960231,-44.3624083005725;-15.4821732402835,-44.3619598896004 -15.4825365031619,-44.3622421596057 -15.4825366433256,-44.3622422662881 -15.4825378877936,-44.3622431450995 -15.4825391839811,-44.3622439405045 -15.4825405262671,-44.362244649054 -15.4825419089759,-44.3622452677248 -15.4825433261651,-44.3622457938499 -15.4825447717673,-44.3622462251887 -15.482546239589,-44.3622465598925 -15.4825477233776,-44.3622467964319 -15.4825492167612,-44.3622469338834 -15.4825507048655,-44.3622469716417 -15.4827570588496,-44.3621755278167;-15.4827570588496,-44.3621755278167 -15.4845081711693,-44.3641803660458;-15.4837585501306,-44.3648203581722 -15.4845081711693,-44.3641803660458;-15.4818705960231,-44.3624083005725 -15.4837585501306,-44.3648203581722;-15.4832567232676,-44.3613385465314 -15.4825621673852,-44.3617120136887 -15.4822074944174,-44.3619049913079;-15.4832567232676,-44.3613385465314 -15.4837474346757,-44.362055384701;-15.4822074944174,-44.3619049913079 -15.482520414356,-44.3621321929159 -15.4825606828148,-44.3621417203973 -15.4829330569007,-44.3620377051174 -15.4837474346757,-44.362055384701;-15.483784571707,-44.3611452716873 -15.483348614381,-44.3613277289589;-15.483784571707,-44.3611452716873 -15.4843363978992,-44.3618170813999;-15.4838580239511,-44.3620426354697 -15.4843363978992,-44.3618170813999;-15.483348614381,-44.3613277289589 -15.4838580239511,-44.3620426354697;-15.4842933339647,-44.3609427070189 -15.4838810711144,-44.3611261430754;-15.4842933339647,-44.3609427070189 -15.4847217449428,-44.3616619493971;-15.4844080551813,-44.3618179409559 -15.4847217449428,-44.3616619493971;-15.4838810711144,-44.3611261430754 -15.4844080551813,-44.3618179409559;-15.4847889083195,-44.3607183085469 -15.4843880175515,-44.3609103457815;-15.4847889083195,-44.3607183085469 -15.4852401009805,-44.3614183503701;-15.4847975142698,-44.3616146480291 -15.4852401009805,-44.3614183503701;-15.4843880175515,-44.3609103457815 -15.4847975142698,-44.3616146480291;-15.4838108045392,-44.3621391463659 -15.4849755936085,-44.3637481448793;-15.4845748697272,-44.3641227172955 -15.4849755936085,-44.3637481448793;-15.4828473830792,-44.3621558443272 -15.4836079843368,-44.363047892816 -15.4845748697272,-44.3641227172955;-15.4828473830792,-44.3621558443272 -15.4829935517973,-44.3621238541752 -15.4838108045392,-44.3621391463659;-15.4788127040608,-44.3613376872881 -15.4792782463408,-44.3612208987009;-15.4803103758777,-44.3616496646963 -15.4795422587596,-44.3613364979385 -15.4795409911698,-44.3613359252018 -15.4795397619644,-44.3613352626651 -15.4795385768038,-44.3613345134044 -15.4795374408501,-44.3613336806173 -15.4795373359847,-44.3613335975174 -15.4792782463408,-44.3612208987009;-15.4803103758777,-44.3616496646963 -15.4799319830047,-44.3621136857622;-15.4788127040608,-44.3613376872881 -15.4794164443546,-44.3617722257239 -15.479416521334,-44.3617722666939 -15.4794171508267,-44.3617726523801 -15.4794177719194,-44.3617730329286 -15.4799319830047,-44.3621136857622;-15.4794020682765,-44.36118193135 -15.479782504852,-44.3611142908334 -15.481433849583,-44.3609429044405 -15.4829524766296,-44.3607528801477 -15.4829525396542,-44.3607528679473 -15.4830489891299,-44.360734635956 -15.4830490499869,-44.3607346240711 -15.4833590773245,-44.3606934232911;-15.4833590773245,-44.3606934232911 -15.4832577109896,-44.3612843385613;-15.4832577109896,-44.3612843385613 -15.4825441080766,-44.3616436773786 -15.4821337240041,-44.3618689119202 -15.4819314443426,-44.3621592786582;-15.4819314443426,-44.3621592786582 -15.4811006519242,-44.3618897507855 -15.4805250802039,-44.3616594923978 -15.4803723763404,-44.3616024979373 -15.4794020682765,-44.36118193135;-15.4834424896964,-44.3606839939996 -15.4846631054612,-44.3604366120619;-15.4846631054612,-44.3604366120619 -15.4847775423886,-44.3606540714146;-15.4847775423886,-44.3606540714146 -15.4843191288665,-44.3608699547197 -15.483818489225,-44.3610586542984 -15.4836955662237,-44.3611081751647 -15.4833333961556,-44.3612540793106;-15.4834424896964,-44.3606839939996 -15.4833333961556,-44.3612540793106;-15.4803933448845,-44.3617019615077 -15.4800135567014,-44.3621817924756;-15.481888072701,-44.3622226987342 -15.4810726396489,-44.3619560997033 -15.4803933448845,-44.3617019615077;-15.481888072701,-44.3622226987342 -15.4812154614629,-44.3631407251358;-15.4800135567014,-44.3621817924756 -15.4812154614629,-44.3631407251358;-15.4804720038289,-44.3626275394094 -15.4800857675077,-44.3631189830508;-15.4804720038289,-44.3626275394094 -15.4811828286218,-44.3631788075902;-15.4811828286218,-44.3631788075902 -15.4807983739071,-44.3636823482178;-15.4800857675077,-44.3631189830508 -15.4807983739071,-44.3636823482178;-15.480025622682,-44.3631951742013 -15.4795804594534,-44.3637780287421;-15.480025622682,-44.3631951742013 -15.4807422487819,-44.3637551942877;-15.4807422487819,-44.3637551942877 -15.4800526015007,-44.3645795124803;-15.4795804594534,-44.3637780287421 -15.479741197883,-44.3641298530779 -15.4800526015007,-44.3645795124803;-15.4799699741936,-44.362235775515 -15.4793304308923,-44.3630504401186;-15.4799699741936,-44.362235775515 -15.4804364931259,-44.3625998838579;-15.4804364931259,-44.3625998838579 -15.4795767435113,-44.3636862736912;-15.4795767435113,-44.3636862736912 -15.4795379233103,-44.3636552175304 -15.4794991031092,-44.3632961306705 -15.4793304308923,-44.3630504401186;-15.4789063862666,-44.3625462878506 -15.4794391954117,-44.3618828758204;-15.4794391954117,-44.3618828758204 -15.4799164080612,-44.3621986315733;-15.4792707577731,-44.3629737329415 -15.4799164080612,-44.3621986315733;-15.4789063862666,-44.3625462878506 -15.4792707577731,-44.3629737329415;-15.478874969549,-44.3625101940996 -15.4786389943903,-44.3621942473694 -15.4787317333299,-44.3614523038835;-15.4787317333299,-44.3614523038835 -15.4793923224433,-44.3618517079116;-15.4793923224433,-44.3618517079116 -15.478874969549,-44.3625101940996;-15.4880411903686,-44.3584914302016 -15.4884162016741,-44.3582525620098;-15.4872541733976,-44.3576545996873 -15.4880411903686,-44.3584914302016;-15.4875135020401,-44.3574036481536 -15.4872541733976,-44.3576545996873;-15.4875135020401,-44.3574036481536 -15.4884162016741,-44.3582525620098;-15.4867525108644,-44.3592309246325 -15.4879733636219,-44.3585036956495;-15.4855876218517,-44.3573773064707 -15.4865078861258,-44.3589238694652 -15.4867525108644,-44.3592309246325;-15.4855876218517,-44.3573773064707 -15.4863433025844,-44.3567677336015;-15.4863433025844,-44.3567677336015 -15.4872055186601,-44.3577152200258 -15.4879733636219,-44.3585036956495;-15.4864446296774,-44.359204667715 -15.4845966515464,-44.358785375168;-15.4845966515464,-44.358785375168 -15.4848627946831,-44.3578541866681 -15.485519238822,-44.3574386214127;-15.485519238822,-44.3574386214127 -15.4864863133599,-44.3590963628742;-15.4864863133599,-44.3590963628742 -15.4864446296774,-44.359204667715;-15.4849411022931,-44.3602981913896 -15.4854798212812,-44.3600430600198 -15.486575665295,-44.359320310189;-15.4838378975523,-44.3591978935884 -15.4841367714199,-44.359377086575 -15.484571568957,-44.3598220428526 -15.4848606732953,-44.3601119703854 -15.4849411022931,-44.3602981913896;-15.4838378975523,-44.3591978935884 -15.4840646175026,-44.3587509445021;-15.486575665295,-44.359320310189 -15.4843797234675,-44.3588257562296 -15.4840646175026,-44.3587509445021;-15.4845546079768,-44.3587853140971 -15.4837622959066,-44.3586051069786;-15.4837622959066,-44.3586051069786 -15.4832162124928,-44.3582074313072;-15.4832162124928,-44.3582074313072 -15.4835337695471,-44.3581204721365 -15.4839291470869,-44.3580487127201 -15.4847295486308,-44.35794523002 -15.4847880885423,-44.3579310537203;-15.4845546079768,-44.3587853140971 -15.4847880885423,-44.3579310537203;-15.4836513231744,-44.358593170388 -15.4835189697186,-44.3585797619384 -15.4828745469035,-44.3584225826679;-15.4828745469035,-44.3584225826679 -15.4831448561207,-44.3582217427774;-15.4836513231744,-44.358593170388 -15.4831448561207,-44.3582217427774;-15.4827887593993,-44.3583640917525 -15.4823420854696,-44.3582743612633;-15.4823420854696,-44.3582743612633 -15.482651951857,-44.3579682940324;-15.4830469965921,-44.3581755276402 -15.482651951857,-44.3579682940324;-15.4827887593993,-44.3583640917525 -15.4830469965921,-44.3581755276402;-15.4831272190174,-44.3581519515419 -15.4827152962472,-44.3579000884176;-15.4827152962472,-44.3579000884176 -15.4845161129626,-44.3557316211846 -15.4846055462935,-44.3557494042517;-15.4846055462935,-44.3557494042517 -15.4848716189351,-44.3561831728334;-15.4848716189351,-44.3561831728334 -15.4840854784442,-44.3568407168623;-15.4841193122508,-44.356896443132 -15.4849114213701,-44.3562496203587;-15.4849114213701,-44.3562496203587 -15.4854869621575,-44.3573359968332;-15.4847612381219,-44.3578015356041 -15.4854869621575,-44.3573359968332;-15.4831272190174,-44.3581519515419 -15.4835222417594,-44.3580307929909 -15.4838850224675,-44.3579702760621 -15.4845870825508,-44.3578862043876 -15.4847612381219,-44.3578015356041;-15.4847318227581,-44.355754907829 -15.4855478944897,-44.3572982137027;-15.4859264348388,-44.3562998186557 -15.4859017773732,-44.3562743410168 -15.4857159568221,-44.3561262118598 -15.4850814942319,-44.3558686108806 -15.4847318227581,-44.355754907829;-15.4859264348388,-44.3562998186557 -15.4859264407162,-44.3562998247286 -15.4859267309304,-44.3563001278787 -15.4862807852802,-44.3567090603585;-15.4855478944897,-44.3572982137027 -15.4862807852802,-44.3567090603585;-15.4867075931815,-44.3592823754516 -15.4865348839507,-44.3592364037176 -15.4865779216789,-44.3591371892806 -15.4867075931815,-44.3592823754516;-15.485609696684,-44.3536866558268 -15.4862763415249,-44.3548576777009 -15.4864062843779,-44.3550641183281 -15.4865512308101,-44.3552870222626 -15.4867056942707,-44.3554363380432 -15.4868898279666,-44.3555892835822 -15.4875032653922,-44.3561068708649 -15.4893968910442,-44.3576631917854 -15.489442656035,-44.357629937955 -15.4895280077535,-44.3576953899496;-15.4890599034081,-44.357905175436 -15.489223282257,-44.3578385403099 -15.4893281130888,-44.3577560735232;-15.4884295266122,-44.3572689052735 -15.4886601341747,-44.3574745376793 -15.4888999675953,-44.3576245382265 -15.4890599034081,-44.357905175436;-15.4885800977578,-44.3570888150041 -15.4884295266122,-44.3572689052735;-15.4885800977578,-44.3570888150041 -15.4893281130888,-44.3577560735232;-15.4884960459377,-44.3582361179892 -15.4890014250711,-44.3579472451603;-15.4878106304968,-44.3575843382331 -15.4884960459377,-44.3582361179892;-15.4878106304968,-44.3575843382331 -15.4881971477968,-44.3571419788124;-15.4881971477968,-44.3571419788124 -15.4884049775678,-44.3573226370408 -15.4886133865419,-44.3575449577726 -15.4887335620149,-44.3576079320637 -15.4888446167524,-44.357676469777 -15.4890014250711,-44.3579472451603;-15.4877713186231,-44.3575346928352 -15.4881475567594,-44.357077797504;-15.4872319567995,-44.3569526281204 -15.4875264561438,-44.3573203927928 -15.4877713186231,-44.3575346928352;-15.4872319567995,-44.3569526281204 -15.4875174538292,-44.3566653723819 -15.4875833652553,-44.356639075066 -15.4876695380683,-44.3565525091414;-15.4876695380683,-44.3565525091414 -15.4881475567594,-44.357077797504;-15.4874033996299,-44.3573120096225 -15.4871820243872,-44.3575718000638;-15.485975320073,-44.356278027657 -15.4863303143221,-44.3566811346403 -15.4863611183927,-44.3567150026442 -15.4863611579553,-44.3567150474937 -15.4871820243872,-44.3575718000638;-15.485975320073,-44.356278027657 -15.4861064252916,-44.3561172112616 -15.4864852222633,-44.355831077696;-15.4874033996299,-44.3573120096225 -15.4868037353278,-44.3565851749286 -15.4867885041121,-44.3564884969719 -15.4868313278304,-44.3563876633694 -15.4866943051852,-44.3561959754376 -15.4864852222633,-44.355831077696;-15.4882024072661,-44.3570314904499 -15.4883135661595,-44.3568763900282;-15.4876186767351,-44.3564533964938 -15.4877297629749,-44.3565125328668 -15.4881208855556,-44.3569156565203 -15.4882024072661,-44.3570314904499;-15.4871832612991,-44.3569058458808 -15.4876186767351,-44.3564533964938;-15.4868998673412,-44.3563712447341 -15.4869197940813,-44.3564374356955 -15.4868672980674,-44.3565172477423 -15.486885359432,-44.3565800619058 -15.4871832612991,-44.3569058458808;-15.4868998673412,-44.3563712447341 -15.4872479375152,-44.3559975452808;-15.4872479375152,-44.3559975452808 -15.4883135661595,-44.3568763900282;-15.4885495916014,-44.3570489333585 -15.4883956876275,-44.3572377205377;-15.4882379605898,-44.3570747486207 -15.4883956876275,-44.3572377205377;-15.4882379605898,-44.3570747486207 -15.4883846809467,-44.3569038724846;-15.4883846809467,-44.3569038724846 -15.4885495916014,-44.3570489333585;-15.4872139963714,-44.3559620613578 -15.4868662601197,-44.3563374516464;-15.4868662601197,-44.3563374516464 -15.486741886058,-44.3561674062183 -15.4865525882883,-44.3558188467425;-15.4865525882883,-44.3558188467425 -15.4856483022204,-44.3543328523464 -15.4853902637486,-44.3539650182334;-15.4855712124779,-44.3537810685648 -15.4859856957838,-44.3544940456842 -15.4863512188179,-44.355110227949 -15.4864982916978,-44.3553146064948 -15.4866517719253,-44.3554871895514 -15.486840452074,-44.355644501223 -15.4870610433758,-44.3558283477327 -15.4872139963714,-44.3559620613578;-15.4861279668194,-44.3552094181449 -15.4857014042852,-44.3555288538841;-15.4857014042852,-44.3555288538841 -15.4853221239064,-44.3550199042943;-15.4853221239064,-44.3550199042943 -15.485781881347,-44.354706405261;-15.485781881347,-44.354706405261 -15.4861279668194,-44.3552094181449;-15.4859446670008,-44.3562460971618 -15.4860590719698,-44.3561027466977;-15.4859446670008,-44.3562460971618 -15.4857317473621,-44.3560630496999 -15.4854909416273,-44.3559683064599 -15.4850053825227,-44.3557630294401 -15.4845639863558,-44.3555906717381 -15.4842251078688,-44.3553360681285;-15.4842251078688,-44.3553360681285 -15.4849270556778,-44.3546276171199;-15.4849270556778,-44.3546276171199 -15.4860590719698,-44.3561027466977;-15.4860940463496,-44.3560610844423 -15.4864531703354,-44.3557675731026;-15.4860940463496,-44.3560610844423 -15.4857575834805,-44.3555984858609;-15.4857575834805,-44.3555984858609 -15.4861613092923,-44.3552839254201;-15.4861613092923,-44.3552839254201 -15.4864531703354,-44.3557675731026;-15.4855712124779,-44.3537810685648 -15.4855467527227,-44.3538404456881 -15.4853902637486,-44.3539650182334;-15.4967124123293,-44.3778111640498 -15.4970737429115,-44.3773775673512;-15.4969773244743,-44.377345913192 -15.4966978777615,-44.3776900931572;-15.4970737429115,-44.3773775673512 -15.4972178261763,-44.3773860636617 -15.4982176249727,-44.3782653323949;-15.4944910257246,-44.3757890874099 -15.4951489311981,-44.3750012437344;-15.4951489311981,-44.3750012437344 -15.4955728694462,-44.3754095940719 -15.4955953025595,-44.375456292221;-15.4947753043566,-44.3763689280212 -15.4952328182058,-44.3758723725493 -15.4955953025595,-44.375456292221;-15.4944910257246,-44.3757890874099 -15.4947753043566,-44.3763689280212;-15.4952012907138,-44.3749614309784 -15.495668105925,-44.3744335962731;-15.495668105925,-44.3744335962731 -15.4960864160541,-44.3747986179078;-15.4960864160541,-44.3747986179078 -15.4956067628152,-44.3753543256739;-15.4952012907138,-44.3749614309784 -15.4956067628152,-44.3753543256739;-15.4957082229228,-44.3743927853663 -15.4959772252461,-44.3740861229981;-15.4959772252461,-44.3740861229981 -15.496373928567,-44.3744833370825;-15.496373928567,-44.3744833370825 -15.4961176175966,-44.374765327988;-15.4957082229228,-44.3743927853663 -15.4961176175966,-44.374765327988;-15.4960224877364,-44.3740352026316 -15.4964710695482,-44.3735580481229;-15.4964710695482,-44.3735580481229 -15.4968509812943,-44.3738948900837;-15.4968509812943,-44.3738948900837 -15.4964034155012,-44.3744284499028;-15.4960224877364,-44.3740352026316 -15.4964034155012,-44.3744284499028;-15.4965297835993,-44.3734940823782 -15.4972417451714,-44.3727369947981;-15.4972417451714,-44.3727369947981 -15.4975682149506,-44.373061672631;-15.4975682149506,-44.373061672631 -15.4968851738049,-44.3738002350115;-15.4965297835993,-44.3734940823782 -15.4968851738049,-44.3738002350115;-15.4973088805806,-44.3726725960493 -15.4974744953255,-44.3725002482481;-15.4987053292796,-44.3738197285209 -15.4980439518543,-44.3731000593899 -15.4974744953255,-44.3725002482481;-15.4985194496196,-44.3739991636693 -15.4987053292796,-44.3738197285209;-15.4973088805806,-44.3726725960493 -15.4985194496196,-44.3739991636693;-15.4976231866793,-44.3731315781423 -15.496954078044,-44.3738810886139;-15.4976231866793,-44.3731315781423 -15.4979805719888,-44.3735208434462;-15.4979805719888,-44.3735208434462 -15.4973715481089,-44.3742752411377;-15.496954078044,-44.3738810886139 -15.4973715481089,-44.3742752411377;-15.4969092830787,-44.373938651444 -15.4964230457593,-44.3744997592098 -15.4964224866433,-44.3745004232796 -15.4964224196526,-44.3745005028475 -15.4964220781209,-44.3745009078803 -15.4964218452666,-44.3745011552834 -15.4961637911751,-44.3747962039871;-15.4969092830787,-44.373938651444 -15.4973344663038,-44.374326593956;-15.4973344663038,-44.374326593956 -15.4965839310554,-44.3751974439954;-15.4961637911751,-44.3747962039871 -15.4965839310554,-44.3751974439954;-15.4961331687024,-44.3748418300827 -15.4956392717692,-44.3754062402524;-15.4961331687024,-44.3748418300827 -15.4965522458518,-44.3752560292766;-15.4965522458518,-44.3752560292766 -15.4959554087183,-44.375947257704;-15.4956392717692,-44.3754062402524 -15.4959554087183,-44.375947257704;-15.4948098964666,-44.376425133138 -15.495268452435,-44.3759146399242 -15.495620946673,-44.375515941198;-15.495620946673,-44.375515941198 -15.495916909035,-44.3760136022662;-15.495916909035,-44.3760136022662 -15.4958995069886,-44.3761205411588 -15.4955016172656,-44.3765751585654 -15.4951151297496,-44.376966091074;-15.4951151297496,-44.376966091074 -15.4948098964666,-44.376425133138;-15.495154931972,-44.3770384225249 -15.4955393719868,-44.3766235483484 -15.4959323225169,-44.3761475929035 -15.4959578787802,-44.37606677269;-15.4959578787802,-44.37606677269 -15.4962348504551,-44.3766292573654;-15.4962348504551,-44.3766292573654 -15.4954591602158,-44.3776056898722;-15.4954591602158,-44.3776056898722 -15.495154931972,-44.3770384225249;-15.4954888892018,-44.3776670577096 -15.4959441853867,-44.377116104566;-15.4959441853867,-44.377116104566 -15.4963937534256,-44.3775500493931;-15.4959869861301,-44.3770650716136 -15.4964592901924,-44.3774994578774 -15.4966978777615,-44.3776900931572;-15.4959869861301,-44.3770650716136 -15.4962615995934,-44.3767034386334;-15.4962615995934,-44.3767034386334 -15.4969773244743,-44.377345913192;-15.4963937534256,-44.3775500493931 -15.4959741862301,-44.3780036439956 -15.4958016666667,-44.378215;-15.4958016666667,-44.378215 -15.4954888892018,-44.3776670577096;-15.4958204275232,-44.3782641965098 -15.4960081462397,-44.3780383697283 -15.4964415204785,-44.3775962216146;-15.4964415204785,-44.3775962216146 -15.4967124123293,-44.3778111640498;-15.4969142590683,-44.3796414903436 -15.4982176249727,-44.3782653323949;-15.4969142590683,-44.3796414903436 -15.4961655696078,-44.3788708696323 -15.4958204275232,-44.3782641965098;-15.4906869243387,-44.370420596429 -15.4909595271398,-44.3714101540938;-15.4909595271398,-44.3714101540938 -15.4905202700758,-44.371504257757;-15.4905202700758,-44.371504257757 -15.4903158266544,-44.3706818296674;-15.4903158266544,-44.3706818296674 -15.4906869243387,-44.370420596429;-15.4909781432427,-44.3714512953152 -15.4911351010341,-44.3719148034007;-15.4911351010341,-44.3719148034007 -15.4906668950862,-44.3720761570945;-15.4906668950862,-44.3720761570945 -15.4905321367584,-44.3715516855666;-15.4905321367584,-44.3715516855666 -15.4909781432427,-44.3714512953152;-15.4911540565895,-44.3719569260661 -15.491324308669,-44.3725501379967;-15.4893083001999,-44.3736182056398 -15.491324308669,-44.3725501379967;-15.4892225451183,-44.3727139371499 -15.4893083001999,-44.3736182056398;-15.4892225451183,-44.3727139371499 -15.4906492586274,-44.3721616754069 -15.4911540565895,-44.3719569260661;-15.4913472076861,-44.3726073855394 -15.4915778834795,-44.3732752244094;-15.4894166838334,-44.3743215209536 -15.4915778834795,-44.3732752244094;-15.4893157017423,-44.3736985436968 -15.4893482380063,-44.3739962392969 -15.4894166838334,-44.3743215209536;-15.4893157017423,-44.3736985436968 -15.4913472076861,-44.3726073855394;-15.4915970107838,-44.3733769736189 -15.4918447173719,-44.3738974004328;-15.4895590104646,-44.3750297269579 -15.4913252509059,-44.3741050070115 -15.4918447173719,-44.3738974004328;-15.4894318634338,-44.3744178583471 -15.4895408555286,-44.3747946188819 -15.4895590104646,-44.3750297269579;-15.4894318634338,-44.3744178583471 -15.4915970107838,-44.3733769736189;-15.4919167879711,-44.3739967576136 -15.4924795015916,-44.3748460624669 -15.4925287777859,-44.3751374161221 -15.4926023315373,-44.3757961120957 -15.492718859165,-44.376474526459;-15.4903574790322,-44.3785388875811 -15.4908109429374,-44.3781308064611 -15.4908111406368,-44.378130630848 -15.492718859165,-44.376474526459;-15.4895751959838,-44.3751254185193 -15.489535468882,-44.3753411153924 -15.489474368433,-44.3763604260287 -15.4894918050812,-44.3769960152897 -15.4895028726192,-44.3777474407208 -15.4903574790322,-44.3785388875811;-15.4895751959838,-44.3751254185193 -15.4913762394094,-44.3742161347639 -15.4919167879711,-44.3739967576136;-15.4927407671707,-44.3765201324184 -15.4929622054946,-44.3772697858829;-15.4908825191508,-44.3790117761185 -15.4922218039064,-44.3778923817693 -15.4929622054946,-44.3772697858829;-15.4903900823454,-44.378579869019 -15.4908825191508,-44.3790117761185;-15.4903900823454,-44.378579869019 -15.4908408349866,-44.3781703155532 -15.4927407671707,-44.3765201324184;-15.4907077960666,-44.3801757647008 -15.4913179464254,-44.3795458468884;-15.4907077960666,-44.3801757647008 -15.4905271193551,-44.379949512344 -15.4904177578266,-44.3798256084125 -15.4900891792425,-44.3796356481977 -15.4897508943745,-44.3794091091419 -15.4896769894052,-44.3793287013222 -15.4892472533571,-44.3788169686812 -15.4892476723348,-44.3788170462641;-15.4892476723348,-44.3788170462641 -15.4895859515379,-44.3788527288204 -15.4896585542174,-44.3788392019539 -15.4897304027822,-44.378795128723 -15.4900919141261,-44.378396414434;-15.4900919141261,-44.378396414434 -15.4913179464254,-44.3795458468884;-15.4894710449826,-44.3778397042323 -15.4893743209654,-44.3782240600945 -15.4891951639728,-44.3787435389266;-15.4900429923381,-44.3783448236703 -15.4894710449826,-44.3778397042323;-15.4891951639728,-44.3787435389266 -15.4895549536565,-44.3787801811806 -15.4896285009204,-44.3787570955579 -15.4897100560788,-44.3787121379307 -15.4900429923381,-44.3783448236703;-15.4904808039489,-44.3715642442389 -15.4906046506399,-44.372113195832;-15.4906046506399,-44.372113195832 -15.4892150943291,-44.3726321507206;-15.4892150943291,-44.3726321507206 -15.4891766797809,-44.3722319813561;-15.4891766797809,-44.3722319813561 -15.4895035982984,-44.3721316914509 -15.4895197033955,-44.371962330363 -15.4896740754781,-44.3718505039517 -15.4898755196665,-44.3717449979111;-15.4898755196665,-44.3717449979111 -15.4904808039489,-44.3715642442389;-15.4902481294369,-44.3707529001705 -15.4904475640875,-44.3715152670321;-15.4904475640875,-44.3715152670321 -15.4898833333333,-44.3716866666667;-15.4898833333333,-44.3716866666667 -15.4898631276202,-44.3716300653528 -15.4898554791892,-44.3715420317474 -15.4898705174078,-44.3714886829523 -15.4898725549049,-44.3714360100342 -15.489831752476,-44.3713667106708 -15.4897016221122,-44.3711776475689;-15.4897016221122,-44.3711776475689 -15.4899533964094,-44.3709768652947 -15.4902481294369,-44.3707529001705;-15.4896667574869,-44.3712047765982 -15.4897881849274,-44.3713822735083 -15.4898194469816,-44.3714450772406 -15.4898182306102,-44.3714951527741 -15.4898011049669,-44.3715469236084 -15.489825118662,-44.3716341180434 -15.4898364801634,-44.3717029099417;-15.4898364801634,-44.3717029099417 -15.4896432967265,-44.3718147495074 -15.4894521564343,-44.3719379880616 -15.4894438055725,-44.3720894965545 -15.4891718031261,-44.3721674458196;-15.4891718031261,-44.3721674458196 -15.4891272157228,-44.3716527109024;-15.4891272157228,-44.3716527109024 -15.4896667574869,-44.3712047765982;-15.4803667112716,-44.3860212502467 -15.4804011377865,-44.3860207917231;-15.4819662342511,-44.3824626336965 -15.4819770694198,-44.3824951639298;-15.4856154205307,-44.3845096263853 -15.4854910702711,-44.3843179197351 -15.4853485855987,-44.3842065226276 -15.4852061009263,-44.3840381316511;-15.4842752064277,-44.3848714168096 -15.4851108952589,-44.3840135206623 -15.4853570051476,-44.3838166327513 -15.485512442972,-44.3835394352977 -15.4856419744924,-44.3833555005388 -15.4858932656419,-44.3830238998466;-15.4852061009263,-44.3840381316511 -15.4854036364949,-44.3838580828378 -15.4855772087322,-44.3835705228626 -15.4857041496221,-44.3833943599949 -15.4859424876196,-44.3830679405635;-15.4830582823049,-44.3966845006478 -15.4831070896307,-44.3966708846602 -15.4831783955842,-44.3966804250857;-15.4805204626568,-44.3857844562031 -15.4804665769242,-44.3858950303967;-15.4804665769242,-44.3858950303967 -15.4804252592024,-44.3859030931615;-15.4847125858337,-44.3853671250501 -15.4843239912726,-44.3849318991417;-15.480320952278,-44.3861029714981 -15.4803578479402,-44.3860922253789;-15.4847125858337,-44.3853671250501 -15.4849301987879,-44.3851754184 -15.4853472902835,-44.3847816425781 -15.4855623126073,-44.3845562577326;-15.4855623126073,-44.3845562577326 -15.4854431436086,-44.3843852761257 -15.4852851151537,-44.3842635164966 -15.485152993003,-44.3841003067809;-15.4843239912726,-44.3849318991417 -15.485152993003,-44.3841003067809;-15.4847618078115,-44.3854318908103 -15.4849735918473,-44.3852272310081 -15.4854088177557,-44.3848489989686 -15.4857507809695,-44.3844811294508 -15.4859340680708,-44.3842479727141 -15.4862449437197,-44.3838308812185 -15.4864470128915,-44.3836184495251 -15.4866018030583,-44.3834468202606;-15.4826112214187,-44.381197111724 -15.4823890908364,-44.3816431202452 -15.4821281486515,-44.3821880268734 -15.4819770694198,-44.3824951639298;-15.4774201576301,-44.3927151286788 -15.4776294772518,-44.3928260935263 -15.4778037793231,-44.3929412378322 -15.4779435678253,-44.3930417286368 -15.4781139068629,-44.3931718273267 -15.4790408636725,-44.393620324899 -15.4794523962365,-44.3938150638321 -15.4796432310121,-44.3939344348777 -15.4800191906221,-44.3942414745377 -15.4807578984579,-44.3948653825755 -15.4820426538376,-44.3959795092975 -15.4828179444767,-44.3965959696795 -15.4829821256787,-44.3966723932765 -15.4830582823049,-44.3966845006478;-15.4803667112716,-44.3860212502467 -15.4803941748633,-44.3859718826874;-15.480517388146,-44.3857291001746 -15.4809678718405,-44.3847979713575;-15.4798368817589,-44.3871461796444 -15.4797980380766,-44.387130029859 -15.480320952278,-44.3861029714981;-15.4808866295079,-44.3863856475863 -15.480418049233,-44.3861201079695;-15.4813124670613,-44.3857124777479 -15.4812402505585,-44.3857638962885 -15.4808866295079,-44.3863856475863;-15.4819296820757,-44.3869640058247 -15.4820812339546,-44.3866570161214;-15.4809639450636,-44.3848640054528 -15.4805469945883,-44.3857332468549;-15.4817833114577,-44.3862813747124 -15.4820812339546,-44.3866570161214;-15.4815320203082,-44.3867399162945 -15.4817833114577,-44.3862813747124;-15.4819296820757,-44.3869640058247 -15.4815320203082,-44.3867399162945;-15.4803578479402,-44.3860922253789 -15.4798368817589,-44.3871461796444;-15.4829437587935,-44.3878610910597 -15.4816745049806,-44.3902178376164 -15.481524248417,-44.3903778090441;-15.4809510714393,-44.3864277453304 -15.4812969205987,-44.3858306050215 -15.4813733441957,-44.3857852689893;-15.4814873319337,-44.3867088287296 -15.4809510714393,-44.3864277453304;-15.4814873319337,-44.3867088287296 -15.4817489856048,-44.3862489918323;-15.4803639698232,-44.3861926456209 -15.4808639614919,-44.3864517086617;-15.4801139739889,-44.3866926372895 -15.4803639698232,-44.3861926456209;-15.4815211480049,-44.3902749975157 -15.4816273638516,-44.3901564761745 -15.4828895106417,-44.3877975411583;-15.4806178516032,-44.3869478143847 -15.4801139739889,-44.3866926372895;-15.4828895106417,-44.3877975411583 -15.4821175632876,-44.3867701638952;-15.4804312982481,-44.3859589386284 -15.4803941748633,-44.3859718826874;-15.4805591038459,-44.3900146079679 -15.481235906678,-44.3903103264025 -15.481425805061,-44.3903776276573 -15.481524248417,-44.3903778090441;-15.4806003537964,-44.3899171092669 -15.4814193278855,-44.3902858416646 -15.4815211480049,-44.3902749975157;-15.4792095058551,-44.3922965803388 -15.4793429376139,-44.3922042034813 -15.4794284284174,-44.3920902157434 -15.4796330882195,-44.3916446273133 -15.4799206481948,-44.3911005949277 -15.480361055364,-44.3904451654347 -15.4805591038459,-44.3900146079679;-15.4819319145445,-44.3826444784318 -15.4817465687304,-44.3831456957247 -15.4816979594033,-44.3833053476826 -15.4814831626373,-44.3837890364652;-15.4809678718405,-44.3847979713575 -15.4809639450636,-44.3848640054528;-15.4774201576301,-44.3927151286788 -15.4774469199845,-44.3926549731722 -15.4774598731365,-44.3925746636296 -15.4774598731365,-44.3924956494021 -15.4774533965605,-44.392430883642 -15.4774532569586,-44.3923760159164;-15.4827016769668,-44.3810033162736 -15.4826112214187,-44.381197111724;-15.4826698247831,-44.3809988682838 -15.4827016769668,-44.3810033162736;-15.4814637291574,-44.3838356854704 -15.4812148484763,-44.384349129399 -15.4811797543787,-44.3844235161048;-15.4804252592024,-44.3859030931615 -15.4804964866393,-44.3857749418849;-15.4814412302289,-44.3838135028485 -15.4814637291574,-44.3838356854704;-15.480517388146,-44.3857291001746 -15.4805469945883,-44.3857332468549;-15.4804964866393,-44.3857749418849 -15.4805204626568,-44.3857844562031;-15.4814651091816,-44.3837705782235 -15.4814831626373,-44.3837890364652;-15.4904252988246,-44.3800011799968 -15.490334598777,-44.3798975420319 -15.4900310619783,-44.3796973369094 -15.4896742447841,-44.3794890589996 -15.4896056260929,-44.3793938001107 -15.4891252838504,-44.3788151792221;-15.4806178516032,-44.3869478143847 -15.4808639614919,-44.3864517086617;-15.4875487731964,-44.3836007134885 -15.4868074564627,-44.3841290362646;-15.4853279036212,-44.3805188390431 -15.4856349312159,-44.3807811425286 -15.4864548657399,-44.3808782911689;-15.4848037725116,-44.3810060700047 -15.4849225078539,-44.3809663726027 -15.4850494487439,-44.3808964255817 -15.4851297582865,-44.3807798472134 -15.4852726766154,-44.380600636346;-15.4854165056505,-44.3861102038155 -15.4847618078115,-44.3854318908103;-15.4805867640383,-44.3870002746504 -15.4803458354104,-44.3874691787542 -15.4803944384066,-44.3874944087245;-15.4800880839144,-44.3867562378193 -15.4805867640383,-44.3870002746504;-15.4817489856048,-44.3862489918323 -15.4813733441957,-44.3857852689893;-15.4791404195509,-44.3921740950425 -15.4792593741453,-44.3921555604554 -15.4793454600157,-44.3920754115416 -15.4795378333038,-44.3916541168286;-15.4809128596408,-44.3864821485689 -15.4818972009253,-44.3870228899947;-15.4804312982481,-44.3859589386284 -15.4804011377865,-44.3860207917231;-15.4814651091816,-44.3837705782235 -15.4816751548437,-44.383295109515 -15.4819101518034,-44.3826233092031;-15.4803944384066,-44.3874944087245 -15.4809128596408,-44.3864821485689;-15.4821097894944,-44.3821777823175 -15.4823688370706,-44.38163491466 -15.4825868601156,-44.3811907813659 -15.4825869417044,-44.3811906134221 -15.4825875489291,-44.3811892322865 -15.4825878222416,-44.3811885143754 -15.4826698247831,-44.3809988682838;-15.4812020897202,-44.3843397768621 -15.4814412302289,-44.3838135028485;-15.4819101518034,-44.3826233092031 -15.4819319145445,-44.3826444784318;-15.4819662342511,-44.3824626336965 -15.4821097321842,-44.3821779024185;-15.4812020897202,-44.3843397768621 -15.4811682328199,-44.3844118580695 -15.4811797543787,-44.3844235161048;-15.4865544430961,-44.3834054511313 -15.4863874283921,-44.383579590069 -15.4861853592203,-44.383789431132 -15.4858822554627,-44.3842013413668 -15.4857009113341,-44.3844215449514 -15.4856154205307,-44.3845096263853;-15.4829437587935,-44.3878610910597 -15.4832614790003,-44.3882360461913 -15.483575970439,-44.388605158714;-15.4831783955842,-44.3966804250857 -15.4833097419523,-44.3958257411404 -15.483340024815,-44.395574276928 -15.4835533797962,-44.3943692238957 -15.4838246665166,-44.3927267538654 -15.4840024644704,-44.3916960900776 -15.4840717078454,-44.3912899250714 -15.4841031302284,-44.3910130439034 -15.4841682874803,-44.3904045942732 -15.4841587927859,-44.3900833147953 -15.4841207724334,-44.3898275607114 -15.4840504475869,-44.3895199024439 -15.4839495682945,-44.3892178127907 -15.4837725327823,-44.388917874255 -15.483575970439,-44.388605158714;-15.4777461098909,-44.3914568135538 -15.477541064256,-44.3919107323677 -15.4774895257843,-44.3920771078445 -15.4774837992867,-44.3922791352091 -15.4774532569586,-44.3923760159164;-15.4792095058551,-44.3922965803388 -15.4791353633525,-44.392253425459 -15.4785633266411,-44.3919043660764 -15.4777461098909,-44.3914568135538;-15.4806003537964,-44.3899171092669 -15.4806890820049,-44.3895995556786 -15.4821175632876,-44.3867701638952;-15.4795378333038,-44.3916541168286 -15.4785161798265,-44.3910892596544 -15.4780314295769,-44.3908711942043;-15.4791404195509,-44.3921740950425 -15.4786051152797,-44.3918464637038 -15.478604933658,-44.3918463564145 -15.4777804358398,-44.3913933377428;-15.4780314295769,-44.3908711942043 -15.4777804358398,-44.3913933377428;-15.4782629657416,-44.3903583306138 -15.4798204351013,-44.3911109747862;-15.4795721480522,-44.3915847367092 -15.4798204351013,-44.3911109747862;-15.4795721480522,-44.3915847367092 -15.4785521886271,-44.3910263626478 -15.4785520867286,-44.3910263056611 -15.4780655610239,-44.3907914755563;-15.4782629657416,-44.3903583306138 -15.4780655610239,-44.3907914755563;-15.4809761651204,-44.3850017876068 -15.4811214053886,-44.3853798353306 -15.4813124670613,-44.3857124777479;-15.4783008202172,-44.3902759922861 -15.4798708535384,-44.3910204700543 -15.4802720024438,-44.3903972387721 -15.4805563707035,-44.3898424507221 -15.480614754687,-44.3895817131693 -15.4818972009253,-44.3870228899947;-15.4800880839144,-44.3867562378193 -15.4790059969274,-44.3889608567917 -15.4783008202172,-44.3902759922861;-15.4809761651204,-44.3850017876068 -15.480418049233,-44.3861201079695;-15.4815176911638,-44.383858713042 -15.4820293543118,-44.3843772302182;-15.4815321207094,-44.3848373990839 -15.4820293543118,-44.3843772302182;-15.4815578194579,-44.3848682479758 -15.4820658198057,-44.3844258049022;-15.4820658198057,-44.3844258049022 -15.4825060544179,-44.3848624426426;-15.481462897509,-44.3857759965157 -15.4825060544179,-44.3848624426426;-15.4810460299389,-44.3848730240867 -15.4812170766018,-44.3853440612363 -15.4814223806948,-44.3857221186031 -15.481462897509,-44.3857759965157;-15.4815176911638,-44.383858713042 -15.4812609485157,-44.3844218427331 -15.4812608900901,-44.3844219706519 -15.4812606353185,-44.3844225059135 -15.4810460299389,-44.3848730240867;-15.4825336534012,-44.3849196699461 -15.4828821814762,-44.3853334303548;-15.48187986414,-44.3863032959082 -15.4828821814762,-44.3853334303548;-15.4815107611527,-44.3858330507452 -15.48187986414,-44.3863032959082;-15.4815107611527,-44.3858330507452 -15.4825336529081,-44.3849196694391;-15.4829408871154,-44.3853963416216 -15.4833363257198,-44.3858111321512;-15.482299995505,-44.386812148141 -15.4833363257198,-44.3858111321512;-15.4819310086005,-44.3863559191171 -15.482299995505,-44.386812148141;-15.4819310086005,-44.3863559191171 -15.4829408871154,-44.3853963416216;-15.4838045702542,-44.386296459141 -15.4834185380684,-44.3859047137148;-15.4827002279712,-44.3873606362998 -15.4838045702542,-44.386296459141;-15.4823509623374,-44.3868953309861 -15.4827002279712,-44.3873606362998;-15.4823509623374,-44.3868953309861 -15.4834185380684,-44.3859047137148;-15.4842662150106,-44.3850233632526 -15.4846439221879,-44.3854299397683;-15.4838642565106,-44.3862296317931 -15.4846439221879,-44.3854299397683;-15.4834905277259,-44.3858167368554 -15.4838642565106,-44.3862296317931;-15.4834905277259,-44.3858167368554 -15.4842662150106,-44.3850233632526;-15.4838276788717,-44.3845523380254 -15.4841909595558,-44.3849525290559;-15.4834229251718,-44.385729118181 -15.4841909595558,-44.3849525290559;-15.483054492199,-44.385332702957 -15.4834229251718,-44.385729118181;-15.483054492199,-44.385332702957 -15.4838276788717,-44.3845523380254;-15.4833571164087,-44.3840560346224 -15.4837485435412,-44.3844787138659;-15.4829606268231,-44.3852477433416 -15.4837485435412,-44.3844787138659;-15.4826159224227,-44.3848481112258 -15.4829606268231,-44.3852477433416;-15.4826159224227,-44.3848481112258 -15.4833571164087,-44.3840560346224;-15.4828956092776,-44.3835736054532 -15.483296842846,-44.3839815016101;-15.4825502869398,-44.384774374848 -15.483296842846,-44.3839815016101;-15.4821400690388,-44.384375083514 -15.4825502869398,-44.384774374848;-15.4821400690388,-44.384375083514 -15.4828956092776,-44.3835736054532;-15.4819879978739,-44.3826867052754 -15.4828497956799,-44.3835147078964;-15.4820817607321,-44.3843260850382 -15.4828497956799,-44.3835147078964;-15.4815632878759,-44.3837776559731 -15.4820817607321,-44.3843260850382;-15.4819879978739,-44.3826867052754 -15.4816777823231,-44.3835485024203 -15.4815632878759,-44.3837776559731;-15.4827803259529,-44.3809876938703 -15.48472652356,-44.3809974030055;-15.48472652356,-44.3809974030055 -15.4842127935776,-44.3819967583862 -15.4839148356433,-44.3817681294927;-15.483881873716,-44.3818244962521 -15.4842281765143,-44.3820942028528 -15.4848037725116,-44.3810060700047;-15.4852726766154,-44.380600636346 -15.485607879819,-44.3808574028523 -15.4864344587244,-44.3809637052723;-15.4873023657892,-44.3778944035147 -15.4865862465895,-44.3783952095079 -15.4857497125601,-44.3788697967509 -15.4856512012129,-44.3789338291266 -15.4855920944045,-44.3790027870696 -15.485557615433,-44.3791012984169 -15.4855083597594,-44.3794116091606 -15.4853279036212,-44.3805188390431;-15.4891252838504,-44.3788151792221 -15.4889528714177,-44.3787658804684 -15.4886709898934,-44.3787410861662 -15.4884969342343,-44.378675815294 -15.4879906628143,-44.3782774377832 -15.4874185600978,-44.3779364796586 -15.4873023657892,-44.3778944035147;-15.4892982079387,-44.3807796689023 -15.4896766752454,-44.3805239498209 -15.4904252988246,-44.3800011799968;-15.4895345246662,-44.3824391387213 -15.4895395186319,-44.3824254053119 -15.4893438691815,-44.3815969421912 -15.489286383581,-44.3812854602877 -15.4892704298731,-44.3810515434303 -15.4892982079387,-44.3807796689023;-15.488624228901,-44.3842525209371 -15.4887863140467,-44.3839614682062 -15.4894920726737,-44.3825558816968 -15.4895345246662,-44.3824391387213;-15.4868074564627,-44.3841290362646 -15.4869016792012,-44.3840839465964 -15.4870395164406,-44.3841145156105 -15.4871617657725,-44.3841107130433 -15.4872906653018,-44.3840494757292 -15.4875143505637,-44.3839444212878 -15.4876417001906,-44.3839079920847 -15.4877840253338,-44.3838804734947 -15.487883511919,-44.3838552037067 -15.48797491356,-44.3838581817588 -15.4884687637619,-44.384146061869 -15.488624228901,-44.3842525209371;-15.4854165056505,-44.3861102038155 -15.4854994961199,-44.3859811778143 -15.485621312712,-44.3857906311924 -15.4865738691975,-44.3843088566438 -15.4867981458361,-44.384047292916 -15.4875175909073,-44.3835523884497;-15.4820158825353,-44.3826024686597 -15.4821953335127,-44.3827868037966 -15.4829498400635,-44.3834557293349 -15.4842752064277,-44.3848714168096;-15.4827803259529,-44.3809876938703 -15.4826051197506,-44.3813430416791 -15.4823088856016,-44.3819456308968 -15.4820158825353,-44.3826024686597;-15.4796763965085,-44.3726532430444 -15.4794527641434,-44.3720510941803;-15.4789233923555,-44.3730105739589 -15.4793735713549,-44.3727569247078 -15.4796763965085,-44.3726532430444;-15.4786937111209,-44.3723767408845 -15.4786910776038,-44.3724379632562 -15.4789233923555,-44.3730105739589;-15.4786937111209,-44.3723767408845 -15.4794527641434,-44.3720510941803;-15.4803363650787,-44.3750121018916 -15.4802560241726,-44.3745956667583 -15.4802560187831,-44.3745956291544 -15.4801858279225,-44.374269097074 -15.4799110269182,-44.3733457199164 -15.4796946396159,-44.3727139722847;-15.4803363650787,-44.3750121018916 -15.4792610846552,-44.3754129128723;-15.4792610846552,-44.3754129128723 -15.4788641429255,-44.374835536714 -15.4783794659734,-44.3742616693132;-15.4783794659734,-44.3742616693132 -15.4788995548464,-44.3737869841267;-15.4788995548464,-44.3737869841267 -15.4785948804358,-44.37341937236;-15.4785948804358,-44.37341937236 -15.4789460120868,-44.3730785724106 -15.4793951246947,-44.3728169178753 -15.4796946396159,-44.3727139722847;-15.4805371594429,-44.3755725191995 -15.4803545266319,-44.3751167510894;-15.4805371594429,-44.3755725191995 -15.478868484871,-44.3768079354903;-15.4785520976285,-44.3757838587805 -15.478868484871,-44.3768079354903;-15.4803545266319,-44.3751167510894 -15.4793016485187,-44.3755153602533 -15.4793015498896,-44.3755153939207 -15.4789980914324,-44.3756225028374 -15.4785520976285,-44.3757838587805;-15.4822247122155,-44.3787287385962 -15.481608729535,-44.3776094121028 -15.4810408629569,-44.3765491290805 -15.4805796056998,-44.375678934991;-15.4819323824546,-44.3824082869222 -15.4817943116644,-44.3824252350578 -15.4815516732322,-44.382584081499 -15.4811883918707,-44.3828463448518 -15.4808921980101,-44.3830763112307 -15.480627198011,-44.3834485596291 -15.4804762795298,-44.3836146866255;-15.4788839909856,-44.3817264876445 -15.4791738485536,-44.3821862395665 -15.4804762795298,-44.3836146866255;-15.4788839909856,-44.3817264876445 -15.4783290183931,-44.3804150924641 -15.4778286470416,-44.379217311743 -15.4773395843917,-44.378014372348;-15.4785626635236,-44.3771932496615 -15.4776747800478,-44.3778757562442 -15.4773395843917,-44.378014372348;-15.4805796056998,-44.375678934991 -15.4796205762675,-44.3763806841577 -15.4788780004154,-44.376948167457 -15.4785626635236,-44.3771932496615;-15.4822247122155,-44.3787287385962 -15.4817706389992,-44.3790020844568;-15.4817706389992,-44.3790020844568 -15.4811533161661,-44.377814846085;-15.4816919136116,-44.3790376352216 -15.4810822163635,-44.3778573544201;-15.4813010348373,-44.3792421259659 -15.4816919136116,-44.3790376352216;-15.4806482510313,-44.3780551618013 -15.4813010348373,-44.3792421259659;-15.4805882028194,-44.3780861171698 -15.4812606325983,-44.3792732431268;-15.4809041516698,-44.3794869721847 -15.4812606325983,-44.3792732431268;-15.4802343537007,-44.3782947981433 -15.4809041516698,-44.3794869721847;-15.4801716852069,-44.3783325925337 -15.4808244020214,-44.3795300369949;-15.4805243501349,-44.3797376561626 -15.4808244020214,-44.3795300369949;-15.4798441716425,-44.3785297169934 -15.4805243501349,-44.3797376561626;-15.4797738463719,-44.3785726629039 -15.4804316276037,-44.3797820261533;-15.4801050503271,-44.3799816802214 -15.4804316276037,-44.3797820261533;-15.4794409068881,-44.3787595721816 -15.4801050503271,-44.3799816802214;-15.479378904967,-44.3787983243815 -15.4800172192443,-44.3800234595818;-15.4797059925417,-44.3801898218713 -15.4800172192443,-44.3800234595818;-15.4789999272781,-44.3789727931675 -15.4797059925417,-44.3801898218713;-15.4789539885643,-44.3790014786408 -15.479629093518,-44.380232026387;-15.4792799449998,-44.3804315456422 -15.479629093518,-44.380232026387;-15.4788201476271,-44.3795758245356 -15.4792799449998,-44.3804315456422;-15.4787472224787,-44.3796139087455 -15.4791915092018,-44.3804878599355;-15.4791915092018,-44.3804878599355 -15.4787639214818,-44.3807611598822;-15.4788143275744,-44.3808476185089 -15.4792358856284,-44.3805771844076;-15.480000463986,-44.38195438395 -15.4792358856284,-44.3805771844076;-15.480101256205,-44.3819000656771 -15.4793312382513,-44.3805179863248;-15.4793312382513,-44.3805179863248 -15.4796805461954,-44.3803152345079;-15.4796805461954,-44.3803152345079 -15.4803239028075,-44.3815578688817;-15.4804015004246,-44.3815184713138 -15.4797473283426,-44.3802701334631;-15.4797473283426,-44.3802701334631 -15.4800673895819,-44.3801089524344;-15.4806359325227,-44.3811525853145 -15.4800673895819,-44.3801089524344;-15.4807112658807,-44.3811080834706 -15.4801576180869,-44.3800626680423;-15.4801576180869,-44.3800626680423 -15.4804945153683,-44.3798595621951;-15.4810216256388,-44.3807863339083 -15.4804945153683,-44.3798595621951;-15.4810782479184,-44.3807488587319 -15.480561992566,-44.3798253586921;-15.480561992566,-44.3798253586921 -15.4808855145056,-44.3796140984668;-15.4813079698945,-44.3803930861221 -15.4808855145056,-44.3796140984668;-15.4813790852962,-44.3803538658021 -15.4809465687847,-44.3795627998473;-15.4809465687847,-44.3795627998473 -15.4813053159181,-44.3793587924941;-15.4816315317708,-44.3799527504588 -15.4813053159181,-44.3793587924941;-15.4816877414823,-44.3799191203795 -15.4813552659411,-44.3793289753534;-15.4817435334609,-44.3791192978111 -15.4813552659411,-44.3793289753534;-15.4819712220662,-44.3795280550142 -15.4817435334609,-44.3791192978111;-15.481800557449,-44.3790904084255 -15.4820299146331,-44.3794988328681;-15.4822588667354,-44.3788194890462 -15.481800557449,-44.3790904084255;-15.4822588667354,-44.3788194890462 -15.4823793086863,-44.3789643072833 -15.482610239336,-44.3793812827591 -15.4827330188567,-44.379675730487 -15.4827681964023,-44.3799763433117 -15.4827599642723,-44.3802501779493 -15.4827282717504,-44.3805144626314 -15.4826172162479,-44.3809456425138 -15.4819323824546,-44.3824082869222;-15.4818917590904,-44.3824802439141 -15.481720382886,-44.3829677312809 -15.4814043912815,-44.383724270705 -15.4811244045657,-44.3843424335715;-15.4805233603523,-44.3836590088643 -15.4811244045657,-44.3843424335715;-15.4818917590904,-44.3824802439141 -15.4818180712872,-44.3824854141186 -15.4815802016218,-44.3826393864318 -15.4812308079351,-44.3828980536208 -15.4809284025477,-44.3831218677156 -15.4806671332285,-44.3834838750117 -15.4805233603523,-44.3836590088643;-15.4784622822388,-44.3771179975285 -15.4782854824117,-44.3772679525198 -15.4779753217127,-44.377544969763 -15.4776519471618,-44.3777823079072 -15.4773046663046,-44.3779329664991;-15.4770825204695,-44.3773942024874 -15.4773046663046,-44.3779329664991;-15.4770825204695,-44.3773942024874 -15.4783015065056,-44.3768088191999;-15.4784622822388,-44.3771179975285 -15.4784342270934,-44.3769884781054 -15.4783015065056,-44.3768088191999;-15.477048222808,-44.3772895169623 -15.4782285434224,-44.3767575658329;-15.4768288213092,-44.3767308557346 -15.477048222808,-44.3772895169623;-15.4777322066664,-44.3760985060848 -15.4768288213092,-44.3767308557346;-15.4782285434224,-44.3767575658329 -15.4777322066664,-44.3760985060848;-15.477657219828,-44.37600416024 -15.4767844280374,-44.3766524621496;-15.4765615549861,-44.3761485259206 -15.4767844280374,-44.3766524621496;-15.4765615549861,-44.3761485259206 -15.477480232664,-44.375729284694;-15.477657219828,-44.37600416024 -15.477480232664,-44.375729284694;-15.476517446468,-44.3760432224759 -15.4774020878103,-44.3756162225712;-15.4763436369407,-44.375654979517 -15.476517446468,-44.3760432224759;-15.4763436369407,-44.375654979517 -15.4771629011573,-44.3752330032587;-15.4774020878103,-44.3756162225712 -15.4771629011573,-44.3752330032587;-15.4762975831486,-44.375587534689 -15.4767987587744,-44.3753088769857;-15.4757153561627,-44.3748555388262 -15.4758908610082,-44.3750580834485 -15.4762975831486,-44.375587534689;-15.4757153561627,-44.3748555388262 -15.4761728340824,-44.3744574190002;-15.4761728340824,-44.3744574190002 -15.4767987587744,-44.3753088769857;-15.4768788875468,-44.3752729590425 -15.477146483788,-44.3751170093973 -15.4773827980262,-44.3749258110812;-15.4762089225437,-44.3744260694278 -15.4768788875468,-44.3752729590425;-15.4762089225437,-44.3744260694278 -15.4766775613451,-44.3740667796801;-15.4766775613451,-44.3740667796801 -15.4773827980262,-44.3749258110812;-15.4774504290456,-44.3748659244083 -15.4778239242478,-44.3745738318525;-15.4767258259594,-44.3740301899429 -15.4774504290456,-44.3748659244083;-15.4767258259594,-44.3740301899429 -15.4771398594629,-44.3737222224044;-15.4771398594629,-44.3737222224044 -15.4778239242478,-44.3745738318525;-15.477891281251,-44.3745276213904 -15.4782691962477,-44.3742330527398;-15.4771994393711,-44.3736739174509 -15.477891281251,-44.3745276213904;-15.4771994393711,-44.3736739174509 -15.4776026409906,-44.3733413188807;-15.4776026409906,-44.3733413188807 -15.4782691962477,-44.3742330527398;-15.4783217393519,-44.3741858299657 -15.4787806302338,-44.3737792839363;-15.477647568608,-44.3732892762755 -15.4783217393519,-44.3741858299657;-15.477647568608,-44.3732892762755 -15.478101820296,-44.3728977725504;-15.478101820296,-44.3728977725504 -15.4787806302338,-44.3737792839363;-15.4781594647818,-44.372843299165 -15.4785380843885,-44.3733447713217;-15.4781594647818,-44.372843299165 -15.478609118398,-44.372444349945;-15.478609118398,-44.372444349945 -15.4788539853191,-44.3730548241941;-15.4785380843885,-44.3733447713217 -15.4788539853191,-44.3730548241941;-15.4783412946535,-44.3743196346684 -15.4788017661425,-44.3748857791375 -15.4791788104406,-44.375434859753;-15.4791788104406,-44.375434859753 -15.4785241736055,-44.3756955926355;-15.4785241736055,-44.3756955926355 -15.4783039952978,-44.3750856907003 -15.4779718816155,-44.3746084970165;-15.4779718816155,-44.3746084970165 -15.4783412946535,-44.3743196346684;-15.4778864149186,-44.3746524142628 -15.4782322102525,-44.3751366355592 -15.4784485850279,-44.3757158353441;-15.4784485850279,-44.3757158353441 -15.477767105931,-44.3759373044333;-15.477767105931,-44.3759373044333 -15.477237241966,-44.3751667961102;-15.477237241966,-44.3751667961102 -15.4778864149186,-44.3746524142628;-15.4787791201654,-44.3767794361864 -15.4784681093836,-44.3768950463997;-15.47847744535,-44.3757976008829 -15.4787791201654,-44.3767794361864;-15.4784681093836,-44.3768950463997 -15.4783463484534,-44.3767261087439 -15.4778373184838,-44.3760410945242;-15.47847744535,-44.3757976008829 -15.4778373184838,-44.3760410945242;-15.4788202858114,-44.3768791810711 -15.4785073178574,-44.3769701318255;-15.4788202858114,-44.3768791810711 -15.4785311406182,-44.3770929400952;-15.4785311406182,-44.3770929400952 -15.4785073178574,-44.3769701318255;-15.4784107053326,-44.3897827280824 -15.477840766643,-44.3889822232865;-15.4788148436762,-44.3889459544608 -15.4784107053326,-44.3897827280824;-15.4767877829491,-44.3865286847842 -15.4767872908189,-44.3865234560317 -15.4767873020985,-44.3865204746331 -15.476787365409,-44.3865174938855 -15.476787480731,-44.3865145146968 -15.4767876480295,-44.3865115379745 -15.4767878672535,-44.3865085646253 -15.4767881383361,-44.3865055955549 -15.476788461195,-44.3865026316678 -15.4767888357316,-44.3864996738668 -15.4767892618319,-44.3864967230528 -15.4767897393661,-44.3864937801248 -15.4767902681887,-44.386490845979 -15.4767908481388,-44.3864879215094 -15.4767914790395,-44.3864850076067 -15.4767921606987,-44.3864821051586 -15.4767928929089,-44.3864792150491 -15.4767936754468,-44.3864763381586 -15.4767945080743,-44.3864734753635 -15.4767953905376,-44.3864706275357 -15.476796322568,-44.3864677955427 -15.4767973038815,-44.3864649802473 -15.4767983341792,-44.3864621825069 -15.4767994131473,-44.3864594031739 -15.4768005404571,-44.3864566430947 -15.4768017157652,-44.3864539031101 -15.4768029387137,-44.3864511840548 -15.47680420893,-44.3864484867571 -15.4768055260271,-44.3864458120385 -15.4768068896039,-44.3864431607137 -15.476808299245,-44.3864405335905 -15.4768097545211,-44.386437931469 -15.4768112549888,-44.3864353551419 -15.4768128001911,-44.386432805394 -15.4768143896572,-44.3864302830019 -15.4768160229031,-44.386427788734 -15.4768176994312,-44.3864253233501 -15.4768194187309,-44.3864228876011 -15.4768211802784,-44.3864204822289 -15.4768229835371,-44.3864181079664 -15.4768243489941,-44.3864163657823 -15.4768248279578,-44.3864157655367 -15.4768267129786,-44.3864134556533 -15.4768286380253,-44.3864111790199 -15.4768306025116,-44.38640893633 -15.476832605839,-44.3864067282666 -15.4768346473973,-44.3864045555024 -15.4768367265646,-44.3864024186992 -15.4768388427076,-44.386400318508 -15.4768409951817,-44.3863982555684 -15.4768431833312,-44.3863962305088 -15.4768454064897,-44.3863942439462 -15.4768476639798,-44.3863922964855 -15.476849955114,-44.3863903887202 -15.4768522791943,-44.3863885212311 -15.4768546355128,-44.3863866945874 -15.4768570233518,-44.3863849093452 -15.4768594419839,-44.3863831660485 -15.4768618906723,-44.3863814652282 -15.4768643686712,-44.3863798074025 -15.4768668752257,-44.3863781930764 -15.4768694095724,-44.3863766227415 -15.4768719709391,-44.3863750968762 -15.4768745585458,-44.3863736159454 -15.4768771716042,-44.3863721804 -15.4768798093183,-44.3863707906775 -15.4768824708847,-44.386369447201 -15.4768851554926,-44.38636815038 -15.4768878623243,-44.3863669006093 -15.4768905905553,-44.3863656982697 -15.4768933393544,-44.3863645437274 -15.4768961078844,-44.3863634373341 -15.476898895302,-44.3863623794268 -15.4769017007581,-44.3863613703278 -15.476904523398,-44.3863604103444 -15.4769073623621,-44.3863594997691 -15.476911997844,-44.3863583150505;-15.4770961113173,-44.3921709102354 -15.4772093004812,-44.392138906438 -15.477281956808,-44.3920858261606 -15.477360020345,-44.3919953333005 -15.4783802654253,-44.3898384266362;-15.4799054408586,-44.3854457404294 -15.4804215537121,-44.3857293660597;-15.4781231567853,-44.3863952164017 -15.4780551413091,-44.3863772634546 -15.4772098671815,-44.3865279248042;-15.4783802654253,-44.3898384266362 -15.4778036898241,-44.389021711126 -15.4769871539237,-44.3877167003325 -15.4767669503391,-44.3873591933363 -15.4770343393276,-44.387169296974;-15.4784466279619,-44.3862437528678 -15.4786871231166,-44.3861929105928 -15.4786548278402,-44.3859772523695;-15.4777984329813,-44.3865309048251 -15.4778135650237,-44.3888954371679;-15.4778135650237,-44.3888954371679 -15.4770371438072,-44.3876585550958 -15.4770313345327,-44.3874561927717 -15.4770762703424,-44.3873110362666 -15.4772008894176,-44.3871213876411 -15.477268254929,-44.386621228428;-15.4790709611811,-44.383165520639 -15.4795923906785,-44.3827403227713;-15.4790803265147,-44.3831008080697 -15.4795635129531,-44.3827029731677;-15.4686291710919,-44.3779184583317 -15.4686063229274,-44.3781281214553 -15.4686214679109,-44.3782841585064 -15.4686622320029,-44.3784430726007 -15.4694613725901,-44.3800878604831 -15.4697874284801,-44.3807421210648 -15.4702893825216,-44.3816762327653 -15.4714489646017,-44.3835311895057 -15.4726218891783,-44.3853878401977 -15.4744988999392,-44.3883763732407 -15.4756112565379,-44.3901509823652 -15.4767835907991,-44.3919870286196 -15.4768387520833,-44.3920555945967 -15.4769219444456,-44.3921131827666 -15.4770195016924,-44.3921707072535 -15.4770961113173,-44.3921709102354;-15.4742486806694,-44.3839939506938 -15.474508449629,-44.383799238865;-15.4803011225245,-44.3859733703212 -15.4804215537121,-44.3857293660597;-15.4772152103568,-44.3865666223459 -15.4772157815465,-44.3865753815695 -15.4772157054661,-44.3865785736676 -15.4772155736875,-44.3865817639517 -15.4772153862508,-44.3865849514501 -15.4772151432132,-44.3865881351917 -15.4772148446486,-44.3865913142069 -15.4772144906481,-44.3865944875273 -15.4772140813194,-44.3865976541861 -15.4772136167872,-44.3866008132189 -15.477213097193,-44.3866039636634 -15.4772125226951,-44.3866071045598 -15.4772118934686,-44.3866102349515 -15.4772112097049,-44.386613353885 -15.4772104716126,-44.38661646041 -15.4772096794163,-44.3866195535805 -15.4772088333574,-44.3866226324541 -15.4772079336936,-44.386625696093 -15.477206980699,-44.386628743564 -15.4772059746638,-44.3866317739388 -15.4772049158945,-44.3866347862944 -15.4772038047136,-44.3866377797131 -15.4772026414595,-44.386640753283 -15.4772014264867,-44.3866437060986 -15.4772001601652,-44.3866466372601 -15.4771988428808,-44.3866495458749 -15.4771974750346,-44.3866524310569 -15.4771960570434,-44.3866552919273 -15.4771945893392,-44.3866581276146 -15.4771930723688,-44.3866609372551 -15.4771915065945,-44.3866637199928 -15.4771898924933,-44.3866664749802 -15.4771882305567,-44.386669201378 -15.477186521291,-44.3866718983558 -15.4771847652169,-44.3866745650921 -15.4771829628693,-44.3866772007744 -15.4771811147972,-44.3866798046 -15.4771792215636,-44.3866823757758 -15.4771772837451,-44.3866849135184 -15.477175301932,-44.386687417055 -15.477173276728,-44.3866898856228 -15.47717120875,-44.38669231847 -15.477169098628,-44.3866947148555 -15.4771669470046,-44.3866970740493 -15.4771647545353,-44.3866993953327 -15.477162521888,-44.3867016779988 -15.4771602497427,-44.3867039213521 -15.4771579387916,-44.3867061247093 -15.4771555897385,-44.3867082873993 -15.477153203299,-44.3867104087633 -15.4771507802001,-44.386712488155 -15.4771483211799,-44.3867145249412 -15.4771458269874,-44.3867165185014 -15.4771432983823,-44.3867184682282 -15.4771407361349,-44.3867203735278 -15.4771381410257,-44.3867222338199 -15.4771355138452,-44.3867240485378 -15.4771328553936,-44.3867258171286 -15.4771301664808,-44.3867275390537 -15.4771274479257,-44.3867292137885 -15.4771247005566,-44.3867308408229 -15.4771219252102,-44.3867324196614 -15.4771191227319,-44.3867339498229 -15.4771162939756,-44.3867354308413 -15.4771134398027,-44.3867368622656 -15.4771105610827,-44.3867382436597 -15.4771076586925,-44.3867395746027 -15.4771047335162,-44.3867408546894 -15.4771017864448,-44.3867420835298 -15.477098818376,-44.3867432607495 -15.477095830214,-44.38674438599 -15.477092822869,-44.3867454589085 -15.4770897972569,-44.3867464791781 -15.4770867542995,-44.3867474464882 -15.4770836949237,-44.386748360544 -15.4770806200614,-44.3867492210671 -15.4770775306492,-44.3867500277954 -15.4770744276282,-44.3867507804832 -15.4770713119435,-44.3867514789011 -15.4770681845444,-44.3867521228365 -15.4770650463833,-44.3867527120931 -15.4770618984162,-44.3867532464916 -15.4770587416021,-44.386753725869 -15.4770555769024,-44.3867541500795 -15.4770524052813,-44.3867545189937 -15.4770492277047,-44.3867548324993 -15.4770460451407,-44.3867550905008 -15.4770428585587,-44.3867552929196 -15.4770396689293,-44.386755439694 -15.4770364772242,-44.3867555307794 -15.4770332844155,-44.386755566148 -15.4770300914758,-44.386755545789 -15.4770268993777,-44.3867554697086 -15.4770237090936,-44.38675533793 -15.4770205215952,-44.3867551504933 -15.4770173378535,-44.3867549074557 -15.4770141588383,-44.3867546088911 -15.477010985518,-44.3867542548905 -15.4770078188591,-44.3867538455618 -15.4770046598263,-44.3867533810296 -15.4770015093819,-44.3867528614355 -15.4769983684854,-44.3867522869376 -15.4769952380937,-44.386751657711 -15.4769921191603,-44.3867509739474 -15.4769890126352,-44.3867502358551 -15.4769859194648,-44.3867494436588 -15.4769828405912,-44.3867485975999 -15.4769797769522,-44.3867476979361 -15.4769767294812,-44.3867467449414 -15.4769736991064,-44.3867457389062 -15.4769706867509,-44.3867446801369 -15.4769676933322,-44.386743568956 -15.4769647197622,-44.386742405702 -15.4769617669467,-44.3867411907292 -15.4769588357851,-44.3867399244077 -15.4769559271703,-44.3867386071232 -15.4769530419883,-44.3867372392771 -15.4769501811179,-44.3867358212859 -15.4769473454306,-44.3867343535816 -15.4769445357902,-44.3867328366113 -15.4769417530524,-44.386731270837 -15.4769389980651,-44.3867296567357 -15.4769362716672,-44.3867279947992 -15.4769335746894,-44.3867262855335 -15.4769309079532,-44.3867245294594 -15.4769282722709,-44.3867227271118 -15.4769256684452,-44.3867208790397 -15.4769230972695,-44.386718985806 -15.4769205595268,-44.3867170479875 -15.4769180559903,-44.3867150661745 -15.4769155874224,-44.3867130409705 -15.4769131545752,-44.3867109729925 -15.4769107581898,-44.3867088628704 -15.476908398996,-44.3867067112471 -15.4769060777125,-44.3867045187778 -15.4769037950465,-44.3867022861305 -15.4769015516932,-44.3867000139852 -15.4768993483359,-44.386697703034 -15.476897185646,-44.3866953539809 -15.476895064282,-44.3866929675415 -15.4768929848902,-44.3866905444426 -15.476890948104,-44.3866880854224 -15.4768889545439,-44.3866855912299 -15.4768870048171,-44.3866830626248 -15.4768850995174,-44.3866805003774 -15.4768832392253,-44.3866779052682 -15.4768814245075,-44.3866752780877 -15.4768796559167,-44.3866726196361 -15.4768779339916,-44.3866699307232 -15.4768762592567,-44.3866672121682 -15.4768746322223,-44.386664464799 -15.4768730533839,-44.3866616894526 -15.4768715232224,-44.3866588869744 -15.476870042204,-44.386656058218 -15.4768686107797,-44.3866532040451 -15.4768672293856,-44.3866503253251 -15.4768658984425,-44.3866474229349 -15.4768646183558,-44.3866444977586 -15.4768633895155,-44.3866415506872 -15.4768622122957,-44.3866385826185 -15.4768610870553,-44.3866355944565 -15.4768600141368,-44.3866325871114 -15.4768589938671,-44.3866295614994 -15.4768580265571,-44.386626518542 -15.4768571125013,-44.3866234591662 -15.4768562519781,-44.3866203843039 -15.4768554452498,-44.3866172948916 -15.4768546925621,-44.3866141918706 -15.4768539941441,-44.386611076186 -15.4768533502088,-44.3866079487868 -15.4768527609521,-44.3866048106257 -15.4768522265537,-44.3866016626587 -15.4768517471762,-44.3865985058445 -15.4768513229658,-44.3865953411449 -15.4768509540516,-44.3865921695237 -15.476850640546,-44.3865889919472 -15.4768503825445,-44.3865858093832 -15.4768501801257,-44.3865826228012 -15.4768500333512,-44.3865794331718 -15.4768499422658,-44.3865762414666 -15.4768499068973,-44.3865730486579 -15.4768499272563,-44.3865698557182 -15.4768500033367,-44.3865666636201 -15.4768501351153,-44.386563473336 -15.4768503225519,-44.3865602858377 -15.4768505655896,-44.386557102096 -15.4768508641541,-44.3865539230808 -15.4768512181547,-44.3865507497605 -15.4768516274834,-44.3865475831016 -15.4768520920156,-44.3865444240688 -15.4768526116098,-44.3865412736243 -15.4768531861077,-44.3865381327279 -15.4768538153342,-44.3865350023362 -15.4768544990978,-44.3865318834027 -15.4768552371902,-44.3865287768777 -15.4768560293865,-44.3865256837072 -15.4768568754454,-44.3865226048336 -15.4768577751092,-44.3865195411947 -15.4768587281038,-44.3865164937237 -15.476859734139,-44.3865134633489 -15.4768607929083,-44.3865104509933 -15.4768619040892,-44.3865074575746 -15.4768630673432,-44.3865044840047 -15.4768642823161,-44.3865015311892 -15.4768655486375,-44.3864986000276 -15.476866865922,-44.3864956914128 -15.4768682337682,-44.3864928062308 -15.4768696517593,-44.3864899453604 -15.4768711194636,-44.3864871096731 -15.476872636434,-44.3864843000326 -15.4768742022082,-44.3864815172949 -15.4768758163095,-44.3864787623075 -15.4768774782461,-44.3864760359097 -15.4768791875118,-44.3864733389319 -15.4768809435859,-44.3864706721957 -15.4768827459335,-44.3864680365133 -15.4768845940056,-44.3864654326877 -15.4768864872392,-44.3864628615119 -15.4768884250577,-44.3864603237693 -15.4768904068708,-44.3864578202327 -15.4768924320748,-44.3864553516649 -15.4768945000527,-44.3864529188177 -15.4768966101748,-44.3864505224322 -15.4768987617982,-44.3864481632384 -15.4769009542674,-44.386445841955 -15.4769031869148,-44.386443559289 -15.4769054590601,-44.3864413159356 -15.4769077700112,-44.3864391125784 -15.4769101190643,-44.3864369498884 -15.4769125055037,-44.3864348285244 -15.4769149286026,-44.3864327491327 -15.4769173876229,-44.3864307123465 -15.4769198818154,-44.3864287187864 -15.4769207156726,-44.386428068031 -15.4769224104205,-44.3864267690595 -15.4769249726678,-44.3864248637599 -15.476927567777,-44.3864230034678 -15.4769301949576,-44.38642118875 -15.4769328534092,-44.3864194201591 -15.476935542322,-44.386417698234 -15.4769382608771,-44.3864160234992 -15.4769410082462,-44.3864143964648 -15.4769437835926,-44.3864128176263 -15.4769465860708,-44.3864112874649 -15.4769494148272,-44.3864098064464 -15.4769522690001,-44.3864083750221 -15.4769551477201,-44.3864069936281 -15.4769580501103,-44.386405662685 -15.4769609752866,-44.3864043825983 -15.476963922358,-44.3864031537579 -15.4769668904268,-44.3864019765382 -15.4769698785888,-44.3864008512977 -15.4769728859338,-44.3863997783792 -15.4769759115459,-44.3863987581096 -15.4769789545032,-44.3863977907995 -15.4769820138791,-44.3863968767437 -15.4769850887414,-44.3863960162206 -15.4769881781536,-44.3863952094923 -15.4769912811746,-44.3863944568045 -15.4769943968593,-44.3863937583866 -15.4769975242584,-44.3863931144512 -15.4770006624195,-44.3863925251946 -15.4770038103866,-44.3863919907961 -15.4770069672007,-44.3863915114187 -15.4770101319004,-44.3863910872082 -15.4770133035215,-44.386390718294 -15.4770164810981,-44.3863904047884 -15.4770196636621,-44.3863901467869 -15.4770228502441,-44.3863899443681 -15.4770260398735,-44.3863897975937 -15.4770292315786,-44.3863897065083 -15.4770324243873,-44.3863896711397 -15.477035617327,-44.3863896914987 -15.4770388094251,-44.3863897675791 -15.4770419997092,-44.3863898993577 -15.4770451872076,-44.3863900867944 -15.4770483709493,-44.386390329832 -15.4770515499645,-44.3863906283966 -15.4770547232848,-44.3863909823972 -15.4770578899437,-44.3863913917259 -15.4770610489764,-44.3863918562581 -15.4770641994209,-44.3863923758522 -15.4770673403174,-44.3863929503501 -15.4770704707091,-44.3863935795767 -15.4770735896425,-44.3863942633403 -15.4770766961676,-44.3863950014327 -15.477079789338,-44.3863957936289 -15.4770828682116,-44.3863966396878 -15.4770859318505,-44.3863975393516 -15.4770889793216,-44.3863984923463 -15.4770920096964,-44.3863994983815 -15.4770950220519,-44.3864005571508 -15.4770980154706,-44.3864016683317 -15.4771009890406,-44.3864028315857 -15.4771039418561,-44.3864040465585 -15.4771068730177,-44.38640531288 -15.4771097816325,-44.3864066301645 -15.4771126668145,-44.3864079980106 -15.4771155276849,-44.3864094160018 -15.4771183633722,-44.3864108837061 -15.4771211730126,-44.3864124006764 -15.4771239557503,-44.3864139664507 -15.4771267107377,-44.386415580552 -15.4771294371356,-44.3864172424886 -15.4771321341134,-44.3864189517542 -15.4771348008496,-44.3864207078283 -15.4771374365319,-44.3864225101759 -15.4771400403576,-44.386424358248 -15.4771426115333,-44.3864262514817 -15.477145149276,-44.3864281893002 -15.4771476528125,-44.3864301711133 -15.4771501213804,-44.3864321963172 -15.4771525542276,-44.3864342642952 -15.477154950613,-44.3864363744173 -15.4771573098068,-44.3864385260406 -15.4771596310902,-44.3864407185099 -15.4771619137563,-44.3864429511572 -15.4771641571096,-44.3864452233025 -15.4771663604668,-44.3864475342537 -15.4771685231568,-44.3864498833068 -15.4771706445208,-44.3864522697462 -15.4771727239126,-44.3864546928451 -15.4771747606988,-44.3864571518653 -15.4771767542589,-44.3864596460579 -15.4771787039857,-44.3864621746629 -15.4771806092854,-44.3864647369103 -15.4771824695774,-44.3864673320195 -15.4771842842953,-44.3864699592 -15.4771860528861,-44.3864726176516 -15.4771877748112,-44.3864753065645 -15.4771894495461,-44.3864780251195 -15.4771910765805,-44.3864807724887 -15.4771926554189,-44.3864835478351 -15.4771941855804,-44.3864863503133 -15.4771956665988,-44.3864891790697 -15.4771970980231,-44.3864920332426 -15.4771984794172,-44.3864949119626 -15.4771998103603,-44.3864978143528 -15.477201090447,-44.3865007395291 -15.4772023192873,-44.3865036866005 -15.4772034965071,-44.3865066546692 -15.4772046217475,-44.3865096428312 -15.477205694666,-44.3865126501763 -15.4772067149357,-44.3865156757883 -15.4772098671815,-44.3865279248042;-15.4779250259477,-44.3889016760306 -15.4779098300889,-44.3865231329339;-15.4784466279619,-44.3862437528678 -15.4786548278402,-44.3859772523695;-15.4781231567853,-44.3863952164017 -15.4780626103483,-44.3864270842141 -15.4772152103568,-44.3865666223459;-15.476911997844,-44.3863583150505 -15.4766408600026,-44.3860207621189 -15.4765871294507,-44.3859872261291 -15.4765924066154,-44.3860378908712 -15.4767877829491,-44.3865286847842;-15.477840766643,-44.3889822232865 -15.4788148436762,-44.3889459544608;-15.4694722561196,-44.3769752343217 -15.4701996644517,-44.3779529007068 -15.4705599546293,-44.3784217414979 -15.4708597320144,-44.3789413481399 -15.4710232812064,-44.379186385576 -15.4712638252899,-44.3794238710716 -15.4716557624057,-44.3800013250889 -15.4742214696921,-44.3840765371831 -15.4749460824151,-44.3851963676144 -15.4751218500748,-44.3854440354108 -15.4753512122323,-44.3856325201455 -15.4755197107717,-44.3856763734237 -15.475754545506,-44.3857369130223 -15.4759446913439,-44.3857395829466 -15.4762449186003,-44.38570099875 -15.4764319326557,-44.3858088279081 -15.4765074854644,-44.3859321473082 -15.4765167473406,-44.3860280496111 -15.4766722134126,-44.3864754847947 -15.4770343393276,-44.387169296974;-15.4777984329813,-44.3865309048251 -15.477268254929,-44.386621228428;-15.4779098300889,-44.3865231329339 -15.4802471477864,-44.3860850463648;-15.4802471477864,-44.3860850463648 -15.478854012965,-44.3888456202913;-15.478854012965,-44.3888456202913 -15.4779250259477,-44.3889016760306;-15.4694722561196,-44.3769752343217 -15.4689049489989,-44.3774371065755 -15.4687983243557,-44.3775579120218 -15.4687086122211,-44.3777013908898 -15.4686616712573,-44.3778031795962 -15.4686291710919,-44.3779184583317;-15.4726365711487,-44.3801106994044 -15.4732417288536,-44.3812418761276;-15.4726838988306,-44.3815130316776 -15.4732417288536,-44.3812418761276;-15.4719979175369,-44.3803973292158 -15.4726838988306,-44.3815130316776;-15.4726365711487,-44.3801106994044 -15.4719979175369,-44.3803973292158;-15.4736036002286,-44.3796613065658 -15.4738719869054,-44.3802582919452;-15.4738719869054,-44.3802582919452 -15.4729884749459,-44.3806196689462;-15.4729884749459,-44.3806196689462 -15.4726940729973,-44.3800781697137;-15.4736036002286,-44.3796613065658 -15.4726940729973,-44.3800781697137;-15.4749537786887,-44.379088190201 -15.4751988715567,-44.379653982121;-15.4751988715567,-44.379653982121 -15.4739259289037,-44.3802274821769;-15.4736822810681,-44.3796371500647 -15.4739259289037,-44.3802274821769;-15.4749537786887,-44.379088190201 -15.4736822810681,-44.3796371500647;-15.4760220332313,-44.3785985126953 -15.4762643780344,-44.379157298828;-15.4762643780344,-44.379157298828 -15.4752591499735,-44.3796292509315;-15.4750182862078,-44.3790459293271 -15.4752591499735,-44.3796292509315;-15.4760220332313,-44.3785985126953 -15.4750182862078,-44.3790459293271;-15.4772482104562,-44.3780415321384 -15.4774829575105,-44.3786141233403;-15.4763489477757,-44.3791087694865 -15.4774829575105,-44.3786141233403;-15.4761249481475,-44.3785579610257 -15.4763489477757,-44.3791087694865;-15.4772482104562,-44.3780415321384 -15.4761249481475,-44.3785579610257;-15.4775012922564,-44.3786580336632 -15.477742458718,-44.3792357052398;-15.4766065768777,-44.3797459802967 -15.477742458718,-44.3792357052398;-15.4763758326172,-44.379172651988 -15.4766065768777,-44.3797459802967;-15.4763758326172,-44.379172651988 -15.4775012922564,-44.3786580336632;-15.4777561932059,-44.3792769733027 -15.4779849220467,-44.3798384275853;-15.4779849220467,-44.3798384275853 -15.4768740615946,-44.3803577285913;-15.476644913673,-44.3798070784782 -15.4768740615946,-44.3803577285913;-15.476644913673,-44.3798070784782 -15.4777561932059,-44.3792769733027;-15.4780092433003,-44.3798983836725 -15.4782501468718,-44.3804770132798;-15.477140540198,-44.3810012709867 -15.4782501468718,-44.3804770132798;-15.476892785647,-44.3804192738674 -15.477140540198,-44.3810012709867;-15.4780092433003,-44.3798983836725 -15.476892785647,-44.3804192738674;-15.4782991359014,-44.380539292148 -15.4785322091559,-44.3810730204719;-15.4773891447241,-44.3816190146606 -15.4785322091559,-44.3810730204719;-15.4771663122078,-44.3810660663334 -15.4773891447241,-44.3816190146606;-15.4771663122078,-44.3810660663334 -15.4782991359014,-44.380539292148;-15.4785478798501,-44.3811228623304 -15.4787844633055,-44.3817116285863;-15.4776858780678,-44.3822184161841 -15.4787844633055,-44.3817116285863;-15.4773913790653,-44.3816583586123 -15.4776858780678,-44.3822184161841;-15.4773913790653,-44.3816583586123 -15.4785478798501,-44.3811228623304;-15.4789575878503,-44.381977530528 -15.4788338960429,-44.381769263896;-15.4787985990214,-44.3821804652216 -15.4788397689957,-44.3820957370343 -15.4789575878503,-44.381977530528;-15.4788338960429,-44.381769263896 -15.4787014942357,-44.3818372369386;-15.4789898497952,-44.3820206372801 -15.4791283099554,-44.3822225399387 -15.4795635129531,-44.3827029731677;-15.4790803265147,-44.3831008080697 -15.4789076566619,-44.3828815561757 -15.478846027238,-44.3825120578418 -15.4788177357612,-44.382225125061;-15.4787985990214,-44.3821804652216 -15.4787014942357,-44.3818372369386;-15.4788177357612,-44.382225125061 -15.4788711203674,-44.3821417918722 -15.4789898497952,-44.3820206372801;-15.4795923906785,-44.3827403227713 -15.4799416177434,-44.3831322538104;-15.4796548889115,-44.3834259670859 -15.4799416177434,-44.3831322538104;-15.4796831322329,-44.3834691752268 -15.4796548889115,-44.3834259670859;-15.4796831322329,-44.3834691752268 -15.4799837662359,-44.3831648096251;-15.4799837662359,-44.3831648096251 -15.4810735426765,-44.3844077519282;-15.4804590912413,-44.3856665450114 -15.4810735426765,-44.3844077519282;-15.4803011225245,-44.3859733703212 -15.4796041555728,-44.3861023360681;-15.4799054408586,-44.3854457404294 -15.4796041555728,-44.3861023360681;-15.4804590912413,-44.3856665450114 -15.4793471045573,-44.385101028028;-15.4793471045573,-44.385101028028 -15.4789233337788,-44.3859599216355;-15.4789233337788,-44.3859599216355 -15.4784328460281,-44.385781725684 -15.4783516599852,-44.3862665242327 -15.4772856025408,-44.3864150322124 -15.4771434611978,-44.3863072623348 -15.4770444716215,-44.3862749335535 -15.4769611140082,-44.3862904185671;-15.4769611140082,-44.3862904185671 -15.4766759914844,-44.3859549453844 -15.4766022478784,-44.3859137206269 -15.4765164473947,-44.3857550432289 -15.4762976583149,-44.3855994045921 -15.4759534680147,-44.3856500671784 -15.4757742043181,-44.3856498187392 -15.4755352340088,-44.3855871189067 -15.4754100088299,-44.3855404066708 -15.4751907515328,-44.3853708133416 -15.4750111887384,-44.3851489222614 -15.4743136793549,-44.3840487863173;-15.4743136793549,-44.3840487863173 -15.475171744484,-44.383457866981;-15.475171744484,-44.383457866981 -15.4747972866129,-44.3828693326139;-15.4747972866129,-44.3828693326139 -15.4763007611283,-44.382214159716 -15.4773462526139,-44.3817147065002;-15.4773462526139,-44.3817147065002 -15.4776540376718,-44.3822896099793 -15.4781504008217,-44.3825848315545;-15.4781504008217,-44.3825848315545 -15.4787713231198,-44.3822790467107;-15.4787713231198,-44.3822790467107 -15.4787945263774,-44.382490648907;-15.4788070419749,-44.3825413229473 -15.4784498806945,-44.3827022231317;-15.4784075683066,-44.3826753007128 -15.4787945263774,-44.382490648907;-15.4788070419749,-44.3825413229473 -15.4788665879863,-44.3828906006249 -15.4790709611811,-44.383165520639;-15.4796242584952,-44.3853179045714 -15.4798349464805,-44.3854339484481;-15.4798349464805,-44.3854339484481 -15.4795203925258,-44.3860994598964;-15.4795203925258,-44.3860994598964 -15.4792505147473,-44.3861450255504;-15.4796242584952,-44.3853179045714 -15.4792505147473,-44.3861450255504;-15.479343496482,-44.3851985619484 -15.4795687206698,-44.3852997717793;-15.4795687206698,-44.3852997717793 -15.4791928638071,-44.3861445848225;-15.4791928638071,-44.3861445848225 -15.4788585605643,-44.3862172920269;-15.479343496482,-44.3851985619484 -15.4788585605643,-44.3862172920269;-15.4738723879476,-44.382533164584 -15.474508449629,-44.383799238865;-15.4742486806694,-44.3839939506938 -15.4734553183535,-44.3827613724751;-15.4734553183535,-44.3827613724751 -15.4738723879476,-44.382533164584;-15.4735506826882,-44.3819226744691 -15.4738480324846,-44.3824877086768;-15.4734073054364,-44.3827013563288 -15.4738480324846,-44.3824877086768;-15.4734073054364,-44.3827013563288 -15.4730896273912,-44.3821606147309;-15.4735506826882,-44.3819226744691 -15.4730896273912,-44.3821606147309;-15.4732668310435,-44.3812899341782 -15.4735352697857,-44.3818752911255;-15.4735352697857,-44.3818752911255 -15.47306137737,-44.3821027232825;-15.47306137737,-44.3821027232825 -15.4727133868324,-44.3815588917249;-15.4727133868324,-44.3815588917249 -15.4732668310435,-44.3812899341782;-15.4738915466785,-44.3803011138086 -15.474146527682,-44.3808572777141;-15.4732999883675,-44.3812152480595 -15.474146527682,-44.3808572777141;-15.4730364964098,-44.3806821205939 -15.4732999883675,-44.3812152480595;-15.4738915466785,-44.3803011138086 -15.4730364964098,-44.3806821205939;-15.4752288433998,-44.3797164279783 -15.4754582247848,-44.3802422502978;-15.4741893146826,-44.3808224370484 -15.4754582247848,-44.3802422502978;-15.4739507150918,-44.3802910324779 -15.4741893146826,-44.3808224370484;-15.4752288433998,-44.3797164279783 -15.4739507150918,-44.3802910324779;-15.4762868379366,-44.3792215520735 -15.4765206803272,-44.3797835841819;-15.4755240953405,-44.3802318366119 -15.4765206803272,-44.3797835841819;-15.4752794053607,-44.3796924481261 -15.4755240953405,-44.3802318366119;-15.4762868379366,-44.3792215520735 -15.4752794053607,-44.3796924481261;-15.4765408922103,-44.3798718884713 -15.4767754535866,-44.3804034766229;-15.4767754535866,-44.3804034766229 -15.4757829401655,-44.3808170907163;-15.4755691944977,-44.3802860229533 -15.4757829401655,-44.3808170907163;-15.4755691944977,-44.3802860229533 -15.4765408922103,-44.3798718884713;-15.4768061684516,-44.3804455194326 -15.4770609868903,-44.3810204874297;-15.4760803708763,-44.3814783186847 -15.4770609868903,-44.3810204874297;-15.4758209961022,-44.3808955177863 -15.4760803708763,-44.3814783186847;-15.4768061684516,-44.3804455194326 -15.4758209961022,-44.3808955177863;-15.4770775719376,-44.3811018034286 -15.477313258744,-44.3816421416081;-15.4763211289493,-44.3821209118719 -15.477313258744,-44.3816421416081;-15.4761126591854,-44.3815617458316 -15.4763211289493,-44.3821209118719;-15.4761126591854,-44.3815617458316 -15.4770775719376,-44.3811018034286;-15.4786429884714,-44.3818448363988 -15.4787601233219,-44.382219511131;-15.4787601233219,-44.382219511131 -15.4781630895779,-44.3825211320296;-15.4777215347755,-44.3822528503885 -15.4781630895779,-44.3825211320296;-15.4777215347755,-44.3822528503885 -15.4786429884714,-44.3818448363988;-15.4760186613226,-44.381621595296 -15.476221156878,-44.3821522758886;-15.4749612696808,-44.3827019323705 -15.476221156878,-44.3821522758886;-15.4747521898438,-44.3821395899614 -15.4749612696808,-44.3827019323705;-15.4747521898438,-44.3821395899614 -15.4760186613226,-44.381621595296;-15.4747243504513,-44.3829036339799 -15.475057071872,-44.3834561039416;-15.475057071872,-44.3834561039416 -15.4745929239331,-44.3837389521775;-15.4745929239331,-44.3837389521775 -15.4742564104301,-44.383125848342;-15.4742564104301,-44.383125848342 -15.4747243504513,-44.3829036339799;-15.4746610670484,-44.3821577594453 -15.4748868003209,-44.3827315988138;-15.4748868003209,-44.3827315988138 -15.4742189765133,-44.3830499669352;-15.4739411567542,-44.3824958660644 -15.4742189765133,-44.3830499669352;-15.4739411567542,-44.3824958660644 -15.4746610670484,-44.3821577594453;-15.4744290742862,-44.3815662812333 -15.4746434610368,-44.3821005129718;-15.4739170749571,-44.3824413878468 -15.4746434610368,-44.3821005129718;-15.4736115040927,-44.381889366368 -15.4739170749571,-44.3824413878468;-15.4744290742862,-44.3815662812333 -15.4736115040927,-44.381889366368;-15.4741562380782,-44.3809066564306 -15.4744043573051,-44.3815020597007;-15.4744043573051,-44.3815020597007 -15.4735943807608,-44.3818436493658;-15.4733278611428,-44.3812707346365 -15.4735943807608,-44.3818436493658;-15.4733278611428,-44.3812707346365 -15.4741562380782,-44.3809066564306;-15.4754917066923,-44.3803251350907 -15.4756884265367,-44.3808591454056;-15.4756884265367,-44.3808591454056 -15.4744641560205,-44.3814717372362;-15.4742165632421,-44.3808936758909 -15.4744641560205,-44.3814717372362;-15.4742165632421,-44.3808936758909 -15.4754917066923,-44.3803251350907;-15.4757170089226,-44.3809610052898 -15.475962713012,-44.3815312327309;-15.4747223232249,-44.3820527439171 -15.475962713012,-44.3815312327309;-15.4745121483806,-44.3815294940285 -15.4747223232249,-44.3820527439171;-15.4757170089226,-44.3809610052898 -15.4745121483806,-44.3815294940285;-15.4787086772278,-44.367296141411 -15.4794638884269,-44.3666360543876;-15.4792804287819,-44.3664091121039 -15.4787086772278,-44.367296141411;-15.4792804287819,-44.3664091121039 -15.4794638884269,-44.3666360543876;-15.4800258488976,-44.3672660561841 -15.4803796654003,-44.3676900394223;-15.4800258488976,-44.3672660561841 -15.4802721682984,-44.3670602222834;-15.4802402667463,-44.3670215020645 -15.4800024519504,-44.366747695217 -15.4800493841424,-44.3667123406943 -15.480289095217,-44.367007835008 -15.4802896125606,-44.3670084530915 -15.4802896480996,-44.3670084957572 -15.4802899109787,-44.3670088113529 -15.4802901366914,-44.3670090858611 -15.480373936983,-44.3671089518196 -15.4803397968922,-44.3671413674793 -15.4802721682984,-44.3670602222834;-15.4799945201174,-44.3672304312225 -15.4802402667463,-44.3670215020645;-15.4789595159015,-44.3659709511827 -15.4795429792829,-44.3666195099135 -15.4799532937299,-44.3671436791205 -15.4799945201174,-44.3672304312225;-15.4794639888671,-44.3652060600062 -15.4789595159015,-44.3659709511827;-15.4794639888671,-44.3652060600062 -15.4802413119539,-44.3662941912622 -15.4807547095494,-44.3658711224509 -15.4813744252499,-44.3653120285667;-15.4813744252499,-44.3653120285667 -15.4820872928149,-44.3662731357836;-15.4803796654003,-44.3676900394223 -15.4813846423479,-44.3668409088662 -15.4820868618487,-44.366273497067 -15.4820869078848,-44.3662734557189 -15.4820869324199,-44.3662734336918 -15.4820872928149,-44.3662731357836;-15.4791449545548,-44.3686692555652 -15.4787989607328,-44.3682201247148;-15.479924666118,-44.3672029369542 -15.4787989607328,-44.3682201247148;-15.479924666118,-44.3672029369542 -15.4799765293154,-44.36727785496 -15.479976616716,-44.367277962333 -15.4803356955206,-44.367728929237;-15.4791449545548,-44.3686692555652 -15.4803356955206,-44.367728929237;-15.4783251845622,-44.3693461149681 -15.4779760317275,-44.3689199174737 -15.4779756608124,-44.3689194813386 -15.4779429785396,-44.368880926211 -15.4779426676682,-44.3688805667516 -15.4775544705698,-44.3684488301493;-15.4783450678302,-44.3677405908349 -15.4775544705698,-44.3684488301493;-15.4791009655049,-44.3686885647722 -15.4783450678302,-44.3677405908349;-15.4783251845622,-44.3693461149681 -15.4791009655049,-44.3686885647722;-15.4775218933733,-44.3684133334174 -15.4771945036615,-44.3680620624196;-15.4779802512144,-44.3673245475346 -15.4771945036615,-44.3680620624196;-15.4783173635568,-44.3677070540829 -15.4779802512144,-44.3673245475346;-15.4783173635568,-44.3677070540829 -15.4775218933733,-44.3684133334174;-15.477164907188,-44.3680242150423 -15.4767702401631,-44.3675371707444;-15.4767702401631,-44.3675371707444 -15.4775358854249,-44.3668253602588;-15.477948868889,-44.3672887327971 -15.4775358854249,-44.3668253602588;-15.477948868889,-44.3672887327971 -15.477164907188,-44.3680242150423;-15.4767116464522,-44.3674679232235 -15.4763372474209,-44.367014990443;-15.4763372474209,-44.367014990443 -15.4771384950541,-44.3663448015823;-15.4774942781356,-44.3667718888919 -15.4771384950541,-44.3663448015823;-15.4767116464522,-44.3674679232235 -15.4774942781356,-44.3667718888919;-15.4762956121795,-44.3669478740734 -15.4759497554304,-44.3664776555548;-15.4759497554304,-44.3664776555548 -15.4767285570185,-44.3658320875248;-15.4770914090409,-44.3662879867555 -15.4767285570185,-44.3658320875248;-15.4762956121795,-44.3669478740734 -15.4770914090409,-44.3662879867555;-15.4771469396908,-44.3662379550879 -15.4767833609606,-44.365785192002;-15.4775424616909,-44.3650851867187 -15.4767833609606,-44.365785192002;-15.4779229774951,-44.365529021965 -15.4775424616909,-44.3650851867187;-15.4771469396908,-44.3662379550879 -15.4779229774951,-44.365529021965;-15.4779708256569,-44.3654849565629 -15.4775958533708,-44.3650292560786;-15.4784861465999,-44.3641184888245 -15.4781850060249,-44.3645157020956 -15.4775958533708,-44.3650292560786;-15.4788777552596,-44.3645847787022 -15.4784861465999,-44.3641184888245;-15.4779708256569,-44.3654849565629 -15.4786525562626,-44.3648482750821 -15.4788777552596,-44.3645847787022;-15.4785241204655,-44.3640691916159 -15.4789237710745,-44.3645219894438;-15.4785241204655,-44.3640691916159 -15.4788418982625,-44.3636496099834;-15.4792349086814,-44.3641059724159 -15.4788418982625,-44.3636496099834;-15.4789237710745,-44.3645219894438 -15.4792349086814,-44.3641059724159;-15.4792773206247,-44.3640691916159 -15.4788791701448,-44.3636074514433;-15.4792745079184,-44.3630757122925 -15.4788791701448,-44.3636074514433;-15.4795029799874,-44.3637624983855 -15.4794434226065,-44.3632901459487 -15.4792745079184,-44.3630757122925;-15.4792773206247,-44.3640691916159 -15.4795029799874,-44.3637624983855;-15.4793155347675,-44.3641079365128 -15.4798990528611,-44.3647083351391;-15.4795298832334,-44.3638273674159 -15.4793155347675,-44.3641079365128;-15.480011223424,-44.364629167374 -15.479662790161,-44.3641519292393 -15.4795298832334,-44.3638273674159;-15.4798990528611,-44.3647083351391 -15.480011223424,-44.364629167374;-15.4799428511502,-44.3647480011906 -15.4803379110446,-44.3652502811749;-15.4800377678954,-44.3646617644647 -15.4799428511502,-44.3647480011906;-15.4800377678954,-44.3646617644647 -15.4807594618657,-44.3649015692116;-15.4803379110446,-44.3652502811749 -15.4807594618657,-44.3649015692116;-15.4803846496432,-44.3652916930812 -15.4807430827774,-44.3657673497429;-15.4803846496432,-44.3652916930812 -15.4808452294603,-44.3649307814545;-15.4808452294603,-44.3649307814545 -15.4811588540637,-44.3650709968197 -15.4813239129223,-44.3652534197022;-15.4807430827774,-44.3657673497429 -15.4813239129223,-44.3652534197022;-15.479885501604,-44.3656637149035 -15.4802497492188,-44.3661822687588 -15.4806911284145,-44.3658203417696;-15.479885501604,-44.3656637149035 -15.4803193390842,-44.3653267602809;-15.4803193390842,-44.3653267602809 -15.4806911284145,-44.3658203417696;-15.479491462041,-44.3651645699043 -15.479853242825,-44.365622551967;-15.4798974098151,-44.3647670227022 -15.479491462041,-44.3651645699043;-15.4798974098151,-44.3647670227022 -15.4803033988752,-44.3652784525335;-15.479853242825,-44.365622551967 -15.4803033988752,-44.3652784525335;-15.4794572473248,-44.3651278916115 -15.4789825709755,-44.3645793565005;-15.4789825709755,-44.3645793565005 -15.4792794065421,-44.3641637570807;-15.4792794065421,-44.3641637570807 -15.4798663914312,-44.3647444369225;-15.4798663914312,-44.3647444369225 -15.4794572473248,-44.3651278916115;-15.4780152096109,-44.3655540961714 -15.4786484659892,-44.3663101037776;-15.478923817258,-44.3646193145797 -15.4786831877637,-44.3648954668855 -15.4780152096109,-44.3655540961714;-15.479424575366,-44.3651675024297 -15.478923817258,-44.3646193145797;-15.479424575366,-44.3651675024297 -15.4786484659892,-44.3663101037776;-15.4779788785399,-44.3672525395442 -15.4771990842197,-44.3662973275663;-15.4771990842197,-44.3662973275663 -15.4779607441194,-44.3655987249971;-15.4779607441194,-44.3655987249971 -15.47859522446,-44.3663707871889;-15.47859522446,-44.3663707871889 -15.4779788785399,-44.3672525395442;-15.4783468904797,-44.3676786207497 -15.4780117430386,-44.3672899022054;-15.4789229479194,-44.3660184139482 -15.4786702006328,-44.3664168482573 -15.478669997776,-44.3664171340554 -15.4786697782008,-44.3664174433981 -15.4786695492007,-44.3664177624398 -15.4780117430386,-44.3672899022054;-15.4789229479194,-44.3660184139482 -15.4792492806255,-44.366370853019;-15.4792492806255,-44.366370853019 -15.4786102071684,-44.3673734750323 -15.4783468904797,-44.3676786207497;-15.4787519585591,-44.3681770809996 -15.4783756883428,-44.3677136156213;-15.4783756883428,-44.3677136156213 -15.478643409832,-44.367412261628 -15.4795243664896,-44.3666910731674;-15.4795243664896,-44.3666910731674 -15.4798998699596,-44.3671673136925;-15.4798998699596,-44.3671673136925 -15.4787519585591,-44.3681770809996;-15.4755411500821,-44.3633675438999 -15.4753061362802,-44.3632108182573 -15.4749358222312,-44.3629687349545;-15.4757847691032,-44.3635675509009 -15.4758769785358,-44.3634250991493;-15.4758769785358,-44.3634250991493 -15.4757487128507,-44.3634239169771 -15.4756062610991,-44.3634339654409;-15.4757847691032,-44.3635675509009 -15.4756062610991,-44.3634339654409;-15.4759008505626,-44.3664277704838 -15.4756838048931,-44.3662175244556;-15.4762030983146,-44.3653653487096 -15.4756838048931,-44.3662175244556;-15.4766779247479,-44.3657912505712 -15.4762030983146,-44.3653653487096;-15.4759008505626,-44.3664277704838 -15.4766779247479,-44.3657912505712;-15.4756036196579,-44.3661497966876 -15.4751347680536,-44.365860706031;-15.4756855791174,-44.3649917521584 -15.4751347680536,-44.365860706031;-15.4761446629582,-44.3653019002719 -15.4756855791174,-44.3649917521584;-15.4761446629582,-44.3653019002719 -15.4756036196579,-44.3661497966876;-15.4750713983205,-44.3658263667036 -15.4745851469756,-44.3655012391285;-15.4751069244116,-44.3646528913456 -15.4745851469756,-44.3655012391285;-15.4756289445793,-44.3649511412342 -15.4751069244116,-44.3646528913456;-15.4756289445793,-44.3649511412342 -15.4750713983205,-44.3658263667036;-15.4745313758499,-44.3654786962445 -15.4740315393919,-44.3651290947101;-15.4740315393919,-44.3651290947101 -15.4745751282159,-44.3642488842588;-15.4750692754486,-44.3646247173815 -15.4745751282159,-44.3642488842588;-15.4750692754486,-44.3646247173815 -15.4745313758499,-44.3654786962445;-15.4740003972675,-44.3650950473117 -15.4734965821605,-44.364742694982;-15.4740717808045,-44.3638539312842 -15.4734965821605,-44.364742694982;-15.4745404847076,-44.3642225390723 -15.4740717808045,-44.3638539312842;-15.4740003972675,-44.3650950473117 -15.4745404847076,-44.3642225390723;-15.4734461227578,-44.3646985026831 -15.4729888548244,-44.364393524763;-15.4729888548244,-44.364393524763 -15.4735429526882,-44.3635218886832;-15.4740058831675,-44.3638290612438 -15.4735429526882,-44.3635218886832;-15.4740058831675,-44.3638290612438 -15.4734461227578,-44.3646985026831;-15.4729100663952,-44.3643332386792 -15.4722880542075,-44.3638886807835;-15.4727799911844,-44.36305878518 -15.4722880542075,-44.3638886807835;-15.4734430403936,-44.3634802828752 -15.4727799911844,-44.36305878518;-15.4729100663952,-44.3643332386792 -15.4734430403936,-44.3634802828752;-15.4712990990457,-44.364370687557 -15.4722004443674,-44.3638932745075;-15.4710322368577,-44.363834467275 -15.4712990990457,-44.364370687557;-15.4710322368577,-44.363834467275 -15.4719242062241,-44.3633726718528;-15.4722004443674,-44.3638932745075 -15.4719242062241,-44.3633726718528;-15.4722249168282,-44.3637708642793 -15.4719671368143,-44.3632958968397;-15.4710045882391,-44.363779721257 -15.4719671368143,-44.3632958968397;-15.4704597476763,-44.362720512114 -15.4710045882391,-44.363779721257;-15.4704597476763,-44.362720512114 -15.4708295798944,-44.3628779725827 -15.4724199234099,-44.3628168715659;-15.4727321274464,-44.3630091215309 -15.4724199234099,-44.3628168715659;-15.4727321274464,-44.3630091215309 -15.4722249168282,-44.3637708642793;-15.4764472149004,-44.361847755303 -15.4737007223277,-44.3627755033869 -15.473417781325,-44.3628350260044 -15.4725443973191,-44.3628281764662;-15.4767596465183,-44.362205681583 -15.4764472149004,-44.361847755303;-15.4764609069875,-44.3625144793744 -15.4767596465183,-44.362205681583;-15.4768399312836,-44.363379614323 -15.4764609069875,-44.3625144793744;-15.4755411500821,-44.3633675438999 -15.4768399312836,-44.363379614323;-15.4749358222312,-44.3629687349545 -15.4747702905213,-44.3629974043695 -15.4745306412329,-44.3630909678389 -15.4744192215044,-44.3631773906714 -15.474043256654,-44.363756926122;-15.474043256654,-44.363756926122 -15.4735474747597,-44.3634207918266 -15.4725443973191,-44.3628281764662;-15.4770124106231,-44.3616369114683 -15.4765350401166,-44.361819212504;-15.4771882590163,-44.3618519872979 -15.4770124106231,-44.3616369114683;-15.476838696264,-44.3621552562555 -15.4771882590163,-44.3618519872979;-15.476838696264,-44.3621552562555 -15.4765350401166,-44.361819212504;-15.4770627533482,-44.3616186518661 -15.4774749999175,-44.36146415372 -15.4777454828652,-44.3613667728656 -15.4786365805868,-44.3613292995972;-15.4786365805868,-44.3613292995972 -15.4785405288205,-44.3622241610927;-15.4785405288205,-44.3622241610927 -15.4780511923452,-44.3627123008492;-15.4780511923452,-44.3627123008492 -15.4770627533482,-44.3616186518661;-15.47922873345,-44.3630430922207 -15.4785856667942,-44.3623182401807;-15.4788186410406,-44.3635670581765 -15.47922873345,-44.3630430922207;-15.4781210851231,-44.3627732876542 -15.4788186410406,-44.3635670581765;-15.4785856667942,-44.3623182401807 -15.4781210851231,-44.3627732876542;-15.4784758384041,-44.3640112531422 -15.4787703589791,-44.3636443094749 -15.4787691960222,-44.3636429459934;-15.4784758384041,-44.3640112531422 -15.4781620050044,-44.3636394812687;-15.4784888386526,-44.363317453995 -15.4781620050044,-44.3636394812687;-15.4787691960222,-44.3636429459934 -15.4784903230225,-44.3633159914568 -15.4784888386526,-44.363317453995;-15.4784193752155,-44.3641086219661 -15.4781330357675,-44.3644747609324 -15.4775630600423,-44.3649793296072;-15.4772020196734,-44.3645600132581 -15.4775630600423,-44.3649793296072;-15.4780934232644,-44.3637174796248 -15.4776309023281,-44.3641609275328 -15.47736535099,-44.3643878532217 -15.4772020196734,-44.3645600132581;-15.4780934232644,-44.3637174796248 -15.4784193752155,-44.3641086219661;-15.4767535732015,-44.3657403583248 -15.4774755415602,-44.3650410731931;-15.4767535732015,-44.3657403583248 -15.4762847629668,-44.3653059342354;-15.4771103051722,-44.3645959686442 -15.4762847629668,-44.3653059342354;-15.4774755415602,-44.3650410731931 -15.4771103051722,-44.3645959686442;-15.4770153559252,-44.3645609873449 -15.4762112149847,-44.3652265613272;-15.4762112149847,-44.3652265613272 -15.4757696860836,-44.3649304556708;-15.4757696860836,-44.3649304556708 -15.476425907751,-44.3647597621388 -15.4767079974471,-44.3643288420043;-15.4767079974471,-44.3643288420043 -15.4770153559252,-44.3645609873449;-15.4757679640448,-44.3648732967283 -15.4763947146593,-44.3647039667711 -15.476674376637,-44.3642905971512;-15.4763025573455,-44.3640319522105 -15.4757679640448,-44.3648732967283;-15.4763025573455,-44.3640319522105 -15.476674376637,-44.3642905971512;-15.4762435207667,-44.3639924590143 -15.4756767121025,-44.3648677311866;-15.4756767121025,-44.3648677311866 -15.4751404423269,-44.3646006977732;-15.4757716816373,-44.3636785085348 -15.4751404423269,-44.3646006977732;-15.4757716816373,-44.3636785085348 -15.4762435207667,-44.3639924590143;-15.4757203659166,-44.3636359113037 -15.4751048329918,-44.3645697358071;-15.4751048329918,-44.3645697358071 -15.4746291257178,-44.364209047039;-15.4752401279022,-44.363270535263 -15.4746291257178,-44.364209047039;-15.4752401279022,-44.363270535263 -15.4754764679292,-44.3634324113942 -15.4757203659166,-44.3636359113037;-15.4751801419354,-44.3632284350342 -15.4745859532457,-44.364186930291;-15.4745859532457,-44.364186930291 -15.4740976651903,-44.3638155007182;-15.474920048094,-44.3630488033403 -15.4748899711907,-44.3630520990075 -15.4747761196071,-44.3630910718833 -15.4745745463877,-44.3631648518889 -15.4744885306782,-44.3632420748486 -15.4740976651903,-44.3638155007182;-15.474920048094,-44.3630488033403 -15.4751801419354,-44.3632284350342;-15.475965206902,-44.3634590780518 -15.4758515609252,-44.3636313922317;-15.4765869812341,-44.3634625955838 -15.475965206902,-44.3634590780518;-15.4762893695266,-44.3639279785299 -15.4765869812341,-44.3634625955838;-15.4758515609252,-44.3636313922317 -15.4762893695266,-44.3639279785299;-15.4766913890759,-44.363518576429 -15.4763990241256,-44.3639948483477;-15.4773009513392,-44.3643174133356 -15.4770853150334,-44.3638808915761 -15.4769054652616,-44.3636198438642 -15.4766913890759,-44.363518576429;-15.4770982230665,-44.3644856767254 -15.4771239406826,-44.3645037301693 -15.4773009513392,-44.3643174133356;-15.4763990241256,-44.3639948483477 -15.4770982230665,-44.3644856767254;-15.4770117110658,-44.363626859547 -15.4765591735536,-44.3625257129761;-15.4765591735536,-44.3625257129761 -15.4768250309577,-44.3622638304218;-15.4768250309577,-44.3622638304218 -15.4775837249004,-44.363115334278;-15.4775837249004,-44.363115334278 -15.4770117110658,-44.363626859547;-15.4776508714107,-44.3630597631922 -15.4768825303752,-44.3622199886611;-15.477222449363,-44.3618952272078 -15.4768825303752,-44.3622199886611;-15.4779933573598,-44.3627540376815 -15.477222449363,-44.3618952272078;-15.4776508714107,-44.3630597631922 -15.4779933573598,-44.3627540376815;-15.478041368466,-44.3628236919963 -15.4777081536265,-44.3631470042416;-15.4784080976744,-44.3632393314226 -15.4784130717241,-44.3632339119523 -15.478041368466,-44.3628236919963;-15.4780895819122,-44.3635863710011 -15.4784080976744,-44.3632393314226;-15.4780895819122,-44.3635863710011 -15.4777081536265,-44.3631470042416;-15.4776424562533,-44.3632173024387 -15.4780400366094,-44.363647769937;-15.4780400366094,-44.363647769937 -15.4780412998507,-44.363649137681 -15.4773732722405,-44.3642639167136;-15.4773732722405,-44.3642639167136 -15.4770865923707,-44.3637300389577;-15.4770865923707,-44.3637300389577 -15.4776424562533,-44.3632173024387;-15.4775565185682,-44.3697020449364 -15.4774708601746,-44.3701353594868;-15.4770574165817,-44.3681737507683 -15.476940057617,-44.3684299210127;-15.4768535338461,-44.3682883532551 -15.4770574165817,-44.3681737507683;-15.4775565185682,-44.3697020449364 -15.4776365327697,-44.369659467783 -15.4779739089886,-44.3695198691209 -15.4779739563892,-44.3695198498435 -15.4779743749915,-44.369519673646 -15.4783063322196,-44.3693743437824;-15.4774708601746,-44.3701353594868 -15.4783063322196,-44.3693743437824;-15.4768535338461,-44.3682883532551 -15.476940057617,-44.3684299210127;-15.4771105268333,-44.3681502103708 -15.4771724783747,-44.3680927069156;-15.4726585170158,-44.3698151259261 -15.4729017049712,-44.3702452560054 -15.4730230808133,-44.3704514950278 -15.4734606894553,-44.3710295598834 -15.473461131009,-44.3710301455881 -15.4738444878319,-44.3715361525508 -15.473844946919,-44.371536753394 -15.4738449943003,-44.3715368154053 -15.4738454357662,-44.3715373986148 -15.4742515998864,-44.372070647085 -15.4742518098665,-44.3720709177735 -15.4746152230806,-44.372511731181;-15.4726585170158,-44.3698151259261 -15.4731201677843,-44.3695589355271;-15.4731201677843,-44.3695589355271 -15.4734832984224,-44.3702158568542 -15.473953238208,-44.3708024406353 -15.4750570295844,-44.3721426367993;-15.4746152230806,-44.372511731181 -15.4750570295844,-44.3721426367993;-15.4732011316172,-44.3695288025327 -15.4735492378694,-44.3701574021026 -15.4739339267015,-44.3706526710556;-15.4732011316172,-44.3695288025327 -15.4736577970814,-44.3692676466362;-15.4736577970814,-44.3692676466362 -15.4739467162856,-44.3698508652699 -15.474244363489,-44.3703849510891;-15.474244363489,-44.3703849510891 -15.4739339267015,-44.3706526710556;-15.4737480428943,-44.3692256759565 -15.4740047782574,-44.369725031779;-15.4737480428943,-44.3692256759565 -15.4747089227108,-44.3687182194413;-15.4747089227108,-44.3687182194413 -15.4749750130258,-44.3691965950644;-15.4740047782574,-44.369725031779 -15.4749750130258,-44.3691965950644;-15.4747952242563,-44.3686422302793 -15.4750664413492,-44.3691598032712;-15.4747952242563,-44.3686422302793 -15.4757530937454,-44.3681298016862;-15.4757530937454,-44.3681298016862 -15.4760084031636,-44.3686355557283;-15.4750664413492,-44.3691598032712 -15.4760084031636,-44.3686355557283;-15.4758307001579,-44.3680627544151 -15.4760885470725,-44.3686045566772;-15.4758307001579,-44.3680627544151 -15.4767115280421,-44.3675761654309;-15.4771068660414,-44.368055675683 -15.4767115280421,-44.3675761654309;-15.4760885470725,-44.3686045566772 -15.476800386272,-44.3682392069245 -15.4771068660414,-44.368055675683;-15.4769715265362,-44.3684815047763 -15.477143190555,-44.3687637861103 -15.4771434977228,-44.3687642898027 -15.4774770728366,-44.3693305734914;-15.4769715265362,-44.3684815047763 -15.4771105268333,-44.3681502103708;-15.4779147301999,-44.3689385266012 -15.4771724783747,-44.3680927069156;-15.4779147301999,-44.3689385266012 -15.4774770728366,-44.3693305734914;-15.477498733694,-44.36938263667 -15.47763419558,-44.3696146391144;-15.4779491885506,-44.368979040624 -15.477498733694,-44.36938263667;-15.4782537742255,-44.3693537546424 -15.4779491885506,-44.368979040624;-15.47763419558,-44.3696146391144 -15.4782537742255,-44.3693537546424;-15.4764280439421,-44.3692307094945 -15.47685396921,-44.3700464100504;-15.4771168999143,-44.3688092071295 -15.4764280439421,-44.3692307094945;-15.4771168999143,-44.3688092071295 -15.4775877835181,-44.3696312446859;-15.47685396921,-44.3700464100504 -15.4770454582974,-44.3698777857362 -15.4772565028651,-44.3697446055741 -15.4775877835181,-44.3696312446859;-15.4753088803997,-44.3698714073321 -15.4763923765649,-44.3710634769958;-15.4763712162101,-44.3692835831683 -15.4753711157084,-44.3698368918726 -15.4753088803997,-44.3698714073321;-15.4763712162101,-44.3692835831683 -15.4768110008388,-44.37007217147 -15.4768112672976,-44.3700726996845 -15.4768120235065,-44.3700740494265 -15.4768128585141,-44.3700753400217 -15.4768137687443,-44.3700765658825 -15.4768147503168,-44.37007772176 -15.4768157990466,-44.3700788027813 -15.4768169104114,-44.3700798042261 -15.4768180796513,-44.3700807218613 -15.476819301803,-44.3700815517165 -15.4768205715985,-44.3700822902724 -15.4768211611496,-44.3700825940186 -15.4768387275021,-44.3700912888069 -15.4768391709161,-44.3700915130057;-15.4768391709161,-44.3700915130057 -15.4768393187948,-44.3700915877775 -15.4768679437707,-44.3701057872318 -15.4768686668031,-44.3701061289172 -15.4768700154306,-44.3701066775056 -15.4768713948862,-44.3701071264564 -15.4768727992547,-44.370107473816 -15.4768742225513,-44.3701077181163 -15.4768756586546,-44.3701078583015 -15.4768771014412,-44.3701078937269 -15.4768785446838,-44.3701078242714 -15.4768799822549,-44.3701076501869 -15.4768814079905,-44.3701073722483 -15.4768828157581,-44.3701069916419 -15.4768841995581,-44.3701065099639 -15.4768855534557,-44.370105929296 -15.476886871649,-44.3701052520552 -15.4768881485023,-44.3701044812181 -15.4768891444419,-44.3701037935658 -15.4770714871302,-44.3699177984097 -15.4772635397453,-44.3697939298515 -15.4775105810187,-44.3697182434515;-15.4775105810187,-44.3697182434515 -15.4774113008863,-44.3701637720962;-15.4763923765649,-44.3710634769958 -15.4774113008863,-44.3701637720962;-15.4740005058417,-44.3707301989489 -15.4751238779986,-44.3721024585697;-15.4752735623753,-44.3699212587925 -15.4743037433889,-44.3704429428539 -15.4740005058417,-44.3707301989489;-15.4752735623753,-44.3699212587925 -15.4763379745985,-44.3711005395814;-15.4751238779986,-44.3721024585697 -15.4756366789112,-44.3716885935618 -15.4763379745985,-44.3711005395814;-15.4740420899261,-44.3698232582169 -15.474305089773,-44.3703241488922;-15.4740420899261,-44.3698232582169 -15.4750177895872,-44.3692780320962;-15.4750177895872,-44.3692780320962 -15.4752777844041,-44.369793459452;-15.4752777844041,-44.369793459452 -15.474305089773,-44.3703241488922;-15.4750999303239,-44.3692420968625 -15.4753533910097,-44.3697531700391;-15.4750999303239,-44.3692420968625 -15.476817550757,-44.3683130588945;-15.476817550757,-44.3683130588945 -15.4770918144741,-44.3687678985604;-15.4770918144741,-44.3687678985604 -15.4763645997104,-44.3692067866526 -15.4753533910097,-44.3697531700391;-15.4744127857942,-44.3657481494185 -15.4745479843448,-44.3655459089706;-15.4744127857942,-44.3657481494185 -15.4745755065632,-44.3656595319437 -15.4746168029844,-44.3656101796744;-15.4746168029844,-44.3656101796744 -15.4745479843448,-44.3655459089706;-15.4758120719188,-44.3679678854516 -15.476650368933,-44.3675217254832;-15.4755618706347,-44.3674710924603 -15.4758120719188,-44.3679678854516;-15.4755618706347,-44.3674710924603 -15.4762674003401,-44.3670817451978;-15.476650368933,-44.3675217254832 -15.4762674003401,-44.3670817451978;-15.4747548484079,-44.368552507607 -15.475699486986,-44.3680258328676;-15.4745021243936,-44.3680845984025 -15.4747548484079,-44.368552507607;-15.4745021243936,-44.3680845984025 -15.4754505013892,-44.3675629834579;-15.4754505013892,-44.3675629834579 -15.475699486986,-44.3680258328676;-15.4736947702323,-44.3691082444201 -15.4746461954984,-44.3686102441163;-15.4734452438841,-44.3686554770148 -15.4736947702323,-44.3691082444201;-15.4734452438841,-44.3686554770148 -15.47440217418,-44.3681271520897;-15.47440217418,-44.3681271520897 -15.4746461954984,-44.3686102441163;-15.472632726898,-44.3697284618467 -15.473616216538,-44.3691670770086;-15.472363306248,-44.3692090355738 -15.472632726898,-44.3697284618467;-15.472363306248,-44.3692090355738 -15.4732241363035,-44.3687376635119 -15.4733631687885,-44.3686907921869;-15.4733631687885,-44.3686907921869 -15.473616216538,-44.3691670770086;-15.4720697155825,-44.3686055999467 -15.4723365046755,-44.3691417023559;-15.4720697155825,-44.3686055999467 -15.4728628913062,-44.3681530189917;-15.4728628913062,-44.3681530189917 -15.4731371425813,-44.3686851573441;-15.4723365046755,-44.3691417023559 -15.4731371425813,-44.3686851573441;-15.4717627808728,-44.367991881752 -15.4720342141213,-44.3685174949171;-15.4717627808728,-44.367991881752 -15.4727423670059,-44.367468540484;-15.4727423670059,-44.367468540484 -15.4730094733461,-44.3679847571936;-15.4720342141213,-44.3685174949171 -15.4730094733461,-44.3679847571936;-15.4714727418053,-44.3673931177695 -15.4717357139718,-44.3679375566538;-15.4714727418053,-44.3673931177695 -15.472459303885,-44.3668806416484;-15.472459303885,-44.3668806416484 -15.4727087803357,-44.3674016625857;-15.4717357139718,-44.3679375566538 -15.4727087803357,-44.3674016625857;-15.4725054403449,-44.3668567679826 -15.472648893814,-44.3667797320011 -15.4735261425373,-44.3662980107225;-15.4735261425373,-44.3662980107225 -15.4737948695718,-44.3668334225735;-15.472768393898,-44.3673711166208 -15.4737948695718,-44.3668334225735;-15.4725054403449,-44.3668567679826 -15.472768393898,-44.3673711166208;-15.4735907189347,-44.3662634686933 -15.4745789527286,-44.3657423894775;-15.4745789527286,-44.3657423894775 -15.4748313953305,-44.3662836122413;-15.4738606422234,-44.3667951655938 -15.4748313953305,-44.3662836122413;-15.4735907189347,-44.3662634686933 -15.4738606422234,-44.3667951655938;-15.4758150366722,-44.3664729111396 -15.4755888784539,-44.366249729147 -15.474674010613,-44.3656408591852;-15.4752156163804,-44.3668439581086 -15.4758150366722,-44.3664729111396;-15.4746388381469,-44.3656997706989 -15.4749230482153,-44.3662691845669 -15.4752156163804,-44.3668439581086;-15.4746388381469,-44.3656997706989 -15.474674010613,-44.3656408591852;-15.476221390222,-44.3670022050008 -15.4758717758855,-44.3665364422255;-15.4755291858857,-44.3673821034033 -15.476221390222,-44.3670022050008;-15.4752452395265,-44.366895545098 -15.4755291858857,-44.3673821034033;-15.4752452395265,-44.366895545098 -15.4758717758855,-44.3665364422255;-15.4751265326245,-44.366965236788 -15.4753997067998,-44.3674703752457;-15.4744288832325,-44.367985921283 -15.4753997067998,-44.3674703752457;-15.4741808120712,-44.3674707387148 -15.4744288832325,-44.367985921283;-15.4741808120712,-44.3674707387148 -15.4751265326245,-44.366965236788;-15.4740986184954,-44.3675154254135 -15.4743527586932,-44.368028908201;-15.473575038158,-44.3684426497476 -15.4743527586932,-44.368028908201;-15.4733332488092,-44.3679395465413 -15.473575038158,-44.3684426497476;-15.4733332488092,-44.3679395465413 -15.4740986184954,-44.3675154254135;-15.4732323823054,-44.3679960348544 -15.473492218615,-44.3685204382984;-15.4732139666984,-44.3686518044641 -15.473492218615,-44.3685204382984;-15.4729562109773,-44.3681435218452 -15.4732139666984,-44.3686518044641;-15.4729562109773,-44.3681435218452 -15.4732323823054,-44.3679960348544;-15.4728360633217,-44.3674471837554 -15.4730967080891,-44.3679313043773;-15.4728360633217,-44.3674471837554 -15.4738159551177,-44.3669087975965;-15.4738159551177,-44.3669087975965 -15.4740532947696,-44.3674312269725;-15.4730967080891,-44.3679313043773 -15.4740532947696,-44.3674312269725;-15.4738963880192,-44.3668661311791 -15.4741492775592,-44.3673919276739;-15.4738963880192,-44.3668661311791 -15.4748248480328,-44.3663599793574;-15.4748248480328,-44.3663599793574 -15.4750987289728,-44.3669102072519;-15.4741492775592,-44.3673919276739 -15.4750987289728,-44.3669102072519;-15.4736863118243,-44.3732776335568 -15.4745606189912,-44.372572400642;-15.4733520230434,-44.3728248165493 -15.4736863118243,-44.3732776335568;-15.4733520230434,-44.3728248165493 -15.4741826946237,-44.3721153491808;-15.4741826946237,-44.3721153491808 -15.4745606189912,-44.372572400642;-15.4734149518901,-44.3734737117333 -15.4736230521169,-44.3733251185491;-15.4720291541792,-44.3720536179014 -15.4728409828172,-44.3728894702322 -15.4728412829535,-44.372889772423 -15.4734149518901,-44.3734737117333;-15.4720291541792,-44.3720536179014 -15.4723707172821,-44.3717183432794;-15.4723707172821,-44.3717183432794 -15.4728261960083,-44.3723056587465 -15.4732476925841,-44.3728372611535 -15.4736230521169,-44.3733251185491;-15.4729230147857,-44.3738848740151 -15.4733486429506,-44.3735206120408;-15.4724178761379,-44.3733616298397 -15.4729230147857,-44.3738848740151;-15.4724178761379,-44.3733616298397 -15.4728254318512,-44.3729398722786;-15.4728254318512,-44.3729398722786 -15.4733486429506,-44.3735206120408;-15.4717526148184,-44.3748618623908 -15.4728536857628,-44.3739432586757;-15.4715904736267,-44.3738659958982 -15.4717526148184,-44.3748618623908;-15.4715904736267,-44.3738659958982 -15.472356115055,-44.3734219249488;-15.472356115055,-44.3734219249488 -15.4728536857628,-44.3739432586757;-15.471231029082,-44.3753310046417 -15.4717000241185,-44.3749247635447;-15.4709419181251,-44.3740150556833 -15.471231029082,-44.3753310046417;-15.4709419181251,-44.3740150556833 -15.4715152812772,-44.3738884303556;-15.4715152812772,-44.3738884303556 -15.4717000241185,-44.3749247635447;-15.4709190115762,-44.3739208114267 -15.4714973692862,-44.3737977841163;-15.4706832048514,-44.3728165413404 -15.4709190115762,-44.3739208114267;-15.4706832048514,-44.3728165413404 -15.4712581804719,-44.3727031324516;-15.4712581804719,-44.3727031324516 -15.4714973692862,-44.3737977841163;-15.4706636891705,-44.3727580871204 -15.471242438448,-44.3726356868894;-15.4704854197213,-44.3716912552822 -15.4706636891705,-44.3727580871204;-15.4704854197213,-44.3716912552822 -15.4708273722426,-44.3715385619327;-15.4708273722426,-44.3715385619327 -15.4711796335884,-44.372210642784;-15.4703615441971,-44.3710059097705 -15.4704776254786,-44.3716407269073;-15.4703615441971,-44.3710059097705 -15.4707474034189,-44.3708021931319;-15.4704776254786,-44.3716407269073 -15.4711891333833,-44.3712860619231;-15.4707474034189,-44.3708021931319 -15.4711891333833,-44.3712860619231;-15.4712581408029,-44.3712411583168 -15.4718281838007,-44.3709273551584;-15.470836721395,-44.3707552045166 -15.4712581408029,-44.3712411583168;-15.470836721395,-44.3707552045166 -15.4715490273612,-44.3703783549596;-15.4715490273612,-44.3703783549596 -15.4718281838007,-44.3709273551584;-15.4718866589812,-44.3708924641552 -15.4726475754814,-44.3704459558871 -15.4728399877906,-44.3702580364262;-15.4716232240047,-44.3703358453704 -15.4718866589812,-44.3708924641552;-15.4716232240047,-44.3703358453704 -15.4726060309423,-44.3698331093765;-15.4726060309423,-44.3698331093765 -15.4728399877906,-44.3702580364262;-15.4720473073999,-44.3712014879395 -15.4729634565281,-44.3704826170333;-15.4719045495818,-44.3709403733794 -15.4720473073999,-44.3712014879395;-15.4719045495818,-44.3709403733794 -15.4726752449577,-44.3704927460831 -15.4728722017069,-44.3703091700105;-15.4728722017069,-44.3703091700105 -15.4729634565281,-44.3704826170333;-15.4726353818401,-44.3715272260596 -15.4733249414513,-44.3709709920849;-15.4726353818401,-44.3715272260596 -15.472295642022,-44.371105921337;-15.472295642022,-44.371105921337 -15.4730005603027,-44.3705365268362;-15.4730005603027,-44.3705365268362 -15.4733249414513,-44.3709709920849;-15.4728681283154,-44.3722289269436 -15.4737306814704,-44.371508634256;-15.4725321674349,-44.3717611757864 -15.4728681283154,-44.3722289269436;-15.4725321674349,-44.3717611757864 -15.4733812406215,-44.3710639830898;-15.4733812406215,-44.3710639830898 -15.4737306814704,-44.371508634256;-15.4732878806411,-44.372737964352 -15.4741282167149,-44.3720296712622;-15.4729375919152,-44.3722968390867 -15.4732878806411,-44.372737964352;-15.4729375919152,-44.3722968390867 -15.4737932848718,-44.3715940317801;-15.4737932848718,-44.3715940317801 -15.4741282167149,-44.3720296712622;-15.4724550799063,-44.3716915256556 -15.47259196175,-44.3715831993511;-15.4720830383215,-44.37126435562 -15.4724550799063,-44.3716915256556;-15.4720830383215,-44.37126435562 -15.4722346372143,-44.3711254433767;-15.47259196175,-44.3715831993511 -15.4722346372143,-44.3711254433767;-15.4719986250922,-44.37201188754 -15.4723412112729,-44.371673638282;-15.4713038655263,-44.3712959750563 -15.4719986250922,-44.37201188754;-15.4713038655263,-44.3712959750563 -15.4718430052285,-44.3709766550194;-15.4718430052285,-44.3709766550194 -15.4720069007604,-44.371282469172 -15.4723412112729,-44.371673638282;-15.4715129124112,-44.3724941016829 -15.4719645531349,-44.3720508369983;-15.4708965969104,-44.3715091055366 -15.4712194236906,-44.3721878528169 -15.4715129124112,-44.3724941016829;-15.4708965969104,-44.3715091055366 -15.4712399186314,-44.3713292436055;-15.4712399186314,-44.3713292436055 -15.4719645531349,-44.3720508369983;-15.4723865375549,-44.3733145870841 -15.4727922721034,-44.3729061574922;-15.4715481767206,-44.3725261951038 -15.471670798046,-44.3726367855562 -15.47167088415,-44.3726368633577 -15.4716712759332,-44.3726372269495 -15.4719327991107,-44.3728849006552 -15.4719331857592,-44.3728852689761 -15.4723865375549,-44.3733145870841;-15.4715481767206,-44.3725261951038 -15.4719946705935,-44.3720872306962;-15.4719946705935,-44.3720872306962 -15.4727922721034,-44.3729061574922;-15.4715669493996,-44.3737922346673 -15.4722782759644,-44.3733788965581;-15.4713068797311,-44.3727036349212 -15.4715669493996,-44.3737922346673;-15.4713068797311,-44.3727036349212 -15.4714977237387,-44.3725707477627;-15.4714977237387,-44.3725707477627 -15.4722782759644,-44.3733788965581;-15.471242438448,-44.3726356868894 -15.4711796335884,-44.372210642784;-15.4712924274852,-44.3726246335392 -15.4714727271334,-44.3725223413903;-15.4712495216429,-44.3723046474609 -15.4712924274852,-44.3726246335392;-15.4712495216429,-44.3723046474609 -15.4714727271334,-44.3725223413903;-15.4696013145595,-44.3637296800829 -15.4700561006834,-44.3634964564297;-15.4737787197147,-44.3653561153365 -15.4740272037598,-44.3652276507722;-15.4738959160597,-44.3651303406029 -15.4737787197147,-44.3653561153365;-15.4726859631862,-44.3644784044591 -15.4727569911442,-44.3646310679756;-15.4726859631862,-44.3644784044591 -15.4728817936057,-44.3643746069395;-15.4740272037598,-44.3652276507722 -15.473971342045,-44.3651868518797 -15.4739707502357,-44.3651864224003 -15.4739707035532,-44.3651863885228 -15.4739704657426,-44.3651862149703 -15.4739701235462,-44.365185961838 -15.4738959160597,-44.3651303406029;-15.4729250647257,-44.3644051201891 -15.4727981411787,-44.3644633626409 -15.4727707309019,-44.3645473922246 -15.4727569911442,-44.3646310679756;-15.4696013145595,-44.3637296800829 -15.4693266289234,-44.3632101096109;-15.4700561006834,-44.3634964564297 -15.4697956676039,-44.3629833643924;-15.4697956676039,-44.3629833643924 -15.4693266289234,-44.3632101096109;-15.4729255368924,-44.3644043732258 -15.4729256244251,-44.3643988279999 -15.47288774935,-44.3643715672674 -15.4728825778511,-44.3643741912598;-15.4735557628799,-44.366206467807 -15.4743313117203,-44.3657899990325 -15.4744910417607,-44.3655278698287;-15.4732769282344,-44.3656710685373 -15.4735557628799,-44.366206467807;-15.4732769282344,-44.3656710685373 -15.4737324045014,-44.3654355739867 -15.4737331131048,-44.365435212025 -15.4737332037226,-44.3654351657366 -15.4737337095434,-44.3654349052671 -15.4740911654319,-44.365239471362;-15.4744910417607,-44.3655278698287 -15.4740911654319,-44.365239471362;-15.4727028596836,-44.3666733445362 -15.4735025825113,-44.3662294890622;-15.4724435663386,-44.3661242131248 -15.4727028596836,-44.3666733445362;-15.4724435663386,-44.3661242131248 -15.4732267425716,-44.3657001215595;-15.4732267425716,-44.3657001215595 -15.4735025825113,-44.3662294890622;-15.4722994467842,-44.3668718318261 -15.4725945255977,-44.3667142766045;-15.4720484413912,-44.3663403763084 -15.4722994467842,-44.3668718318261;-15.4723464628873,-44.3661801939278 -15.4725945255977,-44.3667142766045;-15.4719582421188,-44.3663856567313 -15.4722219290658,-44.3668985499743;-15.4714461199891,-44.3673252602185 -15.4722219290658,-44.3668985499743;-15.4711786695185,-44.366813498854 -15.4714461199891,-44.3673252602185;-15.4711786695185,-44.366813498854 -15.4719582421188,-44.3663856567313;-15.4711382052428,-44.3667317436124 -15.4721341771127,-44.3662178398204;-15.4708729656377,-44.3662231027759 -15.4711382052428,-44.3667317436124;-15.4718688898516,-44.3657000102773 -15.4708729656377,-44.3662231027759;-15.4718688898516,-44.3657000102773 -15.4721341771127,-44.3662178398204;-15.471831626488,-44.3656134350006 -15.470833866767,-44.366144668648;-15.4705715641283,-44.3656087693005 -15.470833866767,-44.366144668648;-15.4705715641283,-44.3656087693005 -15.4715553062733,-44.3650851809171;-15.4715553062733,-44.3650851809171 -15.471831626488,-44.3656134350006;-15.4705311309147,-44.3655292411491 -15.4715033080052,-44.3649921067759;-15.4702663630368,-44.3650109199878 -15.4705311309147,-44.3655292411491;-15.4702663630368,-44.3650109199878 -15.4712441179568,-44.3644814738234;-15.4712441179568,-44.3644814738234 -15.4715033080052,-44.3649921067759;-15.4702386869604,-44.3649399117985 -15.4711986623347,-44.3644068734818;-15.4702386869604,-44.3649399117985 -15.4699633303842,-44.3644219979663;-15.4699633303842,-44.3644219979663 -15.4709409139569,-44.3638874852097;-15.4709409139569,-44.3638874852097 -15.4711986623347,-44.3644068734818;-15.4699290721355,-44.3643414181411 -15.4709086401375,-44.3637954895394;-15.4699290721355,-44.3643414181411 -15.4696639192046,-44.3638345146312;-15.4696639192046,-44.3638345146312 -15.4706527809373,-44.3632671641047;-15.4706527809373,-44.3632671641047 -15.4709086401375,-44.3637954895394;-15.4701401221455,-44.3634567144068 -15.4706032389055,-44.3632109405754;-15.4701401221455,-44.3634567144068 -15.4698681035875,-44.3629380480125;-15.4698681035875,-44.3629380480125 -15.4703737566637,-44.362702749608;-15.4706032389055,-44.3632109405754 -15.4703737566637,-44.362702749608;-15.4693144210326,-44.3631480853667 -15.4702917111206,-44.3626497261641;-15.4693144210326,-44.3631480853667 -15.4690323629637,-44.3626226151093;-15.4694278148032,-44.3623725613139 -15.4690323629637,-44.3626226151093;-15.4702917111206,-44.3626497261641 -15.4694278148032,-44.3623725613139;-15.4689998905574,-44.3625560655695 -15.4693025929853,-44.3623553612516;-15.4689998905574,-44.3625560655695 -15.4688524034134,-44.362271202684;-15.4693025929853,-44.3623553612516 -15.4688524034134,-44.362271202684;-15.4713169052433,-44.3644347432273 -15.4722332635213,-44.3639551525517;-15.4722332635213,-44.3639551525517 -15.4728093001727,-44.3643491580467;-15.4715892197438,-44.3649644311821 -15.4728093001727,-44.3643491580467;-15.4713169052433,-44.3644347432273 -15.4715892197438,-44.3649644311821;-15.4734020596327,-44.3647759744291 -15.4729717336379,-44.3650407899369;-15.4727988506452,-44.3646905225192 -15.4729717336379,-44.3650407899369;-15.4729498462113,-44.3644592273096 -15.4728671460528,-44.3644973191941 -15.4728182910817,-44.3645726095796 -15.4727988506452,-44.3646905225192;-15.4729498462113,-44.3644592273096 -15.4734020596327,-44.3647759744291;-15.4738592279372,-44.3651032286534 -15.4734540714441,-44.3648011438984;-15.4720484413912,-44.3663403763084 -15.4723464628873,-44.3661801939278;-15.4732499919966,-44.3656302825952 -15.4737077092481,-44.3653945487368 -15.4738592279372,-44.3651032286534;-15.4729922757952,-44.3650845073703 -15.4732499919966,-44.3656302825952;-15.4734540714441,-44.3648011438984 -15.4729922757952,-44.3650845073703;-15.472953826049,-44.3651087752538 -15.4732011984414,-44.3656486855432;-15.472186199677,-44.3661919365509 -15.4732011984414,-44.3656486855432;-15.4719306987531,-44.3656628002902 -15.472186199677,-44.3661919365509;-15.472953826049,-44.3651087752538 -15.4719306987531,-44.3656628002902;-15.4729236772062,-44.3650505579217 -15.4718965513503,-44.3655840698469;-15.4716176269714,-44.3650556756804 -15.4718965513503,-44.3655840698469;-15.4716176269714,-44.3650556756804 -15.4726442595459,-44.3645061685762;-15.4726442595459,-44.3645061685762 -15.4729236772062,-44.3650505579217;-15.4784302188591,-44.3573365717846 -15.4782594290613,-44.3572877541249;-15.4783637620063,-44.3549216455378 -15.4781830013643,-44.3547392712082 -15.4779320167707,-44.3544692404702 -15.4770308833605,-44.3527008515341;-15.4770308833605,-44.3527008515341 -15.4777126860787,-44.3524937503219;-15.4786662970665,-44.3526573274615 -15.4779219363564,-44.3525965712842 -15.4777631988956,-44.3525414429964 -15.4777126860787,-44.3524937503219;-15.4786662970665,-44.3526573274615 -15.478589671344,-44.3532265802164 -15.4783637620063,-44.3549216455378;-15.4769173336383,-44.3526807925592 -15.4767190523745,-44.3523909690532 -15.4766185842731,-44.3523301224439 -15.4764366029837,-44.352290247634 -15.4761345810254,-44.3522583632093 -15.4759997675869,-44.3522483627152 -15.4751837371496,-44.3522098732122 -15.4747990452586,-44.3521554487931 -15.4743991931108,-44.3520907527956 -15.4740508388893,-44.3520374627427 -15.4736540476123,-44.3519752985911 -15.473410899963,-44.3520150557149;-15.4787656346238,-44.3553851321374 -15.4785872261375,-44.3552191325626 -15.4781538615668,-44.3547759311172 -15.4781536428509,-44.3547757152393 -15.4781531859573,-44.3547752410318 -15.477898470757,-44.3544966374252 -15.4769173336383,-44.3526807925592;-15.4787656346238,-44.3553851321374 -15.4780795030136,-44.356602964995 -15.4784302188591,-44.3573365717846;-15.4791538202963,-44.3557340700494 -15.4788353584273,-44.3554534173899;-15.4791538202963,-44.3557340700494 -15.4783339146343,-44.3568938031349;-15.4788353584273,-44.3554534173899 -15.4781923594547,-44.3566208654271 -15.4783339146343,-44.3568938031349;-15.4792119984669,-44.3557859461286 -15.4796075959425,-44.3561269641858 -15.4796423742876,-44.3561428002083;-15.4796423742876,-44.3561428002083 -15.4787493260284,-44.3573996409267;-15.4787493260284,-44.3573996409267 -15.4785554237207,-44.3573571962574;-15.4783904354759,-44.3569727203257 -15.4785554237207,-44.3573571962574;-15.4792119984669,-44.3557859461286 -15.4783904354759,-44.3569727203257;-15.4801888861161,-44.3565069390745 -15.4797182635985,-44.3561832251901;-15.4801888861161,-44.3565069390745 -15.4794857057008,-44.3575370928736;-15.4794857057008,-44.3575370928736 -15.4788591337848,-44.357422235933;-15.4797182635985,-44.3561832251901 -15.4788591337848,-44.357422235933;-15.4807548186533,-44.3568704973682 -15.4802825411231,-44.3565776488203;-15.4807548186533,-44.3568704973682 -15.4801407850477,-44.3577397383695;-15.4801407850477,-44.3577397383695 -15.4795959941494,-44.3575887173254;-15.4802825411231,-44.3565776488203 -15.4795959941494,-44.3575887173254;-15.4825633678706,-44.3579217327628 -15.4820018424801,-44.3575893790945 -15.4808165307278,-44.3569079028164;-15.4825633678706,-44.3579217327628 -15.48227393233,-44.3582609037127;-15.48227393233,-44.3582609037127 -15.4821985385639,-44.3582620828534 -15.4802759532608,-44.357741561874;-15.4808165307278,-44.3569079028164 -15.4802759532608,-44.357741561874;-15.4810383598186,-44.3565178227173 -15.4808859007345,-44.3568462274704;-15.4810383598186,-44.3565178227173 -15.4816197700328,-44.3565781855736;-15.4830252678295,-44.3574113245421 -15.4816197700328,-44.3565781855736;-15.4826365240102,-44.3578952822589 -15.4830252678295,-44.3574113245421;-15.4826365240102,-44.3578952822589 -15.4808859007345,-44.3568462274704;-15.4813004238447,-44.3564065479666 -15.481972171914,-44.3554044850127;-15.4824340616323,-44.3557133447908 -15.481972171914,-44.3554044850127;-15.4818861542476,-44.3565331679091 -15.4824340616323,-44.3557133447908;-15.4813004238447,-44.3564065479666 -15.4818861542476,-44.3565331679091;-15.4820247788782,-44.3553235551208 -15.4826198661569,-44.354404399445;-15.4831271520941,-44.3547102686394 -15.4826198661569,-44.354404399445;-15.4824840974197,-44.3556455554222 -15.4831271520941,-44.3547102686394;-15.4824840974197,-44.3556455554222 -15.4820247788782,-44.3553235551208;-15.4819564366266,-44.356552728283 -15.4825112220362,-44.355739510422 -15.4825113889535,-44.3557392659395 -15.4831710651782,-44.3547397805094;-15.4835643076858,-44.3549932869469 -15.4831710651782,-44.3547397805094;-15.4824454726702,-44.3566182830013 -15.4835643076858,-44.3549932869469;-15.4819564366266,-44.356552728283 -15.4824454726702,-44.3566182830013;-15.4824964254924,-44.3566317095601 -15.483602584525,-44.3550188728955;-15.4840337235897,-44.3553111559633 -15.483602584525,-44.3550188728955;-15.4829854355427,-44.3566880415114 -15.4840337235897,-44.3553111559633;-15.4824964254924,-44.3566317095601 -15.4829854355427,-44.3566880415114;-15.4830372667781,-44.3566942534586 -15.4840812723955,-44.3553351078151;-15.4845065193998,-44.3556317073192 -15.4840812723955,-44.3553351078151;-15.4835287889233,-44.3567987603844 -15.4845065193998,-44.3556317073192;-15.4830372667781,-44.3566942534586 -15.4835287889233,-44.3567987603844;-15.4830495950978,-44.3573821820578 -15.4834844058443,-44.3568456879462;-15.4830495950978,-44.3573821820578 -15.481735123048,-44.3565918845169;-15.481735123048,-44.3565918845169 -15.4829923944331,-44.3567365623015 -15.4829926070338,-44.3567365852365 -15.4834844058443,-44.3568456879462;-15.4815478725836,-44.3519645672944 -15.4816997844007,-44.3520495668855;-15.4831187943868,-44.3513202324667 -15.482746186038,-44.350890206016;-15.4831187943868,-44.3513202324667 -15.4842014726694,-44.3504018721842;-15.4837497314921,-44.351644241379 -15.4844492017021,-44.3510017650379;-15.4839023358145,-44.3499522358941 -15.4838380557975,-44.3499431686877 -15.482746186038,-44.350890206016;-15.4815974513631,-44.3518696255788 -15.4815478725836,-44.3519645672944;-15.47982580959,-44.3499856863498 -15.4799895933701,-44.349774291968 -15.4810067396338,-44.3484861009979 -15.4815319899489,-44.3478118894344 -15.4817146293926,-44.3474582683838 -15.4820484968864,-44.3469802970736 -15.4822839204247,-44.3466195517894 -15.4825287349982,-44.3463021995645 -15.4826747817874,-44.3460904155286 -15.4827162318739,-44.3458456009551 -15.4826229691792,-44.3454531204484 -15.4825150007302,-44.3450709418831;-15.4834155401695,-44.3512193779922 -15.4842315887478,-44.3505017733693;-15.4802546825834,-44.3502699410248 -15.4800588883516,-44.3501381069619 -15.47982580959,-44.3499856863498;-15.4853105095968,-44.3529932949796 -15.4851793040988,-44.3521883208153;-15.4816997844007,-44.3520495668855 -15.4815974513631,-44.3518696255788;-15.4837497314921,-44.351644241379 -15.4834155401695,-44.3512193779922;-15.4836564687974,-44.3517012352479 -15.4833207594323,-44.3512824199216;-15.4839139542958,-44.3498075685263 -15.4839751163375,-44.3498308000938 -15.4841946728738,-44.3502644991124 -15.4842640544371,-44.3504015513563 -15.4843157141417,-44.3504712004081 -15.4844762887059,-44.3507856845087 -15.4845248681129,-44.3509598417614;-15.4820439356537,-44.3515186100462 -15.4826914589706,-44.3509434758538;-15.4842014726694,-44.3504018721842 -15.4839813500419,-44.3499732847662 -15.4839027406005,-44.3499532073805 -15.4839023358145,-44.3499522358941;-15.4830676582076,-44.3513613271306 -15.4826914589706,-44.3509434758538;-15.4844492017021,-44.3510017650379 -15.4843982938661,-44.3507734616976 -15.4842952530586,-44.3505842582462 -15.4842315887478,-44.3505017733693;-15.4850492958367,-44.3522404030333 -15.4851793040988,-44.3521883208153;-15.4845248681129,-44.3509598417614 -15.4846003011777,-44.3509057476473;-15.4841547484614,-44.355284060761 -15.4830708610686,-44.3545600742013 -15.4826517780807,-44.3542863146133;-15.4826517780807,-44.3542863146133 -15.4831219393908,-44.3536622168227;-15.4848818124875,-44.3545634888135 -15.4847455783872,-44.3544064880941 -15.4847449309464,-44.3544057487483 -15.4847448890451,-44.3544057009001 -15.4847444200375,-44.3544051638535 -15.4845958403199,-44.3542356498279 -15.4838074692743,-44.3539636460633 -15.4838069622774,-44.3539634623719 -15.4838068829629,-44.3539634332534 -15.483806232091,-44.3539631942881 -15.4831219393908,-44.3536622168227;-15.4841547484614,-44.355284060761 -15.4848818124875,-44.3545634888135;-15.4825786842977,-44.3542460961518 -15.4818477043578,-44.3537967072752;-15.4823847644337,-44.3530998553376 -15.4818477043578,-44.3537967072752;-15.4830441085348,-44.3536058343406 -15.4827740353149,-44.3534319382745 -15.4823847644337,-44.3530998553376;-15.4825786842977,-44.3542460961518 -15.4830441085348,-44.3536058343406;-15.4817578300142,-44.3537599238063 -15.4814647784319,-44.3535723624778;-15.4819890496046,-44.352436616912 -15.4814647784319,-44.3535723624778;-15.482363552668,-44.3529708407021 -15.4819890496046,-44.352436616912;-15.482363552668,-44.3529708407021 -15.4817578300142,-44.3537599238063;-15.4814049109192,-44.3535387340298 -15.4809404028163,-44.3532734217224;-15.4815240035523,-44.3520112730767 -15.4812341607442,-44.3525432788742 -15.4812340123556,-44.3525436287337 -15.4809404028163,-44.3532734217224;-15.4815240035523,-44.3520112730767 -15.4818014875831,-44.3521595146037;-15.4819580713748,-44.3523957968793 -15.4818014875831,-44.3521595146037;-15.4819580713748,-44.3523957968793 -15.4814049109192,-44.3535387340298;-15.4820002401352,-44.3523682982813 -15.4818366203187,-44.3521123514455 -15.4816610252247,-44.3518642972774;-15.4816610252247,-44.3518642972774 -15.4820088428404,-44.3515716383156;-15.4820088428404,-44.3515716383156 -15.4823723178584,-44.352039961381;-15.4820002401352,-44.3523682982813 -15.4823723178584,-44.352039961381;-15.4824035500718,-44.3528941993664 -15.4820353391114,-44.3524239898389;-15.4820353391114,-44.3524239898389 -15.4824142910713,-44.3520931709676;-15.4824142910713,-44.3520931709676 -15.4827735279991,-44.3525265178881;-15.4824035500718,-44.3528941993664 -15.4827735279991,-44.3525265178881;-15.4839139542958,-44.3498075685263 -15.4816333333333,-44.3517933333333;-15.4816333333333,-44.3517933333333 -15.4812349984598,-44.3512134276379 -15.4809681403158,-44.3509188355076 -15.4807484861651,-44.3506902417314 -15.4802990203443,-44.3502918739567;-15.4802990203443,-44.3502918739567 -15.4805324434298,-44.3499857897899 -15.4820072132542,-44.3480199366596 -15.4823001314602,-44.3477652449995 -15.4824989294702,-44.3477023779696 -15.4826613520432,-44.3476848764668 -15.4828135424286,-44.3477149027085 -15.4830415179044,-44.3478379576529 -15.4832539962339,-44.3480785865413 -15.4846003011777,-44.3509057476473;-15.482819501141,-44.3524644982701 -15.4836564687974,-44.3517012352479;-15.482819501141,-44.3524644982701 -15.4824599225075,-44.352043200916;-15.4824599225075,-44.352043200916 -15.4833207594323,-44.3512824199216;-15.4830676582076,-44.3513613271306 -15.4824143956966,-44.351985035016;-15.4824143956966,-44.351985035016 -15.4820439356537,-44.3515186100462;-15.4846384152469,-44.3509850177842 -15.4847114399504,-44.3510651132998 -15.4847672724892,-44.3512107880972 -15.4851367778835,-44.3520855335433;-15.4848993009668,-44.3520342072162 -15.483751957982,-44.353042217781;-15.483751957982,-44.353042217781 -15.4841464281774,-44.3535896877286;-15.4838284687576,-44.3538733889409 -15.4841464281774,-44.3535896877286;-15.4838284687576,-44.3538733889409 -15.4830926372964,-44.3535441435259 -15.482811884347,-44.3533818746641 -15.4824306777481,-44.3530172393574;-15.4824306777481,-44.3530172393574 -15.482892367525,-44.3525518689354 -15.4846384152469,-44.3509850177842;-15.4853105095968,-44.3529932949796 -15.4852772520738,-44.3529396288068 -15.4851374269948,-44.3525252015131 -15.4850492958367,-44.3522404030333;-15.4850184860078,-44.3521821921965 -15.4851367778835,-44.3520855335433;-15.4853510757832,-44.3539229194277 -15.4844320556778,-44.3525354155006;-15.4844320556778,-44.3525354155006 -15.4849050550222,-44.3521401808829;-15.4849050550222,-44.3521401808829 -15.4849546903811,-44.3521706764494 -15.4850050538389,-44.3522608114159 -15.4852245096172,-44.352910978413 -15.4854080792714,-44.3534370207217 -15.4855379165235,-44.3537437963992;-15.4855379165235,-44.3537437963992 -15.4855128173987,-44.353806122454 -15.4853510757832,-44.3539229194277;-15.4848993009668,-44.3520342072162 -15.4850184860078,-44.3521821921965;-15.4852813046381,-44.354966751451 -15.4848996234178,-44.3544248596381;-15.4853395902883,-44.3540403309524 -15.4848996234178,-44.3544248596381;-15.485747074049,-44.3546411786482 -15.4853395902883,-44.3540403309524;-15.4852813046381,-44.354966751451 -15.485747074049,-44.3546411786482;-15.4848359284821,-44.3543635237742 -15.4845905850262,-44.3540639216693;-15.4845905850262,-44.3540639216693 -15.4850914872647,-44.3536604842537;-15.4852986834136,-44.3539758657381 -15.4850914872647,-44.3536604842537;-15.4852986834136,-44.3539758657381 -15.4848359284821,-44.3543635237742;-15.4845522041699,-44.3541377090981 -15.4839295025265,-44.3539141063663;-15.4839295025265,-44.3539141063663 -15.484214397564,-44.3536885041657;-15.4845522041699,-44.3541377090981 -15.484214397564,-44.3536885041657;-15.4845528398792,-44.3539766360168 -15.4838565976929,-44.3530443628946;-15.4838565976929,-44.3530443628946 -15.4843549702378,-44.3526056145807;-15.4850374258556,-44.3535797563877 -15.4843549702378,-44.3526056145807;-15.4845528398792,-44.3539766360168 -15.4850374258556,-44.3535797563877;-15.4802546825834,-44.3502699410248 -15.4805014875591,-44.3499472442368 -15.4819489195301,-44.3479788231813 -15.4822817802891,-44.347690982624 -15.4824960783639,-44.3476272163535 -15.4826541296576,-44.3476127983189 -15.4828430450174,-44.3476562183439 -15.4830923465553,-44.3477793116734 -15.4833077811379,-44.3480270596584 -15.4846497315535,-44.3508660871005 -15.4848062946857,-44.3510325171457 -15.4852021874509,-44.3519614130191 -15.4852685240208,-44.3521886815695 -15.4853024111417,-44.3524135321164 -15.4854463092217,-44.3532720620625 -15.4855139601181,-44.3534949091368 -15.4856095044831,-44.3536862986781;-15.4864520454197,-44.3661687410755 -15.4868501408342,-44.3657442608777;-15.4868501408342,-44.3657442608777 -15.4872033001973,-44.3662268397552 -15.4872033436332,-44.3662268979947 -15.4872035009917,-44.3662271097787 -15.4878440833824,-44.367106757893;-15.4878440833824,-44.367106757893 -15.4874756593639,-44.3674700938243;-15.4864520454197,-44.3661687410755 -15.4874756593639,-44.3674700938243;-15.4869001921814,-44.3656915568326 -15.4878032699574,-44.3647464933709;-15.4878032699574,-44.3647464933709 -15.4881388260211,-44.3652696748166;-15.4872416472224,-44.3661285446349 -15.4881388260211,-44.3652696748166;-15.4869001921814,-44.3656915568326 -15.4872416472224,-44.3661285446349;-15.4872838411777,-44.3661860084857 -15.4882104119461,-44.3653516051343;-15.4882104119461,-44.3653516051343 -15.488259320776,-44.3654351385243 -15.4888395526695,-44.3661673445973;-15.4879294251321,-44.3670244025731 -15.4883743488779,-44.366628586957 -15.4888395526695,-44.3661673445973;-15.4872838411777,-44.3661860084857 -15.4879294251321,-44.3670244025731;-15.4884662564165,-44.3666797680285 -15.4889007149363,-44.3663017457038;-15.4889007149363,-44.3663017457038 -15.4890489960954,-44.3665507116006;-15.4890489960954,-44.3665507116006 -15.488857058877,-44.3671876630101;-15.4884662564165,-44.3666797680285 -15.488857058877,-44.3671876630101;-15.4891092260461,-44.3666560687787 -15.4888989799179,-44.3672493587915 -15.4888070897143,-44.3675687663387;-15.4891092260461,-44.3666560687787 -15.489909539572,-44.3680271532413;-15.4896170885422,-44.3682584609255 -15.489909539572,-44.3680271532413;-15.4888070897143,-44.3675687663387 -15.4896170885422,-44.3682584609255;-15.4886660673001,-44.3691418395124 -15.4896261628093,-44.3683452711621 -15.4896267294498,-44.3683448019614 -15.489626796953,-44.368344746066 -15.4896272592503,-44.368344360042 -15.4899372926419,-44.3681159746093;-15.4899372926419,-44.3681159746093 -15.4901280541365,-44.368577390467 -15.4901282527773,-44.3685779173212 -15.4902714303893,-44.3689604759295;-15.4892361673864,-44.3698935380035 -15.4902714303893,-44.3689604759295;-15.4886660673001,-44.3691418395124 -15.4892361673864,-44.3698935380035;-15.4892817914557,-44.3699561889485 -15.4903017272463,-44.3690757726764;-15.4903017272463,-44.3690757726764 -15.4906142798432,-44.3699300525797 -15.4906664742466,-44.3702971072585;-15.489957192146,-44.3708681051666 -15.4906664742466,-44.3702971072585;-15.4892817914557,-44.3699561889485 -15.489957192146,-44.3708681051666;-15.4887787512894,-44.36768881155 -15.4886982694307,-44.3679509962616 -15.4886982508728,-44.3679510590975 -15.4886982210071,-44.3679511567077 -15.4884333293507,-44.3688406938335;-15.4887787512894,-44.36768881155 -15.4895491997317,-44.3682969819054;-15.4886383386085,-44.3691031772965 -15.4895491997317,-44.3682969819054;-15.4884333293507,-44.3688406938335 -15.4886383386085,-44.3691031772965;-15.4883737007967,-44.3677495674491 -15.4879358866256,-44.3681607256259;-15.4883737007967,-44.3677495674491 -15.4886169017727,-44.3680102040729;-15.4886169017727,-44.3680102040729 -15.4883987212404,-44.3687981551011;-15.4879358866256,-44.3681607256259 -15.4883987212404,-44.3687981551011;-15.4878993140442,-44.3671779763673 -15.4875046194472,-44.3675333517293;-15.4878993140442,-44.3671779763673 -15.4883141280661,-44.3676665988189;-15.4883141280661,-44.3676665988189 -15.4878933170736,-44.3680883455108;-15.4875046194472,-44.3675333517293 -15.4878933170736,-44.3680883455108;-15.487978827526,-44.3671069399218 -15.4884126411842,-44.3667293074904;-15.4884126411842,-44.3667293074904 -15.4888328894554,-44.3672367873582;-15.4888328894554,-44.3672367873582 -15.4887279561223,-44.3675989831246 -15.4886521109389,-44.3679068481846;-15.487978827526,-44.3671069399218 -15.4884096772151,-44.3676268192799 -15.4886521109389,-44.3679068481846;-15.4814267679541,-44.3668984442331 -15.4821000312701,-44.3663257448809;-15.4803745142694,-44.3677404980948 -15.4814111399144,-44.366873685629 -15.4820798533998,-44.3663115192381 -15.4821000312701,-44.3663257448809;-15.480860102905,-44.3673682624446 -15.4814267679541,-44.3668984442331;-15.4803745142694,-44.3677404980948 -15.480399862845,-44.3677704615035;-15.480399862845,-44.3677704615035 -15.4807019646376,-44.3675045434233 -15.480860102905,-44.3673682624446;-15.4840641258001,-44.3665884982748 -15.4843864591226,-44.3672606272681;-15.483101542762,-44.367449622028 -15.4843864591226,-44.3672606272681;-15.483101542762,-44.367449622028 -15.4830907332839,-44.3673650288573 -15.4840641258001,-44.3665884982748;-15.4844405215336,-44.3673680293987 -15.4846795220068,-44.3684545709399;-15.4839393277245,-44.3685728501723 -15.4846795220068,-44.3684545709399;-15.4837771215358,-44.3674636036134 -15.4839393277245,-44.3685728501723;-15.4837771215358,-44.3674636036134 -15.4844405215336,-44.3673680293987;-15.4847113726689,-44.3685394072634 -15.484796208788,-44.3688525674214;-15.4840494488773,-44.3694459980878 -15.484796208788,-44.3688525674214;-15.483950451888,-44.3686766205878 -15.4840494488773,-44.3694459980878;-15.483950451888,-44.3686766205878 -15.4847113726689,-44.3685394072634;-15.4839731431166,-44.3695175655386 -15.4835711300615,-44.3698714634959 -15.483435544366,-44.3698945473077;-15.4832947793388,-44.3687503405926 -15.483435544366,-44.3698945473077;-15.4832947793388,-44.3687503405926 -15.4838566952363,-44.3686838168031;-15.4838566952363,-44.3686838168031 -15.4839731431166,-44.3695175655386;-15.4827993717265,-44.3699766070523 -15.4833645099938,-44.3698950227031;-15.4826637662876,-44.3688316251848 -15.4827993717265,-44.3699766070523;-15.4826637662876,-44.3688316251848 -15.4832149152519,-44.3687593798388;-15.4832149152519,-44.3687593798388 -15.4833645099938,-44.3698950227031;-15.4821378140835,-44.3700638462898 -15.482727736506,-44.3699803887175;-15.4820048886951,-44.3689416789318 -15.4821378140835,-44.3700638462898;-15.4825904094657,-44.368838416714 -15.4820048886951,-44.3689416789318;-15.482727736506,-44.3699803887175 -15.4825904094657,-44.368838416714;-15.4818606713067,-44.370112451503 -15.4820866949334,-44.3700834388223;-15.4812338767284,-44.3690758316274 -15.4818606713067,-44.370112451503;-15.481934327678,-44.3689548384476 -15.4813271535492,-44.3690245438854 -15.4812338767284,-44.3690758316274;-15.4820866949334,-44.3700834388223 -15.4819353497511,-44.3689546864098 -15.481934327678,-44.3689548384476;-15.4812052233888,-44.3690173804961 -15.4808772544456,-44.3684543347478;-15.4808772544456,-44.3684543347478 -15.4812050066834,-44.3684271555863;-15.4812050066834,-44.3684271555863 -15.4812835525409,-44.3689811448515;-15.4812052233888,-44.3690173804961 -15.4812835525409,-44.3689811448515;-15.480845671618,-44.3683951266092 -15.4805366140715,-44.3679036849957;-15.4811299675861,-44.3678255950618 -15.4805366140715,-44.3679036849957;-15.4811299675861,-44.3678255950618 -15.4811948808346,-44.3683655128308;-15.480845671618,-44.3683951266092 -15.4811948808346,-44.3683655128308;-15.4804526563752,-44.3678141285746 -15.480469285021,-44.3678451534179;-15.4804526563752,-44.3678141285746 -15.4821599771222,-44.3663721823196;-15.4821599771222,-44.3663721823196 -15.4829545632879,-44.3674032084358;-15.480469285021,-44.3678451534179 -15.4828987686092,-44.367468165482 -15.4829545632879,-44.3674032084358;-15.481753495145,-44.3677344672321 -15.4812119261412,-44.3678153071268;-15.481924773656,-44.3688718553579 -15.481753495145,-44.3677344672321;-15.481341154155,-44.3689447104019 -15.481924773656,-44.3688718553579;-15.4812119261412,-44.3678153071268 -15.481341154155,-44.3689447104019;-15.4824178760537,-44.3676364539435 -15.481846944369,-44.3677222316759;-15.4825827536902,-44.3687725991037 -15.4824178760537,-44.3676364539435;-15.4820001981347,-44.3688710072031 -15.4825827536902,-44.3687725991037;-15.481846944369,-44.3677222316759 -15.4820001981347,-44.3688710072031;-15.4824990572684,-44.3676315368969 -15.4829554016676,-44.3675469801709 -15.4830585355557,-44.3675505831326;-15.4830585355557,-44.3675505831326 -15.483202457869,-44.3686752616713;-15.4826570724,-44.3687458832277 -15.483202457869,-44.3686752616713;-15.4824990572684,-44.3676315368969 -15.4826570724,-44.3687458832277;-15.4831458812098,-44.3675475266793 -15.4836970504373,-44.36746149762;-15.4836970504373,-44.36746149762 -15.4838579924785,-44.3685925480593;-15.4832842575729,-44.3686551736051 -15.4838579924785,-44.3685925480593;-15.4831458812098,-44.3675475266793 -15.4832842575729,-44.3686551736051;-15.4827346696232,-44.3584413722233 -15.4821981406233,-44.3583396907366;-15.4817779904192,-44.3594791685903 -15.4827346696232,-44.3584413722233;-15.4817779904192,-44.3594791685903 -15.4813963279166,-44.3591007090642;-15.4813963279166,-44.3591007090642 -15.4821981406233,-44.3583396907366;-15.4833421747929,-44.3585850145815 -15.4830482851127,-44.3585209954918 -15.4828098345176,-44.3584681152063;-15.482378640349,-44.3597626294183 -15.4833421747929,-44.3585850145815;-15.4820443163477,-44.3597770459974 -15.4821427679301,-44.3596471081324 -15.482378640349,-44.3597626294183;-15.4820443163477,-44.3597770459974 -15.4818219231084,-44.359529463105;-15.4818219231084,-44.359529463105 -15.4828098345176,-44.3584681152063;-15.4839688154368,-44.3587528776879 -15.4834628883657,-44.3586116585842;-15.4832972654388,-44.3600907901272 -15.4839688154368,-44.3587528776879;-15.4822261623491,-44.3601293069292 -15.4832972654388,-44.3600907901272;-15.4822261623491,-44.3601293069292 -15.4822534137448,-44.3600937850649 -15.4834628883657,-44.3586116585842;-15.4838039539678,-44.359264920413 -15.4840967960328,-44.3594420910629 -15.4846205239251,-44.3599935357972 -15.4847402278457,-44.3601458645003 -15.4848530089958,-44.3603570335033;-15.4830878687217,-44.3606675051517 -15.483388333996,-44.3606151849399 -15.4848530089958,-44.3603570335033;-15.4830878687217,-44.3606675051517 -15.4838039539678,-44.359264920413;-15.4810693216371,-44.3603499304035 -15.4817627417049,-44.3603020068588 -15.481757964997,-44.3603022859128 -15.4820957110638,-44.3602750092105 -15.4820957482491,-44.3602750061554 -15.4820959495034,-44.3602749896613 -15.4821192651812,-44.3602728236646 -15.4832671174369,-44.3601808547841;-15.4830051918726,-44.3606933713933 -15.4832671174369,-44.3601808547841;-15.480469502575,-44.3609778569728 -15.4814256008833,-44.3608880940887 -15.4830051918726,-44.3606933713933;-15.480469502575,-44.3609778569728 -15.4810693216371,-44.3603499304035;-15.480096996132,-44.3603970132127 -15.4809298835785,-44.3603626182997;-15.4803950506228,-44.360968971884 -15.4809298835785,-44.3603626182997;-15.4792625923878,-44.3611476153306 -15.4797895804598,-44.3610104258591 -15.4803950506228,-44.360968971884;-15.4792625923878,-44.3611476153306 -15.480096996132,-44.3603970132127;-15.4816916183127,-44.3595428426188 -15.4813112951939,-44.3591920739071;-15.4810214137661,-44.3602658169437 -15.4816916183127,-44.3595428426188;-15.4801470545235,-44.3603008724597 -15.4810214137661,-44.3602658169437;-15.4801470545235,-44.3603008724597 -15.4813112951939,-44.3591920739071;-15.4819892861764,-44.3598319839509 -15.4817796785307,-44.3596082226206;-15.4819892861764,-44.3598319839509 -15.4817438690104,-44.3602020424941;-15.4811559379664,-44.3602564077556 -15.4817438690104,-44.3602020424941;-15.4811559379664,-44.3602564077556 -15.4817796785307,-44.3596082226206;-15.4822347909053,-44.3599842894894 -15.4820878085402,-44.3598333785474 -15.482166860841,-44.3597147729884 -15.4823628758575,-44.3598286102526;-15.4822347909053,-44.3599842894894 -15.4823628758575,-44.3598286102526;-15.482204040958,-44.3600323643838 -15.4820432401121,-44.3598612545216 -15.4818042506632,-44.3602067458781;-15.4820796156546,-44.3601809095533 -15.482204040958,-44.3600323643838;-15.4818042506632,-44.3602067458781 -15.4820796156546,-44.3601809095533;-15.4943036942371,-44.3817649213612 -15.4955132579581,-44.3810998779547 -15.4956061776496,-44.3810268984552;-15.4943101505955,-44.3816379385464 -15.493668551694,-44.38007658221;-15.493668551694,-44.38007658221 -15.4942388517778,-44.379660552158;-15.4942388517778,-44.379660552158 -15.4942392035776,-44.3796602904235 -15.4949708446993,-44.3812832034571;-15.4943101505955,-44.3816379385464 -15.4949708446993,-44.3812832034571;-15.4934105312846,-44.3795364061935 -15.493631586246,-44.3799767814975;-15.4934105312846,-44.3795364061935 -15.4939399292547,-44.3790932995218;-15.4939399292547,-44.3790932995218 -15.4941888858457,-44.3795604656545;-15.493631586246,-44.3799767814975 -15.4941888858457,-44.3795604656545;-15.4932808195506,-44.3793703974007 -15.4933653503969,-44.3794489995317;-15.4932808195506,-44.3793703974007 -15.493287567567,-44.3791365188108 -15.4932699894701,-44.3788972178862;-15.4932699894701,-44.3788972178862 -15.4935765716462,-44.3786648594655 -15.4941593891983,-44.3781191333041;-15.4941593891983,-44.3781191333041 -15.4944423093146,-44.3785420504326;-15.4933653503969,-44.3794489995317 -15.4944423093146,-44.3785420504326;-15.4930819666655,-44.3774132852516 -15.4931728781682,-44.377840651948 -15.493225218232,-44.3780567993968 -15.4932453519459,-44.3784511760351 -15.493263706557,-44.3788586373188;-15.4930819666655,-44.3774132852516 -15.4933798369435,-44.3770824715584;-15.4933798369435,-44.3770824715584 -15.4937073486701,-44.3775080031426 -15.4941329869716,-44.3780461676323;-15.493263706557,-44.3788586373188 -15.493549533256,-44.3786262982691 -15.4941329869716,-44.3780461676323;-15.49342318906,-44.3770332996377 -15.4937475364334,-44.3774282801596;-15.49342318906,-44.3770332996377 -15.4944402067715,-44.3758612525866;-15.4944402067715,-44.3758612525866 -15.4947259196504,-44.376422726997;-15.4937475364334,-44.3774282801596 -15.4940687058464,-44.3771623938652 -15.4943374676879,-44.3768910362888 -15.4947259196504,-44.376422726997;-15.4938003413415,-44.3774893224274 -15.4941652798966,-44.3779727966137;-15.4938003413415,-44.3774893224274 -15.494110884053,-44.377213099638 -15.4943862602817,-44.3769484860913 -15.4947581683812,-44.3764983199858;-15.4947581683812,-44.3764983199858 -15.4950636708935,-44.3770592303946;-15.4941652798966,-44.3779727966137 -15.4943511149877,-44.3778115158843 -15.4946120443577,-44.3775806545224 -15.4948410443051,-44.3773502852528 -15.4950636708935,-44.3770592303946;-15.4941924727761,-44.3780116057821 -15.4945302311074,-44.378510690772;-15.4941924727761,-44.3780116057821 -15.4943791685747,-44.3778496493584 -15.4943792743039,-44.37784955666 -15.4946402521995,-44.377618697789 -15.4946404203797,-44.3776185471134 -15.4946411421457,-44.3776178578781 -15.4948707603178,-44.3773868709377 -15.4948710394349,-44.3773865842384 -15.4948717631688,-44.3773857825361 -15.4950927053958,-44.3771096382642;-15.4950927053958,-44.3771096382642 -15.4954010578001,-44.3776721778828;-15.4945302311074,-44.378510690772 -15.494794111702,-44.3783335040937 -15.4949859766336,-44.3781613435436 -15.4954010578001,-44.3776721778828;-15.4945825350558,-44.3785871823668 -15.4949353711904,-44.3790927142806;-15.4945825350558,-44.3785871823668 -15.4948439389107,-44.3783881446985 -15.4950360263727,-44.3782151356422 -15.4954397468599,-44.377746707449;-15.4954397468599,-44.377746707449 -15.4957514867006,-44.3783361561041;-15.4949353711904,-44.3790927142806 -15.4957514867006,-44.3783361561041;-15.4961432698729,-44.3789749593808 -15.4968092742496,-44.3797376681876;-15.4968092742496,-44.3797376681876 -15.4956402427824,-44.3809193153347;-15.4956402427824,-44.3809193153347 -15.4957954661248,-44.3801500328337 -15.4960903852514,-44.3793264703875 -15.4961432698729,-44.3789749593808;-15.4950694068759,-44.3812244574919 -15.4945676051859,-44.3801756405821;-15.4945676051859,-44.3801756405821 -15.4949670139751,-44.379896254678;-15.4949377345836,-44.3798331847643 -15.4949670139751,-44.379896254678;-15.4949377345836,-44.3798331847643 -15.4945359666402,-44.3801074821979;-15.4945359666402,-44.3801074821979 -15.4942978742002,-44.3795812517656;-15.4942978742002,-44.3795812517656 -15.4946122408758,-44.3793574407564;-15.4945795743392,-44.3792818414339 -15.4946122408758,-44.3793574407564;-15.4945795743392,-44.3792818414339 -15.4942702428979,-44.3794962254447;-15.4942702428979,-44.3794962254447 -15.4940201448574,-44.3790331681579;-15.4940201448574,-44.3790331681579 -15.4945180840354,-44.3786254529184;-15.4945180840354,-44.3786254529184 -15.4951361523845,-44.3794861984107;-15.4951361523845,-44.3794861984107 -15.4951958817187,-44.3794272378359;-15.4951958817187,-44.3794272378359 -15.4949994471454,-44.3791630722905;-15.4949994471454,-44.3791630722905 -15.495790905286,-44.3784095866405;-15.495790905286,-44.3784095866405 -15.4960902425267,-44.3789181950495;-15.4960902425267,-44.3789181950495 -15.4960031008552,-44.379303759003 -15.4957329921214,-44.3801294162791 -15.4955513155776,-44.3809567601597;-15.4955513155776,-44.3809567601597 -15.4954813342685,-44.3810249834981 -15.4950694068759,-44.3812244574919;-15.4893634723679,-44.3808562207898 -15.4897078082971,-44.3806123481334;-15.4897078082971,-44.3806123481334 -15.4898752506368,-44.380842605874;-15.4893675270337,-44.3812392563588 -15.4898752506368,-44.380842605874;-15.4893675270337,-44.3812392563588 -15.4893445877232,-44.3810438208819 -15.4893634723679,-44.3808562207898;-15.4897560040205,-44.3805933115251 -15.4904822959768,-44.3800605023251;-15.4904822959768,-44.3800605023251 -15.4906500528723,-44.3802716781345;-15.4899258987651,-44.3808259672565 -15.4906500528723,-44.3802716781345;-15.4897560040205,-44.3805933115251 -15.4899258987651,-44.3808259672565;-15.4899782854711,-44.3809161204363 -15.4907066347057,-44.3803422604521;-15.4907066347057,-44.3803422604521 -15.4908556038887,-44.380605110644;-15.4901512324448,-44.3811467198037 -15.4908556038887,-44.380605110644;-15.4899782854711,-44.3809161204363 -15.4901512324448,-44.3811467198037;-15.4901700730299,-44.3812006144758 -15.4909170454858,-44.3806530832398;-15.4909170454858,-44.3806530832398 -15.4910579252603,-44.3808972860648;-15.4903386037695,-44.3814440195155 -15.4910579252603,-44.3808972860648;-15.4901700730299,-44.3812006144758 -15.4903386037695,-44.3814440195155;-15.4901345754844,-44.3812543773404 -15.4902854954966,-44.3814727467538;-15.4895086022481,-44.3820513493659 -15.4902854954966,-44.3814727467538;-15.4894494309087,-44.3817664971611 -15.4895086022481,-44.3820513493659;-15.4894494309087,-44.3817664971611 -15.4901345754844,-44.3812543773404;-15.4894555594162,-44.3816116791013 -15.4900882651792,-44.3811870215762;-15.4894555594162,-44.3816116791013 -15.4893912500127,-44.3813222867855;-15.4893912500127,-44.3813222867855 -15.4899290006806,-44.3809549509582;-15.4899290006806,-44.3809549509582 -15.4900882651792,-44.3811870215762;-15.4907584739594,-44.3802716368459 -15.4913359900791,-44.3811855378184;-15.4907584739594,-44.3802716368459 -15.4913979653658,-44.3795780896992;-15.4913979653658,-44.3795780896992 -15.4923413922632,-44.3806469454241;-15.4923413922632,-44.3806469454241 -15.4917155163685,-44.3809357582108 -15.4913359900791,-44.3811855378184;-15.4914360891063,-44.3795512188289 -15.4923959301008,-44.3806258070037;-15.4914360891063,-44.3795512188289 -15.4918911397421,-44.379138256894;-15.4918911397421,-44.379138256894 -15.4921262206912,-44.3794249300326 -15.492762582999,-44.3802057832779;-15.492762582999,-44.3802057832779 -15.492549743301,-44.3804887078561 -15.4923959301008,-44.3806258070037;-15.4922327470816,-44.3794351672909 -15.4928180777441,-44.3801636840822;-15.4922327470816,-44.3794351672909 -15.4932162353273,-44.3789198760336;-15.4932162353273,-44.3789198760336 -15.4932259944972,-44.3793663988897 -15.4931710114,-44.3795517076656 -15.4930890863869,-44.3797585195809 -15.4929355182792,-44.3800121740102 -15.4928180777441,-44.3801636840822;-15.4919166084563,-44.3790982956989 -15.4921597577259,-44.3793665773689;-15.4919166084563,-44.3790982956989 -15.4931463346674,-44.3780070849653;-15.4921597577259,-44.3793665773689 -15.4932098911769,-44.378859979768;-15.4931463346674,-44.3780070849653 -15.4932098911769,-44.378859979768;-15.4929766219721,-44.3773196078131 -15.4930148704433,-44.3774674217268 -15.4930150501503,-44.3774681180932 -15.4930150741353,-44.3774682096481 -15.4930152823869,-44.3774690045917 -15.493126197156,-44.3779289563129;-15.4909751524055,-44.3790872365108 -15.4913883956078,-44.3795029143803;-15.4909751524055,-44.3790872365108 -15.4922556446506,-44.3779366069264 -15.4929766219721,-44.3773196078131;-15.493126197156,-44.3779289563129 -15.4913883956078,-44.3795029143803;-15.4776691962299,-44.3702258541393 -15.477664031342,-44.3702572041387 -15.4777137711888,-44.3703256347227 -15.4782174813543,-44.3701880753193 -15.4779770295627,-44.3699225247536 -15.4779639113167,-44.3699177329617 -15.4779496832945,-44.3699196365943 -15.4779356179371,-44.3699240237237 -15.4779247538139,-44.3699306903695 -15.4779162547105,-44.3699513846934 -15.4779176500337,-44.3699856251115 -15.4779195720294,-44.3700029230723 -15.4779063546307,-44.3700052037024 -15.4778920234251,-44.3700266276852 -15.4778728034687,-44.3700394409895 -15.4778559466221,-44.370058277215 -15.4778379308809,-44.3700782262155 -15.4777158071211,-44.3701804988292 -15.4777109119075,-44.3701608785282 -15.4776895118584,-44.3701657575295 -15.47767494389,-44.3701784917514 -15.4776691962299,-44.3702258541393;-15.4786266936545,-44.3707063064507 -15.4782647908138,-44.3702602305002;-15.4782660024381,-44.3695820559726 -15.4780250427474,-44.3698364949807 -15.478257361483,-44.3700598010974;-15.478257361483,-44.3700598010974 -15.4782559319093,-44.370055737441 -15.4782521624776,-44.3700446001291 -15.4782485879929,-44.3700333987278 -15.478245209544,-44.3700221366492 -15.47824202816,-44.3700108173237 -15.47823904481,-44.3699994441995 -15.4782362604028,-44.3699880207408 -15.4782336757866,-44.3699765504273 -15.4782312917485,-44.3699650367531 -15.4782291090149,-44.3699534832252 -15.4782271282506,-44.3699418933631 -15.4782253500589,-44.369930270697 -15.4782237749816,-44.3699186187674 -15.4782224034983,-44.3699069411236 -15.478221236027,-44.3698952413226 -15.4782202729231,-44.3698835229284 -15.4782195144801,-44.3698717895105 -15.478218960929,-44.3698600446429 -15.4782186124383,-44.3698482919034 -15.4782184825807,-44.3698390584215 -15.4782184691144,-44.3698365348719 -15.4782185310008,-44.3698247771297 -15.4782187980786,-44.3698130222583 -15.4782192702666,-44.3698012738383 -15.4782199474208,-44.3697895354486 -15.4782208293351,-44.3697778106646 -15.4782219157407,-44.3697661030579 -15.4782232063068,-44.3697544161947 -15.4782247006402,-44.369742753635 -15.4782263982858,-44.3697311189312 -15.4782282987264,-44.3697195156274 -15.4782304013831,-44.3697079472582 -15.4782327056154,-44.3696964173473 -15.4782352107215,-44.3696849294069 -15.4782379159382,-44.3696734869362 -15.4782408204416,-44.3696620934208 -15.4782439233469,-44.3696507523314 -15.4782472237088,-44.3696394671223 -15.4782507205222,-44.3696282412313 -15.4782544127218,-44.3696170780779 -15.478258299183,-44.3696059810625 -15.4782623787218,-44.3695949535653 -15.4782660024381,-44.3695820559726;-15.4766616163141,-44.3709368416268 -15.4772033516348,-44.3716279686274;-15.4766616163141,-44.3709368416268 -15.4770677885072,-44.370574983746 -15.4770684732268,-44.3705743704865 -15.4774490606722,-44.3702211204868 -15.4774492377617,-44.3702209606429 -15.4781114022003,-44.3696090578305;-15.4781249692594,-44.3696309336011 -15.4775277557483,-44.3702163189746 -15.4779002281837,-44.370735865261 -15.4779006774365,-44.3707364604572 -15.4779016848917,-44.3707376746613 -15.4779027612054,-44.370738816538 -15.4779039017688,-44.3707398811812 -15.4779051017255,-44.3707408641307 -15.477906355872,-44.3707417611001 -15.4779076589059,-44.3707425682734 -15.4779090052271,-44.3707432822065 -15.4779103890873,-44.3707438998269 -15.4779118045397,-44.3707444185329 -15.4779132455383,-44.3707448361192 -15.4779147059135,-44.3707451507275 -15.4779161794458,-44.3707453610941 -15.4779176597674,-44.3707454662774 -15.4779191406093,-44.3707454658561 -15.4779206155787,-44.3707453597808 -15.4779220783822,-44.3707451486214 -15.4779235227754,-44.3707448331211 -15.4779249425391,-44.3707444147418 -15.4779263316275,-44.3707438952925 -15.4779276840442,-44.370743276904 -15.4779289940159,-44.3707425622771 -15.4779302559924,-44.3707417544596 -15.4779314644727,-44.3707408568955 -15.4779326143528,-44.3707398734752 -15.4779337006768,-44.3707388083364 -15.4779347187618,-44.3707376660385 -15.4779356642716,-44.370736451537 -15.4779365331673,-44.3707351699611 -15.4779373217075,-44.3707338267866 -15.4779380265222,-44.3707324278118 -15.4779386445638,-44.370730979008 -15.4779391731811,-44.3707294865452 -15.4779393916749,-44.3707287216434;-15.4777438234865,-44.3704317884229 -15.4779353095723,-44.370705720549 -15.4779357949268,-44.3707064071022 -15.4779366525237,-44.3707077508466 -15.4779374292447,-44.3707091503418 -15.4779381216951,-44.3707105996659 -15.477938726976,-44.3707120925995 -15.477939242436,-44.3707136227252 -15.4779396659443,-44.3707151834767 -15.4779399956425,-44.3707167682382 -15.4779402301182,-44.3707183701214 -15.4779403683556,-44.3707199823867 -15.4779404097847,-44.370721597997 -15.4779403542568,-44.3707232101631 -15.4779402019702,-44.3707248118977 -15.4779399535692,-44.370726396337 -15.4779396101439,-44.370727956816 -15.4779393916749,-44.3707287216434;-15.4782647908138,-44.3702602305002 -15.4777438234865,-44.3704317884229;-15.4786266936545,-44.3707063064507 -15.4772033516348,-44.3716279686274;-15.4779514751306,-44.3712503795031 -15.4786759154348,-44.3722903548899;-15.4786831822752,-44.3707942423951 -15.4779514751306,-44.3712503795031;-15.4794073083645,-44.3719919475058 -15.4791956343718,-44.3715438423697 -15.4786831822752,-44.3707942423951;-15.4786759154348,-44.3722903548899 -15.4794073083645,-44.3719919475058;-15.4772800961247,-44.3717069836264 -15.4773999292206,-44.3718935670772 -15.4781107282582,-44.3727636753852;-15.4778435594978,-44.3713279473904 -15.4772800961247,-44.3717069836264;-15.4778435594978,-44.3713279473904 -15.4786033559007,-44.3723473667581;-15.4781107282582,-44.3727636753852 -15.4786033559007,-44.3723473667581;-15.4769227555731,-44.3723365400146 -15.4775913153464,-44.3731942789858;-15.4769227555731,-44.3723365400146 -15.4773423110222,-44.3719950130622;-15.4773423110222,-44.3719950130622 -15.4780593437813,-44.3728201561605;-15.4775913153464,-44.3731942789858 -15.4780593437813,-44.3728201561605;-15.4764535757782,-44.3727227663751 -15.4771287307157,-44.3735926268454;-15.4764535757782,-44.3727227663751 -15.4768694404559,-44.3723801092699;-15.4768694404559,-44.3723801092699 -15.4775290837626,-44.3732558719281;-15.4771287307157,-44.3735926268454 -15.4775290837626,-44.3732558719281;-15.4760228430557,-44.3730706999805 -15.4766927960452,-44.3739530314035;-15.4760228430557,-44.3730706999805 -15.476389287456,-44.3727839721887;-15.476389287456,-44.3727839721887 -15.4770770773469,-44.3736427942549;-15.4766927960452,-44.3739530314035 -15.4770770773469,-44.3736427942549;-15.4754989538916,-44.373486630266 -15.47617826311,-44.3743749255973;-15.4754989538916,-44.373486630266 -15.4759440023452,-44.3731093381145;-15.4759440023452,-44.3731093381145 -15.476629618544,-44.3740138321383;-15.47617826311,-44.3743749255973 -15.476629618544,-44.3740138321383;-15.4749809091526,-44.3738831670801 -15.4756634887502,-44.3747934127468;-15.4749809091526,-44.3738831670801 -15.4754299612041,-44.3735178603533;-15.4754299612041,-44.3735178603533 -15.4761206427036,-44.3744059495608;-15.4756634887502,-44.3747934127468 -15.4761206427036,-44.3744059495608;-15.4742459958771,-44.3729572045021 -15.4749319452822,-44.3738220577341;-15.4742459958771,-44.3729572045021 -15.4746999185741,-44.3725670763995;-15.4746999185741,-44.3725670763995 -15.4753849599932,-44.3734568669649;-15.4749319452822,-44.3738220577341 -15.4753849599932,-44.3734568669649;-15.4747963080258,-44.3725332584222 -15.4754400319448,-44.3734154256967;-15.4747963080258,-44.3725332584222 -15.4752252036286,-44.3721738870643;-15.4752252036286,-44.3721738870643 -15.4758988856203,-44.3730228612467;-15.4754400319448,-44.3734154256967 -15.4758988856203,-44.3730228612467;-15.4752956383425,-44.3721141951492 -15.4759494141726,-44.3729759880161;-15.4752956383425,-44.3721141951492 -15.4756601968169,-44.3717983046553;-15.4756601968169,-44.3717983046553 -15.4763066860918,-44.3726797868831;-15.4759494141726,-44.3729759880161 -15.4763066860918,-44.3726797868831;-15.4757098420964,-44.3717552717875 -15.4763706089868,-44.3726413977198;-15.4757098420964,-44.3717552717875 -15.476116690924,-44.3714018662204;-15.476116690924,-44.3714018662204 -15.4767920202957,-44.3722954689916;-15.4763706089868,-44.3726413977198 -15.4767920202957,-44.3722954689916;-15.4761702656793,-44.3713551726008 -15.4768644461367,-44.3722473522502;-15.4761702656793,-44.3713551726008 -15.4765921229262,-44.3709868323186;-15.4765921229262,-44.3709868323186 -15.4772824337141,-44.3719139501966;-15.4768644461367,-44.3722473522502 -15.4772824337141,-44.3719139501966;-15.4695694470795,-44.376892198984 -15.4699913863515,-44.3765283783227;-15.4699913863515,-44.3765283783227 -15.4706956308766,-44.3774113412839;-15.4702662784079,-44.3777774452333 -15.4706956308766,-44.3774113412839;-15.4695694470795,-44.376892198984 -15.4702662784079,-44.3777774452333;-15.4700444525325,-44.3764919488307 -15.470491511193,-44.3760866019054;-15.470491511193,-44.3760866019054 -15.4712026937685,-44.3769568219813;-15.4707481757027,-44.3773477344543 -15.4712026937685,-44.3769568219813;-15.4700444525325,-44.3764919488307 -15.4707481757027,-44.3773477344543;-15.4705369489532,-44.3760487371052 -15.4709837535949,-44.3756473702237;-15.4709837535949,-44.3756473702237 -15.4715314128643,-44.3762931028094;-15.4710731906457,-44.3767012828478 -15.4715314128643,-44.3762931028094;-15.4705369489532,-44.3760487371052 -15.4710731906457,-44.3767012828478;-15.4710443372751,-44.3756019324635 -15.4714845605624,-44.3752282052798;-15.4714845605624,-44.3752282052798 -15.4722011277167,-44.3760981018539;-15.4717573242025,-44.3764701298001 -15.4722011277167,-44.3760981018539;-15.4710443372751,-44.3756019324635 -15.4717573242025,-44.3764701298001;-15.4715470145249,-44.3751471189422 -15.4717847431765,-44.3749559731503 -15.4717847905857,-44.3749559357513 -15.471981320685,-44.3747838223788;-15.471981320685,-44.3747838223788 -15.4727040816629,-44.3756688058299;-15.472252792775,-44.3760447490884 -15.4727040816629,-44.3756688058299;-15.4715470145249,-44.3751471189422 -15.472252792775,-44.3760447490884;-15.4720571860717,-44.3747176365104 -15.4724797414991,-44.3743626332787;-15.4724797414991,-44.3743626332787 -15.4731873433296,-44.3752274085577;-15.4727637778971,-44.3755978172181 -15.4731873433296,-44.3752274085577;-15.4720571860717,-44.3747176365104 -15.4727637778971,-44.3755978172181;-15.4725662149354,-44.3743073129414 -15.4730035305636,-44.3739360406926 -15.4731922156749,-44.37378748709;-15.4731922156749,-44.37378748709 -15.4738645663016,-44.3746834401867;-15.4732466345521,-44.3751612525517 -15.4738645663016,-44.3746834401867;-15.4725662149354,-44.3743073129414 -15.4732466345521,-44.3751612525517;-15.4732524291817,-44.3737373970987 -15.4734685333152,-44.373565795956 -15.4736904863968,-44.3733944520563;-15.4736904863968,-44.3733944520563 -15.4743524058897,-44.3742826833554;-15.4739352181984,-44.3746365203406 -15.4743524058897,-44.3742826833554;-15.4732524291817,-44.3737373970987 -15.4739352181984,-44.3746365203406;-15.4737411174704,-44.3733500612241 -15.4741993833855,-44.3729940320153;-15.4741993833855,-44.3729940320153 -15.4748453372883,-44.3738548868761;-15.4744228235151,-44.3742178156276 -15.4748453372883,-44.3738548868761;-15.4737411174704,-44.3733500612241 -15.4744228235151,-44.3742178156276;-15.4745099017725,-44.3743295859062 -15.4749407762847,-44.3739699793191;-15.4749407762847,-44.3739699793191 -15.4755860614877,-44.3748397472769;-15.4751512452399,-44.3751768535964 -15.4755860614877,-44.3748397472769;-15.4745099017725,-44.3743295859062 -15.4751512452399,-44.3751768535964;-15.473634908664,-44.3750268938362 -15.4744143600186,-44.3743748093623;-15.4744143600186,-44.3743748093623 -15.4750880277729,-44.3752126728704;-15.4750880277729,-44.3752126728704 -15.4743268898556,-44.3758770140732;-15.473634908664,-44.3750268938362 -15.4743268898556,-44.3758770140732;-15.473335574785,-44.3752383588434 -15.4735533629515,-44.3750776487926;-15.4735533629515,-44.3750776487926 -15.4742618866965,-44.3759224434477;-15.4742618866965,-44.3759224434477 -15.4740464291387,-44.3761127674353;-15.473335574785,-44.3752383588434 -15.4740464291387,-44.3761127674353;-15.4728368756108,-44.3756914209065 -15.4732636740098,-44.3752834818693;-15.4732636740098,-44.3752834818693 -15.473991785111,-44.3761698521957;-15.4735328715535,-44.3765715043148 -15.473991785111,-44.3761698521957;-15.4728368756108,-44.3756914209065 -15.4735328715535,-44.3765715043148;-15.4723426123799,-44.3761142939252 -15.4727563750537,-44.375738830919;-15.4727563750537,-44.375738830919 -15.4734770410757,-44.376619104832;-15.4730309912813,-44.3770133583647 -15.4734770410757,-44.376619104832;-15.4723426123799,-44.3761142939252 -15.4730309912813,-44.3770133583647;-15.4718339017237,-44.3765440991382 -15.47227562379,-44.3761705842952;-15.47227562379,-44.3761705842952 -15.4729729438673,-44.3770569318796;-15.4725526710904,-44.3774394718066 -15.4729729438673,-44.3770569318796;-15.4718339017237,-44.3765440991382 -15.4725526710904,-44.3774394718066;-15.4715600561018,-44.3772585546895 -15.4719640881233,-44.3768818471425;-15.4719640881233,-44.3768818471425 -15.4724701611891,-44.3774981006862;-15.4720422201577,-44.377867568124 -15.4724701611891,-44.3774981006862;-15.4715600561018,-44.3772585546895 -15.4720422201577,-44.377867568124;-15.4708334889292,-44.3774511863561 -15.4712930948002,-44.3770519151626;-15.4712930948002,-44.3770519151626 -15.4719849087394,-44.3779243549413;-15.4715422166509,-44.3783143081195 -15.4719849087394,-44.3779243549413;-15.4708334889292,-44.3774511863561 -15.4715422166509,-44.3783143081195;-15.4702896946413,-44.3779042723012 -15.4707710881709,-44.3775053412567;-15.4707710881709,-44.3775053412567 -15.4714821992391,-44.3783908760233;-15.4708982718177,-44.3788648349996 -15.4714821992391,-44.3783908760233;-15.4702896946413,-44.3779042723012 -15.4706165942457,-44.3783661569905 -15.4708982718177,-44.3788648349996;-15.4711041158168,-44.3767401185552 -15.4715450607917,-44.3763477085137;-15.4715450607917,-44.3763477085137 -15.4719175811079,-44.376813230806;-15.4714724958818,-44.3772066334883 -15.4719175811079,-44.376813230806;-15.4711041158168,-44.3767401185552 -15.4714724958818,-44.3772066334883;-15.4709400016934,-44.3789490302179 -15.4715697927753,-44.3784632585804;-15.4715697927753,-44.3784632585804 -15.4721290012425,-44.3791295779757;-15.471086821137,-44.3791281078147 -15.4721290012425,-44.3791295779757;-15.4709400016934,-44.3789490302179 -15.471086821137,-44.3791281078147;-15.4716366203498,-44.3783840907579 -15.4723119087158,-44.3777948492882;-15.4723119087158,-44.3777948492882 -15.4728548284214,-44.3784234080897;-15.4728548284214,-44.3784234080897 -15.4717114348589,-44.3784848797206;-15.4716366203498,-44.3783840907579 -15.4717114348589,-44.3784848797206;-15.4723753424061,-44.3777462217875 -15.4727866454453,-44.3773615691524;-15.4727866454453,-44.3773615691524 -15.4731503100051,-44.3777976742747;-15.4727508753395,-44.3781797582789 -15.4731503100051,-44.3777976742747;-15.4723753424061,-44.3777462217875 -15.4727508753395,-44.3781797582789;-15.4728410900344,-44.3773142061283 -15.4735507478445,-44.3767015545483;-15.4735507478445,-44.3767015545483 -15.4738935713669,-44.3771347218353;-15.4732172996864,-44.3777462427019 -15.4738935713669,-44.3771347218353;-15.4728410900344,-44.3773142061283 -15.4732172996864,-44.3777462427019;-15.4736105445371,-44.3766511577129 -15.4740730297279,-44.3762700628882;-15.4740730297279,-44.3762700628882 -15.4743414516784,-44.3765887332107 -15.4746314250291,-44.3769996028121 -15.4750278854411,-44.3774775686909;-15.4750278854411,-44.3774775686909 -15.4744813974725,-44.3777315332369;-15.4736105445371,-44.3766511577129 -15.4743287010233,-44.3775366854741 -15.4744813974725,-44.3777315332369;-15.474708421857,-44.3757149007605 -15.4741191179012,-44.3762160506114;-15.474708421857,-44.3757149007605 -15.4750631587373,-44.376181195876;-15.4743855018132,-44.3765326848302 -15.4750631587373,-44.376181195876;-15.4741191179012,-44.3762160506114 -15.4743855018132,-44.3765326848302;-15.4751866177058,-44.3753142958554 -15.4747583495463,-44.3756657671116;-15.4751866177058,-44.3753142958554 -15.4755895833736,-44.3758918726346;-15.4751223776475,-44.3761403020459 -15.4755895833736,-44.3758918726346;-15.4747583495463,-44.3756657671116 -15.4751223776475,-44.3761403020459;-15.4752406796037,-44.3752761525174 -15.4756759798118,-44.3749057907924;-15.4756759798118,-44.3749057907924 -15.475837140704,-44.375099632267 -15.4762229570412,-44.3756204021143;-15.475649022481,-44.3758707139062 -15.4762229570412,-44.3756204021143;-15.475649022481,-44.3758707139062 -15.4752406796037,-44.3752761525174;-15.4751672129152,-44.3762043078474 -15.4756627798616,-44.3759467515863 -15.4762547220302,-44.3756850107001;-15.4762547220302,-44.3756850107001 -15.4764306383736,-44.376082521831;-15.4753034758513,-44.3765918928934 -15.4764306383736,-44.376082521831;-15.4751672129152,-44.3762043078474 -15.4753034758513,-44.3765918928934;-15.4753371894787,-44.376674479492 -15.4764603814712,-44.3761628512245;-15.4764603814712,-44.3761628512245 -15.4767041783719,-44.3767026494703;-15.4767041783719,-44.3767026494703 -15.4755573166813,-44.3772288473856;-15.4753371894787,-44.376674479492 -15.4755573166813,-44.3772288473856;-15.4767365003124,-44.3767962368585 -15.4755924007981,-44.3773135362728;-15.4767365003124,-44.3767962368585 -15.4769605898426,-44.3773635849177;-15.4758165301419,-44.3778328896305 -15.4769605898426,-44.3773635849177;-15.4755924007981,-44.3773135362728 -15.4758165301419,-44.3778328896305;-15.4758475806472,-44.3779181795729 -15.4769884688169,-44.3774180024283;-15.4769884688169,-44.3774180024283 -15.4772153683745,-44.3779540507027;-15.4772153683745,-44.3779540507027 -15.4760715510607,-44.3784789346628;-15.4758475806472,-44.3779181795729 -15.4760715510607,-44.3784789346628;-15.4755942559334,-44.378036812885 -15.4757531196426,-44.3779515399529;-15.4757531196426,-44.3779515399529 -15.4760331170792,-44.3785357098558;-15.4747547920083,-44.378415543696 -15.4755610613498,-44.3780666547468;-15.4755942559334,-44.378036812885 -15.4760331170792,-44.3785357098558;-15.4755610613498,-44.3780666547468 -15.4759648005795,-44.3785357585642 -15.4749942511929,-44.3789880544451;-15.4747547920083,-44.378415543696 -15.4749942511929,-44.3789880544451;-15.4734178436567,-44.3790226256614 -15.4747147883101,-44.3784331504353;-15.4747147883101,-44.3784331504353 -15.4749435789398,-44.3790151919214;-15.4749435789398,-44.3790151919214 -15.4736526007413,-44.379587765001;-15.4734178436567,-44.3790226256614 -15.4736526007413,-44.379587765001;-15.4730481285188,-44.3791550972358 -15.4733565200667,-44.3790304307062;-15.4733565200667,-44.3790304307062 -15.4735853861724,-44.3796177775014;-15.4735853861724,-44.3796177775014 -15.4733131724506,-44.3797431612837;-15.4730481285188,-44.3791550972358 -15.4733131724506,-44.3797431612837;-15.4722638036058,-44.3791910792952 -15.4729897449531,-44.3791612902081;-15.4729897449531,-44.3791612902081 -15.4732550346707,-44.379769769519;-15.4732550346707,-44.379769769519 -15.4726705658707,-44.3800318713038;-15.4722638036058,-44.3791910792952 -15.4726705658707,-44.3800318713038;-15.4711368947398,-44.3792111809677 -15.4721670619859,-44.3791931883775;-15.4721670619859,-44.3791931883775 -15.4725825309844,-44.3800537361474;-15.4725825309844,-44.3800537361474 -15.4719725105822,-44.3803331487135;-15.4711368947398,-44.3792111809677 -15.4713225049925,-44.3793825223463 -15.4719725105822,-44.3803331487135;-15.4717522104488,-44.3785470327433 -15.4729186331897,-44.3784901870784;-15.4729186331897,-44.3784901870784 -15.473320697356,-44.3789807095554;-15.4722030620932,-44.3790984543088 -15.4730067926706,-44.3790898413792 -15.473320697356,-44.3789807095554;-15.4717522104488,-44.3785470327433 -15.4722030620932,-44.3790984543088;-15.4727807904599,-44.3782442926148 -15.4739509241206,-44.377211248314;-15.4739509241206,-44.377211248314 -15.4742845397201,-44.3775749271986 -15.4744197970102,-44.3777663408654;-15.4744197970102,-44.3777663408654 -15.4729563163782,-44.3784454283451;-15.4727807904599,-44.3782442926148 -15.4729563163782,-44.3784454283451;-15.4744313348833,-44.3778427599967 -15.4729962788257,-44.3784920910364;-15.4744313348833,-44.3778427599967 -15.4746801805184,-44.3783701456341;-15.4733819882456,-44.3789546067153 -15.4746801805184,-44.3783701456341;-15.4729962788257,-44.3784920910364 -15.4733819882456,-44.3789546067153;-15.4751268723099,-44.3775510293113 -15.4745245885356,-44.3778062898481;-15.4751268723099,-44.3775510293113 -15.4755167349711,-44.3780116484304;-15.4747426221546,-44.3783404558619 -15.4755167349711,-44.3780116484304;-15.4745245885356,-44.3778062898481 -15.4747426221546,-44.3783404558619;-15.4755158672097,-44.3773636361741 -15.475175659737,-44.3775278782079;-15.4755158672097,-44.3773636361741 -15.4757311482532,-44.3778952084785;-15.4755571069052,-44.3779918322224 -15.4757311482532,-44.3778952084785;-15.475175659737,-44.3775278782079 -15.4755571069052,-44.3779918322224;-15.4747107898303,-44.3769822485216 -15.4752596456035,-44.3767086132884;-15.4752596456035,-44.3767086132884 -15.475492846556,-44.3772595233593;-15.475492846556,-44.3772595233593 -15.4751032062433,-44.3774385193799;-15.4747107898303,-44.3769822485216 -15.4751032062433,-44.3774385193799;-15.4744267798918,-44.3765989662995 -15.4750964029922,-44.3762334916161;-15.4750964029922,-44.3762334916161 -15.4752409797554,-44.3766499290921;-15.4746817143556,-44.3769418731326 -15.4752409797554,-44.3766499290921;-15.4744267798918,-44.3765989662995 -15.4746817143556,-44.3769418731326;-15.4647641143974,-44.3789996439154 -15.4643081634458,-44.3783701207265;-15.4652582771476,-44.3775728542188 -15.4643081634458,-44.3783701207265;-15.4647641143974,-44.3789996439154 -15.465779641517,-44.3782302266846;-15.4643677479452,-44.3810151543721 -15.4649998617645,-44.3805099814427;-15.4650516743726,-44.3804633500954 -15.4639900961544,-44.3793535006653;-15.4641605195875,-44.3783531736016 -15.4652019309362,-44.3775087361162;-15.4684391159035,-44.3780338902966 -15.468437172613,-44.378035178371 -15.4684343373966,-44.3780369979647 -15.4684314708557,-44.3780387677999 -15.4684285738636,-44.3780404873375 -15.4684256473025,-44.3780421560538 -15.4684226920641,-44.3780437734403 -15.4684197090485,-44.3780453390045 -15.4684166991644,-44.3780468522694 -15.4684136633286,-44.3780483127742 -15.4684106024658,-44.3780497200738 -15.4684075175085,-44.3780510737397 -15.4684044093962,-44.3780523733596 -15.4684012790759,-44.3780536185374 -15.468398127501,-44.3780548088939 -15.4683949556315,-44.3780559440666 -15.4683917644335,-44.3780570237097 -15.4683885548793,-44.3780580474942 -15.4683853279464,-44.3780590151084 -15.4683820846177,-44.3780599262574 -15.4683788258813,-44.3780607806638 -15.4683755527298,-44.3780615780672 -15.4683722661601,-44.3780623182249 -15.4683689671735,-44.3780630009112 -15.4683656567749,-44.3780636259183 -15.4683623359725,-44.3780641930558 -15.468359005778,-44.378064702151 -15.4683556672058,-44.3780651530487 -15.4683523212728,-44.3780655456116 -15.4683489689982,-44.3780658797201 -15.4683456114032,-44.3780661552725 -15.4683422495105,-44.3780663721848 -15.4683388843443,-44.3780665303909 -15.4683355169294,-44.3780666298427 -15.4683321482918,-44.3780666705099 -15.4683287794575,-44.37806665238 -15.4683254114527,-44.3780665754587 -15.4683220453033,-44.3780664397692 -15.4683186820347,-44.3780662453531 -15.4683153226714,-44.3780659922694 -15.4683119682367,-44.3780656805952 -15.4683086197523,-44.3780653104256 -15.4683052782382,-44.3780648818733 -15.4683019447124,-44.3780643950687 -15.4682986201902,-44.3780638501603 -15.4682953056842,-44.3780632473139 -15.4682920022042,-44.3780625867133 -15.4682887107565,-44.3780618685595 -15.4682854323435,-44.3780610930715 -15.468282167964,-44.3780602604854 -15.4682789186123,-44.3780593710548 -15.4682756852782,-44.3780584250507 -15.4682724689466,-44.3780574227612 -15.4682692705972,-44.3780563644916 -15.4682660912043,-44.3780552505643 -15.4682629317363,-44.3780540813187 -15.4682597931557,-44.3780528571107 -15.4682566764185,-44.3780515783135 -15.4682535824741,-44.3780502453164 -15.4682505122649,-44.3780488585256 -15.4682474667261,-44.3780474183635 -15.4682444467855,-44.3780459252687 -15.468241453363,-44.3780443796961 -15.4682384873703,-44.3780427821165 -15.4682355497109,-44.3780411330165 -15.4682326412798,-44.3780394328984 -15.4682297629627,-44.3780376822801 -15.4682269156366,-44.3780358816949 -15.4682241001686,-44.3780340316913 -15.4682213174165,-44.3780321328327 -15.4682185682279,-44.3780301856976 -15.4682158534401,-44.3780281908791 -15.4682131738802,-44.3780261489849 -15.4682105303644,-44.3780240606369 -15.468207923698,-44.3780219264712 -15.4682053546748,-44.378019747138 -15.4682028240775,-44.378017523301 -15.468200332677,-44.3780152556378 -15.4681978812321,-44.378012944839 -15.4681954704896,-44.3780105916085 -15.4681931011837,-44.3780081966632 -15.4681907740363,-44.3780057607325 -15.4681884897562,-44.3780032845585 -15.4681862490392,-44.3780007688955 -15.4681840525678,-44.3779982145097 -15.4681819010111,-44.3779956221793 -15.4681797950245,-44.3779929926938 -15.4681777352496,-44.3779903268543 -15.4681757223136,-44.3779876254728 -15.4681737568299,-44.3779848893721 -15.468171839397,-44.3779821193857 -15.4681699705991,-44.3779793163574 -15.4681681510054,-44.377976481141 -15.4681663811702,-44.3779736146001 -15.4681646616326,-44.377970717608 -15.4681629929164,-44.3779677910469 -15.4681613755298,-44.3779648358085 -15.4681598099657,-44.3779618527929 -15.4681582967007,-44.3779588429088 -15.468156836196,-44.377955807073 -15.4681554288963,-44.3779527462102 -15.4681540752304,-44.3779496612529 -15.4681527756106,-44.3779465531406 -15.4681515304328,-44.3779434228203 -15.4681503400762,-44.3779402712454 -15.4681492049035,-44.3779370993758 -15.4681481252605,-44.3779339081779 -15.468147101476,-44.3779306986237 -15.4681461338618,-44.3779274716907 -15.4681452227128,-44.3779242283621 -15.4681443683064,-44.3779209696257 -15.4681435709029,-44.3779176964741 -15.4681428307453,-44.3779144099045 -15.4681421480589,-44.3779111109179 -15.4681415230518,-44.3779078005192 -15.4681409559143,-44.3779044797169 -15.4681404468192,-44.3779011495224 -15.4681399959215,-44.3778978109502 -15.4681396033586,-44.3778944650172 -15.46813926925,-44.3778911127426 -15.4681389936977,-44.3778877551476 -15.4681387767854,-44.3778843932549 -15.4681386185792,-44.3778810280887 -15.4681385191274,-44.3778776606738 -15.4681384784602,-44.3778742920362 -15.4681384965901,-44.3778709232019 -15.4681385735115,-44.3778675551971 -15.4681387092009,-44.3778641890477 -15.4681389036171,-44.3778608257791 -15.4681391567008,-44.3778574664158 -15.4681394683749,-44.3778541119811 -15.4681398385445,-44.3778507634967 -15.4681402670969,-44.3778474219826 -15.4681407539014,-44.3778440884568 -15.4681412988099,-44.3778407639345 -15.4681419016562,-44.3778374494286 -15.4681425622569,-44.3778341459486 -15.4681432804106,-44.3778308545008 -15.4681440558986,-44.3778275760879 -15.4681448884847,-44.3778243117084 -15.4681457779153,-44.3778210623567 -15.4681467239194,-44.3778178290226 -15.4681477262089,-44.3778146126909 -15.4681487844785,-44.3778114143416 -15.4681498984058,-44.3778082349487 -15.4681510676515,-44.3778050754807 -15.4681522918594,-44.3778019369001 -15.4681535706567,-44.3777988201629 -15.4681549036537,-44.3777957262185 -15.4681562904446,-44.3777926560093 -15.4681577306067,-44.3777896104705 -15.4681592237015,-44.3777865905299 -15.468160769274,-44.3777835971073 -15.4681623668537,-44.3777806311147 -15.4681640159537,-44.3777776934553 -15.4681657160718,-44.3777747850242 -15.46816746669,-44.3777719067071 -15.4681692672752,-44.377769059381 -15.4681711172789,-44.377766243913 -15.4681730161374,-44.3777634611609 -15.4681749632725,-44.3777607119723 -15.468176958091,-44.3777579971845 -15.4681789999853,-44.3777553176246 -15.4681810883333,-44.3777526741088 -15.4681832224989,-44.3777500674423 -15.4681854018322,-44.3777474984192 -15.4681876256691,-44.3777449678219 -15.4681898933324,-44.3777424764214 -15.4681922041312,-44.3777400249765 -15.4681945573617,-44.377737614234 -15.468196952307,-44.3777352449281 -15.4681993882377,-44.3777329177807 -15.4682018644116,-44.3777306335006 -15.4682043800747,-44.3777283927836 -15.4682069344604,-44.3777261963122 -15.4682095267909,-44.3777240447555 -15.4682121562763,-44.3777219387689 -15.4682124357428,-44.3777217193325 -15.4682148221159,-44.377719878994 -15.4682175234974,-44.377717866058 -15.4682202595981,-44.3777159005743 -15.4682230295844,-44.3777139831414 -15.4682258326127,-44.3777121143435 -15.4682286678291,-44.3777102947498 -15.46823153437,-44.3777085249146 -15.4682344313622,-44.377706805377 -15.4682373579232,-44.3777051366608 -15.4682403131616,-44.3777035192742 -15.4682432961772,-44.3777019537101 -15.4682463060613,-44.3777004404451 -15.4682493418972,-44.3776989799404 -15.4682524027599,-44.3776975726407 -15.4682554877173,-44.3776962189748 -15.4682585958295,-44.377694919355 -15.4682617261499,-44.3776936741772 -15.4682648777248,-44.3776924838206 -15.4682680495943,-44.3776913486479 -15.4682712407922,-44.3776902690049 -15.4682744503465,-44.3776892452203 -15.4682776772794,-44.3776882776062 -15.4682809206081,-44.3776873664572 -15.4682841793445,-44.3776865120508 -15.468287452496,-44.3776857146473 -15.4682907390656,-44.3776849744897 -15.4682940380522,-44.3776842918033 -15.4682973484509,-44.3776836667962 -15.4683006692533,-44.3776830996587 -15.4683039994478,-44.3776825905636 -15.46830733802,-44.3776821396659 -15.468310683953,-44.377681747103 -15.4683140362276,-44.3776814129944 -15.4683173938226,-44.3776811374421 -15.4683207557152,-44.3776809205298 -15.4683241208815,-44.3776807623236 -15.4683274882963,-44.3776806628718 -15.4683308569339,-44.3776806222046 -15.4683342257682,-44.3776806403345 -15.4683375937731,-44.3776807172559 -15.4683409599224,-44.3776808529453 -15.468344323191,-44.3776810473615 -15.4683476825543,-44.3776813004452 -15.4683510369891,-44.3776816121193 -15.4683543854735,-44.3776819822889 -15.4683577269875,-44.3776824108413 -15.4683610605134,-44.3776828976458 -15.4683643850356,-44.3776834425543 -15.4683676995415,-44.3776840454006 -15.4683710030215,-44.3776847060013 -15.4683742944693,-44.377685424155 -15.4683775728823,-44.377686199643 -15.4683808372618,-44.3776870322291 -15.4683840866135,-44.3776879216597 -15.4683873199476,-44.3776888676638 -15.4683905362792,-44.3776898699533 -15.4683937346286,-44.3776909282229 -15.4683969140215,-44.3776920421502 -15.4684000734895,-44.3776932113959 -15.4684032120701,-44.3776944356038 -15.4684063288073,-44.3776957144011 -15.4684094227517,-44.3776970473981 -15.4684124929609,-44.3776984341889 -15.4684155384996,-44.3776998743511 -15.4684185584403,-44.3777013674458 -15.4684215518628,-44.3777029130184 -15.4684245178555,-44.3777045105981 -15.4684274555148,-44.3777061596981 -15.468430363946,-44.3777078598161 -15.468433242263,-44.3777096104344 -15.4684360895892,-44.3777114110196 -15.4684389050571,-44.3777132610232 -15.4684416878093,-44.3777151598818 -15.4684444369979,-44.3777171070169 -15.4684471517856,-44.3777191018354 -15.4684498313455,-44.3777211437296 -15.4684524748613,-44.3777232320777 -15.4684550815278,-44.3777253662433 -15.468457650551,-44.3777275455766 -15.4684601811482,-44.3777297694135 -15.4684626725488,-44.3777320370768 -15.4684651239937,-44.3777343478756 -15.4684675347362,-44.3777367011061 -15.468469904042,-44.3777390960514 -15.4684722311894,-44.377741531982 -15.4684745154696,-44.377744008156 -15.4684767561866,-44.377746523819 -15.468478952658,-44.3777490782048 -15.4684811042146,-44.3777516705353 -15.4684832102012,-44.3777543000207 -15.4684852699762,-44.3777569658603 -15.4684872829121,-44.3777596672418 -15.4684892483959,-44.3777624033425 -15.4684911658287,-44.3777651733288 -15.4684930346266,-44.3777679763571 -15.4684948542203,-44.3777708115735 -15.4684966240555,-44.3777736781144 -15.4684983435931,-44.3777765751066 -15.4685000123094,-44.3777795016676 -15.4685016296959,-44.377782456906 -15.4685031952601,-44.3777854399216 -15.468504708525,-44.3777884498057 -15.4685061690298,-44.3777914856416 -15.4685075763295,-44.3777945465043 -15.4685089299954,-44.3777976314617 -15.4685102296152,-44.3778007395739 -15.468511474793,-44.3778038698943 -15.4685126651495,-44.3778070214692 -15.4685138003222,-44.3778101933387 -15.4685148799653,-44.3778133845366 -15.4685159037498,-44.3778165940909 -15.468516871364,-44.3778198210238 -15.468517782513,-44.3778230643524 -15.4685186369194,-44.3778263230889 -15.4685194343228,-44.3778295962404 -15.4685201744805,-44.37783288281 -15.4685208571668,-44.3778361817966 -15.4685214821739,-44.3778394921953 -15.4685220493115,-44.3778428129977 -15.4685225584066,-44.3778461431922 -15.4685230093043,-44.3778494817644 -15.4685234018672,-44.3778528276974 -15.4685237359757,-44.3778561799719 -15.4685240115281,-44.3778595375669 -15.4685242284404,-44.3778628994596 -15.4685243866465,-44.3778662646259 -15.4685244860984,-44.3778696320407 -15.4685245267655,-44.3778730006783 -15.4685245086357,-44.3778763695126 -15.4685244317143,-44.3778797375174 -15.4685242960249,-44.3778831036668 -15.4685241016087,-44.3778864669354 -15.468523848525,-44.3778898262987 -15.4685235368508,-44.3778931807335 -15.4685231666812,-44.3778965292179 -15.4685227381289,-44.3778998707319 -15.4685222513243,-44.3779032042578 -15.4685217064159,-44.37790652878 -15.4685211035695,-44.3779098432859 -15.4685204429689,-44.3779131467659 -15.4685197248151,-44.3779164382137 -15.4685189493271,-44.3779197166267 -15.468518116741,-44.3779229810062 -15.4685172273104,-44.3779262303579 -15.4685162813063,-44.377929463692 -15.4685152790168,-44.3779326800236 -15.4685142207472,-44.377935878373 -15.46851310682,-44.3779390577659 -15.4685119375743,-44.3779422172339 -15.4685107133663,-44.3779453558145 -15.4685094345691,-44.3779484725517 -15.468508101572,-44.3779515664961 -15.4685067147812,-44.3779546367053 -15.4685052746191,-44.377957682244 -15.4685037815243,-44.3779607021846 -15.4685022359517,-44.3779636956072 -15.4685006383721,-44.3779666615999 -15.4684989892721,-44.3779695992592 -15.468497289154,-44.3779725076904 -15.4684955385357,-44.3779753860074 -15.4684937379506,-44.3779782333336 -15.4684918879469,-44.3779810488015 -15.4684899890883,-44.3779838315536 -15.4684880419532,-44.3779865807423 -15.4684860471348,-44.37798929553 -15.4684840052405,-44.3779919750899 -15.4684819168925,-44.3779946186057 -15.4684797827268,-44.3779972252722 -15.4684776033936,-44.3779997942953 -15.4684753795566,-44.3780023248926 -15.4684731118934,-44.3780048162931 -15.4684708010946,-44.378007267738 -15.4684684478641,-44.3780096784806 -15.4684660529188,-44.3780120477864 -15.4684636169881,-44.3780143749338 -15.4684611408141,-44.378016659214 -15.4684586251511,-44.378018899931 -15.4684560707653,-44.3780210964024 -15.4684534784349,-44.378023247959 -15.4684508489494,-44.3780253539456 -15.4684478592811,-44.3780278994638 -15.4684456734367,-44.3780295186078 -15.4684435685495,-44.3780310972732 -15.4684410183977,-44.378032837853 -15.4684396421253,-44.378033647425;-15.4658356638995,-44.3783014690207 -15.4648110695736,-44.3790747721972;-15.4649998617645,-44.3805099814427 -15.4640110723398,-44.3794804838041;-15.4643392510107,-44.374184957304 -15.4646666221121,-44.3740831383623 -15.465005929282,-44.373907777908;-15.4687142905848,-44.3731631805479 -15.4685884577381,-44.3726914179353;-15.4654506314553,-44.3801317494033 -15.4641605195875,-44.3783531736016;-15.4655489419735,-44.3800794667316 -15.4648110695736,-44.3790747721972;-15.4665522519064,-44.3792846765487 -15.4658356638995,-44.3783014690207;-15.4672757498488,-44.373468253289 -15.4687142905848,-44.3731631805479;-15.465779641517,-44.3782302266846 -15.4652582771476,-44.3775728542188;-15.4672757498488,-44.373468253289 -15.4685884577381,-44.3726914179353;-15.4695943430327,-44.3714094266112 -15.4698524420542,-44.3718854837523;-15.4695943430327,-44.3714094266112 -15.470297056887,-44.3710393755425;-15.470297056887,-44.3710393755425 -15.4704213130283,-44.3716785401007;-15.4698524420542,-44.3718854837523 -15.4701292640325,-44.371828572594 -15.4704213130283,-44.3716785401007;-15.4698659455696,-44.3719389833483 -15.4700706450385,-44.3728963298946;-15.4698659455696,-44.3719389833483 -15.4701411462593,-44.371867514357 -15.4704283976995,-44.3717154131634;-15.4704283976995,-44.3717154131634 -15.4706219254771,-44.3727660603946;-15.4700706450385,-44.3728963298946 -15.4706219254771,-44.3727660603946;-15.4700839739383,-44.372953760203 -15.4702983951626,-44.3740932599948;-15.4700839739383,-44.372953760203 -15.4706325399269,-44.3728242286827;-15.4706325399269,-44.3728242286827 -15.4708685293193,-44.3739651106144;-15.4702983951626,-44.3740932599948 -15.4708685293193,-44.3739651106144;-15.4703194159187,-44.3741706150282 -15.4706352783094,-44.3758512572439;-15.4703194159187,-44.3741706150282 -15.4708783184794,-44.3740333713256;-15.4708783184794,-44.3740333713256 -15.4711585280399,-44.3753877211774;-15.4706352783094,-44.3758512572439 -15.4711585280399,-44.3753877211774;-15.4700678569608,-44.3763795148829 -15.4699082575346,-44.3754696434448;-15.4699082575346,-44.3754696434448 -15.470462827445,-44.3753728215744;-15.470462827445,-44.3753728215744 -15.4705608928049,-44.3759252942378;-15.4700678569608,-44.3763795148829 -15.4705608928049,-44.3759252942378;-15.4695201831191,-44.3768588915236 -15.4692571969633,-44.3756108849175;-15.4692571969633,-44.3756108849175 -15.4698480232668,-44.3754886999218;-15.4698480232668,-44.3754886999218 -15.4700242962149,-44.3764187611329;-15.4700242962149,-44.3764187611329 -15.4695201831191,-44.3768588915236;-15.4687576493033,-44.3757359242961 -15.4691104552369,-44.3771701715077;-15.4692048148755,-44.3756282124361 -15.4687576493033,-44.3757359242961;-15.469451862595,-44.3768962975585 -15.4692048148755,-44.3756282124361;-15.4691104552369,-44.3771701715077 -15.469451862595,-44.3768962975585;-15.4684997933654,-44.3762968875777 -15.4689875629491,-44.3772716672313;-15.46878908231,-44.3761418440428 -15.4684997933654,-44.3762968875777;-15.4689875629491,-44.3772716672313 -15.4690666951391,-44.3772058176232 -15.46878908231,-44.3761418440428;-15.4650516743726,-44.3804633500954 -15.4654506314553,-44.3801317494033;-15.4683748101701,-44.377575763918 -15.4681721530319,-44.3774141526086 -15.4680602900348,-44.377226786858 -15.4678011025046,-44.3766926823963;-15.4684481527506,-44.3763399570166 -15.4678011025046,-44.3766926823963;-15.4689486991223,-44.3773038734435 -15.4684481527506,-44.3763399570166;-15.4683748101701,-44.377575763918 -15.4685762641375,-44.3775687433715 -15.4688724220035,-44.377373995707 -15.4689486991223,-44.3773038734435;-15.4680067539679,-44.3777594776087 -15.4674065354254,-44.3770128222502;-15.4677268698284,-44.3767449431681 -15.4674065354254,-44.3770128222502;-15.4677268698284,-44.3767449431681 -15.4679746153673,-44.3772520899864 -15.4680295652661,-44.37744584672 -15.4680367273919,-44.3776281182524 -15.4680067539679,-44.3777594776087;-15.4676554290113,-44.3783441017626 -15.4669161186933,-44.3774254311581;-15.4673552234825,-44.3770552936004 -15.4669161186933,-44.3774254311581;-15.4680067518764,-44.3778661691859 -15.4673552234825,-44.3770552936004;-15.4676554290113,-44.3783441017626 -15.4678096468279,-44.3782093727807 -15.4679522325712,-44.3780122540636 -15.4680067518764,-44.3778661691859;-15.4671345661669,-44.3787961578738 -15.4664271911257,-44.3778191205239;-15.4668507760683,-44.3774690772436 -15.4664271911257,-44.3778191205239;-15.4675915161631,-44.3784061585886 -15.4668507760683,-44.3774690772436;-15.4671345661669,-44.3787961578738 -15.4675915161631,-44.3784061585886;-15.4658983400491,-44.3782426514008 -15.4666085194337,-44.3792267864093;-15.4663639810761,-44.3778618867496 -15.4658983400491,-44.3782426514008;-15.4670680405542,-44.3788463631861 -15.4663639810761,-44.3778618867496;-15.4666085194337,-44.3792267864093 -15.4670680405542,-44.3788463631861;-15.465005929282,-44.373907777908 -15.4652522503178,-44.3741461718013;-15.4652522503178,-44.3741461718013 -15.4642989475725,-44.3746454440252;-15.4652832119653,-44.3741804237008 -15.4643199777996,-44.3746820627052;-15.4654393452662,-44.3744306483239 -15.4652832119653,-44.3741804237008;-15.4654393452662,-44.3744306483239 -15.4650644700967,-44.3745053666123 -15.4649397141377,-44.3746056436858;-15.4655024550402,-44.3757018052798 -15.4650831224025,-44.3750761118259 -15.4648943792036,-44.3747338916635 -15.4649126209852,-44.374671107143 -15.4649397141377,-44.3746056436858;-15.4655024550402,-44.3757018052798 -15.4650616182008,-44.3760740073604;-15.4650616182008,-44.3760740073604 -15.4648022579173,-44.3757357714657 -15.4648018611704,-44.3757352634808 -15.4648009025052,-44.3757341570322 -15.4647998776941,-44.3757331339838 -15.4647987910742,-44.3757321988162 -15.4647976472946,-44.3757313555678 -15.4647964512218,-44.3757306078896 -15.4647952079059,-44.37572995905 -15.4647939226813,-44.3757294119154 -15.4647926010294,-44.3757289688584 -15.464791248615,-44.375728631827 -15.464789871152,-44.3757284022906 -15.4647884745373,-44.3757282812543 -15.4647870648217,-44.3757282693394 -15.4647856479634,-44.37572836652 -15.4647842300459,-44.3757285724682 -15.4647828171628,-44.375728886266 -15.4647814153947,-44.3757293066029 -15.4647800307657,-44.3757298315901 -15.4647786691602,-44.3757304590856 -15.4647773365003,-44.3757311862753 -15.4647760385302,-44.3757320100224 -15.4647747807781,-44.3757329267977 -15.4647735686864,-44.3757339326179 -15.4647724075153,-44.3757350231412 -15.4647713022062,-44.3757361936166 -15.4647702575844,-44.3757374389635 -15.4647692781611,-44.375738753809 -15.4647683680986,-44.375740132496 -15.4647675314065,-44.3757415690091 -15.4647667716492,-44.3757430571461 -15.4647660921453,-44.3757445905206 -15.4647654957961,-44.3757461624792 -15.4647649851569,-44.3757477662056 -15.4647645625104,-44.3757493948614 -15.464764229623,-44.3757510414013 -15.464763987953,-44.375752698728 -15.4647638385196,-44.3757543597561 -15.4647637819655,-44.3757560173231 -15.464763818564,-44.3757576643434 -15.4647639481147,-44.3757592937118 -15.464764170089,-44.3757608985469 -15.4647644834809,-44.3757624718709 -15.4647648869315,-44.3757640070886 -15.4647653787067,-44.3757654975274 -15.4647659566559,-44.3757669369463 -15.4647666183282,-44.3757683191667 -15.4647669895027,-44.375768978635;-15.4650061413524,-44.3761008315895 -15.4647686757382,-44.3757715611559 -15.4647681808324,-44.3757708888147 -15.4647673607858,-44.3757696383375 -15.4647669895027,-44.375768978635;-15.4650061413524,-44.3761008315895 -15.4649634555701,-44.3762143576824 -15.4648487501416,-44.3769134338322 -15.4648522069177,-44.377017949897;-15.4648522069177,-44.377017949897 -15.4652019309362,-44.3775087361162;-15.4665522519064,-44.3792846765487 -15.4655489419735,-44.3800794667316;-15.4652957700517,-44.3741202197556 -15.4650619961016,-44.3738808527259;-15.4650619961016,-44.3738808527259 -15.4661273266507,-44.3733173147664;-15.4662532730159,-44.3735950676824 -15.4661273266507,-44.3733173147664;-15.4662532730159,-44.3735950676824 -15.4652957700517,-44.3741202197556;-15.4654950420284,-44.374405928397 -15.465327626976,-44.3741566692443;-15.465327626976,-44.3741566692443 -15.4662763768741,-44.3736413813123;-15.4662763768741,-44.3736413813123 -15.4664030650036,-44.3738976013351;-15.4664030650036,-44.3738976013351 -15.4654950420284,-44.374405928397;-15.4664604919406,-44.3738391205275 -15.4661978060223,-44.3732829766354;-15.4661978060223,-44.3732829766354 -15.4672816252562,-44.3726935986176;-15.467552188648,-44.3732019205641 -15.4672816252562,-44.3726935986176;-15.467552188648,-44.3732019205641 -15.4670988340609,-44.3734784085342 -15.4664604919406,-44.3738391205275;-15.4673838531551,-44.3726544064283 -15.4676403287471,-44.3731559148083;-15.4684716352142,-44.3720539108985 -15.4673838531551,-44.3726544064283;-15.4687069498197,-44.3725354150031 -15.4684716352142,-44.3720539108985;-15.4676403287471,-44.3731559148083 -15.4686144388397,-44.3726052394563 -15.4687069498197,-44.3725354150031;-15.4687765674321,-44.3724894791002 -15.4687746459937,-44.3724905631165 -15.4685376348681,-44.3720097253304;-15.4685376348681,-44.3720097253304 -15.4695489899924,-44.3714288530796;-15.4695489899924,-44.3714288530796 -15.4697916441149,-44.3719074976613;-15.4697916441149,-44.3719074976613 -15.4687765674321,-44.3724894791002;-15.4692601695612,-44.372293565322 -15.4694011224222,-44.3730151994191;-15.4698128926802,-44.3719747990453 -15.4692601695612,-44.372293565322;-15.469981235526,-44.3729025168997 -15.4698128926802,-44.3719747990453;-15.4694011224222,-44.3730151994191 -15.469981235526,-44.3729025168997;-15.4696676983469,-44.374236893883 -15.4694077875237,-44.3730793999261;-15.4694077875237,-44.3730793999261 -15.4699900696448,-44.3729804528093;-15.4699900696448,-44.3729804528093 -15.4702241926716,-44.3741164395734;-15.4702241926716,-44.3741164395734 -15.4696676983469,-44.374236893883;-15.4696810968581,-44.3742962267815 -15.4699047615234,-44.3754131910981;-15.4702333673669,-44.3741764589492 -15.4696810968581,-44.3742962267815;-15.4702333673669,-44.3741764589492 -15.4704491253516,-44.3753058345974;-15.4699047615234,-44.3754131910981 -15.4704491253516,-44.3753058345974;-15.4690232406079,-44.374440729269 -15.4692459519897,-44.3755618371291;-15.469608861714,-44.3743147818308 -15.4690232406079,-44.374440729269;-15.4698438862752,-44.375422487388 -15.469608861714,-44.3743147818308;-15.4692459519897,-44.3755618371291 -15.4698438862752,-44.375422487388;-15.4684931207965,-44.3745741235806 -15.4687483223903,-44.37567950663;-15.4689653610663,-44.3744586853891 -15.4684931207965,-44.3745741235806;-15.4691987896164,-44.3755768087969 -15.4689653610663,-44.3744586853891;-15.4687483223903,-44.37567950663 -15.4691987896164,-44.3755768087969;-15.4679832743637,-44.3751878411174 -15.4684826857044,-44.3762463138392;-15.4684990318436,-44.374925980247 -15.4679832743637,-44.3751878411174;-15.4687761839496,-44.3760886167588 -15.4684990318436,-44.374925980247;-15.4684826857044,-44.3762463138392 -15.4687761839496,-44.3760886167588;-15.4672449587979,-44.3755358882898 -15.4677559686885,-44.3766116493813;-15.4679335172093,-44.3752106360417 -15.4672449587979,-44.3755358882898;-15.4684178727795,-44.3762798693933 -15.4679335172093,-44.3752106360417;-15.4677559686885,-44.3766116493813 -15.4684178727795,-44.3762798693933;-15.4673627353752,-44.3769468378021 -15.4668389087392,-44.3762793318643;-15.4668389087392,-44.3762793318643 -15.4673134239996,-44.3758782087448;-15.4673134239996,-44.3758782087448 -15.467694954634,-44.3766590716155;-15.467694954634,-44.3766590716155 -15.4673627353752,-44.3769468378021;-15.4668583045045,-44.3773757743006 -15.4663196591916,-44.3766960934537;-15.4663196591916,-44.3766960934537 -15.4667851809485,-44.3763154320361;-15.4667851809485,-44.3763154320361 -15.4673144551523,-44.3769914556135;-15.4673144551523,-44.3769914556135 -15.4668583045045,-44.3773757743006;-15.4663873025545,-44.3777393923819 -15.4658242866762,-44.3770850109952;-15.4658242866762,-44.3770850109952 -15.4662708875566,-44.3767284058538;-15.4662708875566,-44.3767284058538 -15.4668251941189,-44.3773982916392;-15.4668251941189,-44.3773982916392 -15.4663873025545,-44.3777393923819;-15.4653113673027,-44.3775348118763 -15.4658479735762,-44.378182279201;-15.4657637052071,-44.377139314763 -15.4653113673027,-44.3775348118763;-15.4663239298843,-44.3778113790012 -15.4657637052071,-44.377139314763;-15.4663239298843,-44.3778113790012 -15.4658479735762,-44.378182279201;-15.4649113721035,-44.3770058053739 -15.4652596145584,-44.3774650781971;-15.4650448750138,-44.3761724050318 -15.4650221718664,-44.3762336337233 -15.464907894385,-44.3769103004922 -15.4649113721035,-44.3770058053739;-15.4657342293921,-44.3770724779238 -15.4650448750138,-44.3761724050318;-15.4657342293921,-44.3770724779238 -15.4652596145584,-44.3774650781971;-15.4657867726132,-44.377039902612 -15.4650854972923,-44.3761172595748;-15.4650854972923,-44.3761172595748 -15.4655404908913,-44.375752636973;-15.4655404908913,-44.375752636973 -15.4662259779321,-44.3766657454309;-15.4662259779321,-44.3766657454309 -15.4657867726132,-44.377039902612;-15.4662717588553,-44.3766272892719 -15.4655851070509,-44.3757244634647;-15.4660358950985,-44.3753562628488 -15.4655851070509,-44.3757244634647;-15.4667237211036,-44.3762581520517 -15.4660358950985,-44.3753562628488;-15.4662717588553,-44.3766272892719 -15.4667237211036,-44.3762581520517;-15.464969302494,-44.3746382058649 -15.4649507802076,-44.3747298355296 -15.4651267969193,-44.3750436030234 -15.4655384987501,-44.3756755415319;-15.464969302494,-44.3746382058649 -15.4650847049103,-44.3745457025882 -15.4652416870001,-44.3745158220514 -15.4654473495456,-44.3744806587366;-15.4654473495456,-44.3744806587366 -15.4659959327651,-44.3752932717156;-15.4659959327651,-44.3752932717156 -15.4655384987501,-44.3756755415319;-15.4655233585986,-44.3744777742823 -15.4660777437757,-44.3752648422343 -15.4667909588617,-44.3762126922986;-15.4655233585986,-44.3744777742823 -15.465658098355,-44.3744333057334 -15.4657840575862,-44.3744139454475 -15.4665492247662,-44.3742624209952;-15.4665492247662,-44.3742624209952 -15.4672880231417,-44.3758145495429;-15.4672880231417,-44.3758145495429 -15.4667909588617,-44.3762126922986;-15.4657260123254,-44.3743553732045 -15.4664242050628,-44.373966691551;-15.4665332528541,-44.3742147101044 -15.4664242050628,-44.373966691551;-15.4657260123254,-44.3743553732045 -15.4658278845719,-44.3743641601954 -15.4665332528541,-44.3742147101044;-15.4664947516931,-44.3739205221542 -15.4672288284455,-44.3754781374124;-15.4671540635647,-44.3735638503671 -15.4664947516931,-44.3739205221542;-15.4679043507738,-44.3751512178284 -15.4671540635647,-44.3735638503671;-15.4672288284455,-44.3754781374124 -15.4679043507738,-44.3751512178284;-15.4672531361339,-44.3735563371632 -15.4679621545832,-44.3751272795045;-15.4681375967558,-44.3733882955597 -15.4672531361339,-44.3735563371632;-15.468480480032,-44.3748721001006 -15.4681375967558,-44.3733882955597;-15.4679621545832,-44.3751272795045 -15.468480480032,-44.3748721001006;-15.4682078672464,-44.3733840335007 -15.4684747173417,-44.374518913216;-15.4687306328342,-44.3732800917964 -15.4682078672464,-44.3733840335007;-15.4689590736411,-44.3744058895038 -15.4687323657095,-44.3732797472565 -15.4687306328342,-44.3732800917964;-15.4684747173417,-44.374518913216 -15.4689590736411,-44.3744058895038;-15.4688029122864,-44.3732398731044 -15.4690140900943,-44.3743919777276;-15.4693479458176,-44.3730942196683 -15.4688029122864,-44.3732398731044;-15.4695970763242,-44.3742507214235 -15.4693479458176,-44.3730942196683;-15.4690140900943,-44.3743919777276 -15.4695970763242,-44.3742507214235;-15.4686585051598,-44.3726448065368 -15.4687809086988,-44.3731670922223;-15.4692133991063,-44.3723219940273 -15.4687521499269,-44.3725754443339 -15.4686585051598,-44.3726448065368;-15.4693338752034,-44.3730193177123 -15.4692133991063,-44.3723219940273;-15.4687809086988,-44.3731670922223 -15.4693338752034,-44.3730193177123;-15.4712891949216,-44.3697623258312 -15.4715782521341,-44.3702932147167;-15.4712891949216,-44.3697623258312 -15.4723117780148,-44.3692214684981;-15.4723117780148,-44.3692214684981 -15.4725721744627,-44.3697699029602;-15.4715782521341,-44.3702932147167 -15.4725721744627,-44.3697699029602;-15.4702785726798,-44.3703175653767 -15.4705345770259,-44.3708498951924;-15.4702785726798,-44.3703175653767 -15.4712343687259,-44.369782797969;-15.4712343687259,-44.369782797969 -15.4715201347919,-44.3703331418732;-15.4705345770259,-44.3708498951924 -15.4715201347919,-44.3703331418732;-15.469959096262,-44.3697118251943 -15.4702391996427,-44.3702393115082;-15.469959096262,-44.3697118251943 -15.4709244155464,-44.3691834623208;-15.4709244155464,-44.3691834623208 -15.4712113942341,-44.3697362246375;-15.4702391996427,-44.3702393115082 -15.4712113942341,-44.3697362246375;-15.4696538642439,-44.3691375030678 -15.4699384976598,-44.3696703818713;-15.4696538642439,-44.3691375030678 -15.470639465687,-44.3685950861096;-15.470639465687,-44.3685950861096 -15.4709117764375,-44.3691353328834;-15.4699384976598,-44.3696703818713 -15.4709117764375,-44.3691353328834;-15.469346455592,-44.3685425040428 -15.4696228343935,-44.3690761038382;-15.469346455592,-44.3685425040428 -15.4703453816317,-44.3680078897929;-15.4703453816317,-44.3680078897929 -15.4706144222074,-44.3685403034812;-15.4696228343935,-44.3690761038382 -15.4706144222074,-44.3685403034812;-15.4690400982899,-44.3679351954381 -15.4693216528438,-44.3684760923123;-15.4690400982899,-44.3679351954381 -15.4700373345661,-44.3673981584698;-15.4700373345661,-44.3673981584698 -15.4703167917882,-44.3679426532245;-15.4693216528438,-44.3684760923123 -15.4703167917882,-44.3679426532245;-15.4690103795384,-44.3678792262548 -15.4687368457549,-44.3673622689991;-15.4697398484706,-44.3668087149853 -15.4687368457549,-44.3673622689991;-15.4697398484706,-44.3668087149853 -15.4700156821266,-44.3673513275281;-15.4690103795384,-44.3678792262548 -15.4691555678845,-44.3678070319172 -15.4700156821266,-44.3673513275281;-15.46870483708,-44.3672921421047 -15.4684368354651,-44.3667523088574;-15.4684368354651,-44.3667523088574 -15.4694314114729,-44.3661940946366;-15.4697107162354,-44.3667572830966 -15.4694314114729,-44.3661940946366;-15.4697107162354,-44.3667572830966 -15.46870483708,-44.3672921421047;-15.4681260062296,-44.3661685731655 -15.4684110237221,-44.3667097456245;-15.4691192807293,-44.3656149010998 -15.4681257398684,-44.3661680674214 -15.4681260062296,-44.3661685731655;-15.4694125962134,-44.3661654376063 -15.4691192807293,-44.3656149010998;-15.4684110237221,-44.3667097456245 -15.4694125962134,-44.3661654376063;-15.4678464952582,-44.3655937862251 -15.4681075272234,-44.3661119912448;-15.4688198842281,-44.3650150543637 -15.4678458445765,-44.3655925251545 -15.4678464952582,-44.3655937862251;-15.4691016565134,-44.3655741956426 -15.4688198842281,-44.3650150543637;-15.4681075272234,-44.3661119912448 -15.4691016565134,-44.3655741956426;-15.4675338879265,-44.3650000625794 -15.467817817003,-44.3655450620502;-15.4685068628724,-44.3644334010287 -15.4675332342505,-44.3649988078686 -15.4675338879265,-44.3650000625794;-15.4688029494058,-44.3649832361747 -15.4685068628724,-44.3644334010287;-15.4688029494058,-44.3649832361747 -15.467817817003,-44.3655450620502;-15.4674964334526,-44.3649374420554 -15.4672168995143,-44.3643790218145;-15.4672168995143,-44.3643790218145 -15.4682111857021,-44.3638558882708;-15.4682111857021,-44.3638558882708 -15.468485615373,-44.364385162387;-15.468485615373,-44.364385162387 -15.4674964334526,-44.3649374420554;-15.4669144550885,-44.3637860814965 -15.4671734638472,-44.364306436965;-15.4679004999866,-44.3632584724109 -15.4669144550885,-44.3637860814965;-15.4681856099285,-44.3637758251359 -15.4679004999866,-44.3632584724109;-15.4671734638472,-44.364306436965 -15.4681856099285,-44.3637758251359;-15.4668892226203,-44.363725729263 -15.4666359537645,-44.3632144324807;-15.4676122609055,-44.3626808818809 -15.4666359537645,-44.3632144324807;-15.4678697292692,-44.3632011413303 -15.4676122609055,-44.3626808818809;-15.4668892226203,-44.363725729263 -15.4678697292692,-44.3632011413303;-15.4679200150042,-44.3631588909804 -15.4676608772468,-44.3626488064781;-15.4676608772468,-44.3626488064781 -15.4684166216694,-44.362250374846 -15.4684194337917,-44.3622505757248;-15.4684194337917,-44.3622505757248 -15.4687604164433,-44.3622804228316;-15.4687604164433,-44.3622804228316 -15.4689163186075,-44.3626193351837;-15.4689163186075,-44.3626193351837 -15.4679200150042,-44.3631588909804;-15.4682366721016,-44.3637624261018 -15.4679566623735,-44.3632232635638;-15.4679566623735,-44.3632232635638 -15.4689685263773,-44.362689210056;-15.4689685263773,-44.362689210056 -15.4692416169075,-44.3631964998822;-15.4692416169075,-44.3631964998822 -15.4682366721016,-44.3637624261018;-15.468268688977,-44.3638227289464 -15.4685402033183,-44.3643420486837;-15.4692708134145,-44.3632643463575 -15.468268688977,-44.3638227289464;-15.4695333892956,-44.3637830859948 -15.4692708134145,-44.3632643463575;-15.4685402033183,-44.3643420486837 -15.4695333892956,-44.3637830859948;-15.4688528947807,-44.3649537304522 -15.4685636140728,-44.3644085909651;-15.4685636140728,-44.3644085909651 -15.4695678920115,-44.3638479137883;-15.4698653017952,-44.364410350294 -15.4695678920115,-44.3638479137883;-15.4698653017952,-44.364410350294 -15.4688528947807,-44.3649537304522;-15.4688692674768,-44.3649945723917 -15.4691434489768,-44.3655538016084;-15.4698800256143,-44.3644412528491 -15.4688692674768,-44.3649945723917;-15.4701689358466,-44.3650003546136 -15.4698800256143,-44.3644412528491;-15.4701689358466,-44.3650003546136 -15.4691434489768,-44.3655538016084;-15.4694667940508,-44.3661380189224 -15.4691670490574,-44.3655886581407;-15.4701941888687,-44.3650397345894 -15.4691670490574,-44.3655886581407;-15.4701941888687,-44.3650397345894 -15.4704763456802,-44.3655835859454;-15.4694667940508,-44.3661380189224 -15.4704763456802,-44.3655835859454;-15.469769344904,-44.3667351540534 -15.4694852837277,-44.3661746608226;-15.4694852837277,-44.3661746608226 -15.4705046714838,-44.3656351792724;-15.4705046714838,-44.3656351792724 -15.4707877479759,-44.3661847971374;-15.4707877479759,-44.3661847971374 -15.469769344904,-44.3667351540534;-15.4698008791112,-44.3667840890422 -15.4700626577835,-44.3673269965836;-15.4708135971203,-44.3662361856529 -15.4698008791112,-44.3667840890422;-15.4708135971203,-44.3662361856529 -15.471086948286,-44.3667787070651;-15.4700626577835,-44.3673269965836 -15.471086948286,-44.3667787070651;-15.4700830185466,-44.36737125661 -15.47037266242,-44.3679270335261;-15.4700830185466,-44.36737125661 -15.4711044536834,-44.3668384621902;-15.4711044536834,-44.3668384621902 -15.4713789995203,-44.3673549836146;-15.47037266242,-44.3679270335261 -15.4713789995203,-44.3673549836146;-15.4703918900908,-44.3679735646234 -15.4706574658365,-44.368505273404;-15.4703918900908,-44.3679735646234 -15.4714088555196,-44.3674217872132;-15.4714088555196,-44.3674217872132 -15.4716872656314,-44.3679720039421;-15.4706574658365,-44.368505273404 -15.4716872656314,-44.3679720039421;-15.470685116795,-44.3685704370628 -15.4709639447293,-44.3691015486522;-15.470685116795,-44.3685704370628 -15.471709725806,-44.3680153813123;-15.471709725806,-44.3680153813123 -15.4719780028702,-44.3685595651593;-15.4709639447293,-44.3691015486522 -15.4719780028702,-44.3685595651593;-15.470990992924,-44.3691508510999 -15.4712727557536,-44.369713114235;-15.470990992924,-44.3691508510999 -15.472007899518,-44.3686153141603;-15.472007899518,-44.3686153141603 -15.472292237272,-44.3691798920769;-15.4712727557536,-44.369713114235 -15.472292237272,-44.3691798920769;-15.4748818922912,-44.3554882815192 -15.4741139102761,-44.3571116248086;-15.4745639793162,-44.3563551778124 -15.4749816315619,-44.3555128925081;-15.4744976647054,-44.3565183731389 -15.4742387682926,-44.3571696006536;-15.473397411428,-44.3520285442499 -15.4732976654333,-44.352042260869 -15.4731424315802,-44.3521016149892 -15.4729232779054,-44.3522431517376 -15.4726539015133,-44.3524714368156 -15.4717002406001,-44.3533320715595 -15.4708966771256,-44.354053452406 -15.4706295835844,-44.3542817374839 -15.4704789154329,-44.3543890314706 -15.470413283473,-44.354436971337 -15.4703219694418,-44.3544803455018 -15.4702557667692,-44.3545008911588 -15.470184998395,-44.3545214368158 -15.4701233614239,-44.3545328510697 -15.4700274816912,-44.3545488310252 -15.469895076346,-44.3545488310252 -15.4697900652101,-44.3545328510697 -15.469687336925,-44.3545100225619 -15.4696159978381,-44.3544849112033 -15.4695201181054,-44.3544392541877 -15.4694470668804,-44.3543935971721 -15.4692918330274,-44.3542680403792 -15.4691833976154,-44.3541607463926 -15.4690761036287,-44.3539940982857 -15.4687975958336,-44.3535283967266 -15.4683632834727,-44.3528047330294 -15.468093336368,-44.3523595771273 -15.4680636593079,-44.3523159943928;-15.4744976647054,-44.3565183731389 -15.4746434181291,-44.356542365472 -15.4820963849596,-44.3583343678481;-15.4791964395176,-44.3611232374866 -15.4793430692491,-44.3609579290989 -15.4800049942955,-44.3603495273076 -15.4812703744524,-44.3591454251166 -15.4820963849596,-44.3583343678481;-15.474654027744,-44.3623555957863 -15.4769760520491,-44.3615349536277 -15.4777461561893,-44.3612836491692 -15.4786797040503,-44.3612369589381 -15.4791964395176,-44.3611232374866;-15.4743680190568,-44.361953998538 -15.474654027744,-44.3623555957863;-15.4743680190568,-44.361953998538 -15.4750387993337,-44.3614691031703 -15.4750393576815,-44.3614686541075 -15.4750403878189,-44.3614677289942 -15.4750413619307,-44.3614667222932 -15.4750422758093,-44.3614656382907 -15.4750427007542,-44.3614650598779;-15.4743387595442,-44.361903805786 -15.4750157490497,-44.3614282837385 -15.4750162722205,-44.3614278928107 -15.4750174006621,-44.3614271415198 -15.4750185715401,-44.3614264824469 -15.4750197798086,-44.3614259183974 -15.475021020299,-44.3614254518754 -15.4750222876927,-44.3614250848234 -15.4750235765487,-44.361424818846 -15.4750248813674,-44.3614246550666 -15.4750261965285,-44.3614245941955 -15.4750275163828,-44.3614246365377 -15.4750288353162,-44.3614247818861 -15.4750301476247,-44.3614250296596 -15.4750314477001,-44.3614253787692 -15.4750327299381,-44.3614258277221 -15.4750339888615,-44.3614263746288 -15.4750352190583,-44.3614270171263 -15.4750364152438,-44.3614277525295 -15.475037572262,-44.3614285776097 -15.4750386852067,-44.3614294888614 -15.475039749238,-44.3614304824147 -15.4750407598291,-44.3614315539805 -15.4750417126417,-44.361432699024 -15.4750426035598,-44.3614339125478 -15.4750434287777,-44.3614351894284 -15.4750441847723,-44.3614365241934 -15.4750448683028,-44.3614379110592 -15.4750454764084,-44.3614393441507 -15.4750460065032,-44.3614408172879 -15.4750464563427,-44.3614423241682 -15.4750468239642,-44.3614438582867 -15.4750471078063,-44.3614454131673 -15.4750473066827,-44.36144698203 -15.4750474197146,-44.361448558263 -15.4750474464586,-44.361450134992 -15.475047386809,-44.3614517055513 -15.4750472410325,-44.361453263154 -15.4750470097336,-44.361454801149 -15.4750466939486,-44.3614563129166 -15.47504629502,-44.3614577920066 -15.4750458146595,-44.3614592320702 -15.4750452549768,-44.3614606268981 -15.4750446183561,-44.3614619705952 -15.475043907518,-44.3614632573664 -15.4750431255493,-44.3614644816635 -15.4750427007542,-44.3614650598779;-15.4739970656856,-44.361392669533 -15.4743387595442,-44.361903805786;-15.4739970656856,-44.361392669533 -15.4744810731929,-44.3610238110422;-15.473965483331,-44.361349781221 -15.4744521687933,-44.3609923396912;-15.4736185320219,-44.3608664126969 -15.473965483331,-44.361349781221;-15.4736185320219,-44.3608664126969 -15.4740235840544,-44.3605642979737;-15.4735553910554,-44.3608095265277 -15.4739530211111,-44.360506249464;-15.4735553910554,-44.3608095265277 -15.4722158903286,-44.3589185487553;-15.4723439303929,-44.3592287827442 -15.4721511249702,-44.3589746223899;-15.4723439303929,-44.3592287827442 -15.47147654986,-44.3600468390536;-15.47147654986,-44.3600468390536 -15.4717425870363,-44.3605090262346;-15.4717425870363,-44.3605090262346 -15.471217282734,-44.3609271530704 -15.4707446797329,-44.3610819712949 -15.470095592373,-44.361294038243 -15.4695764967621,-44.3615292855509;-15.4695764967621,-44.3615292855509 -15.4698875349149,-44.3624035001229;-15.4633942922486,-44.3608539797727 -15.4642759241651,-44.3610909254547 -15.4646609476176,-44.3612214432049 -15.464959514051,-44.3613644036436 -15.4653704586745,-44.3615985561197 -15.465978985362,-44.3619874289418 -15.4662892470208,-44.362118522574 -15.4664420773812,-44.3621561721671 -15.466561502882,-44.3621677267597 -15.4669927851621,-44.3621518346207 -15.4678110499444,-44.3620969392098 -15.4683640968507,-44.362129508821 -15.4688236673049,-44.3621827969168 -15.4694071680931,-44.3622803013556 -15.4698875349149,-44.3624035001229;-15.473426644935,-44.3627435720387 -15.4736735251206,-44.362696386799 -15.4745773677905,-44.3623897002248;-15.473426644935,-44.3627435720387 -15.4734224234121,-44.3626505008846 -15.4743202027348,-44.3620050124459;-15.4743202027348,-44.3620050124459 -15.4745773677905,-44.3623897002248;-15.4733527340151,-44.3626050248859 -15.4742921604784,-44.3619372019452;-15.4730584481669,-44.3621358732786 -15.4733527340151,-44.3626050248859;-15.4730584481669,-44.3621358732786 -15.4739538016916,-44.3614473050502;-15.4739538016916,-44.3614473050502 -15.4742921604784,-44.3619372019452;-15.4729973189936,-44.3620699950882 -15.4739107418634,-44.3613776893969;-15.4726372044915,-44.3615842222984 -15.4729973189936,-44.3620699950882;-15.4726372044915,-44.3615842222984 -15.4735592981428,-44.3609001756301;-15.4735592981428,-44.3609001756301 -15.4739107418634,-44.3613776893969;-15.473353127878,-44.3627611581733 -15.4714458403022,-44.3627865538851;-15.4714458403022,-44.3627865538851 -15.4712872151907,-44.3623938926266;-15.4712872151907,-44.3623938926266 -15.4720319739216,-44.3620023937775 -15.472593420341,-44.3616253961491;-15.472593420341,-44.3616253961491 -15.4733106344705,-44.3626655825843 -15.473353127878,-44.3627611581733;-15.4713479786459,-44.3627732628509 -15.4708449117928,-44.3628056469825 -15.4706661649778,-44.3627287710738;-15.4706661649778,-44.3627287710738 -15.4706834991456,-44.3626275431317 -15.4712215436354,-44.3624383900493;-15.4712215436354,-44.3624383900493 -15.4713479786459,-44.3627732628509;-15.4705930140319,-44.3627054724115 -15.4703859571441,-44.3626076949689 -15.4700197861823,-44.3624819350652;-15.4700197861823,-44.3624819350652 -15.4696873496863,-44.3615724390136;-15.4696873496863,-44.3615724390136 -15.4700805986271,-44.3614005584803;-15.4700805986271,-44.3614005584803 -15.4705972973414,-44.36270722788 -15.4705930140319,-44.3627054724115;-15.4706493174602,-44.3625743094663 -15.4701540502981,-44.3613618225667;-15.4701540502981,-44.3613618225667 -15.470715058132,-44.3611759964028;-15.470715058132,-44.3611759964028 -15.4711819480614,-44.3623589759585 -15.4711806502371,-44.3623595108612;-15.4711806502371,-44.3623595108612 -15.4706493174602,-44.3625743094663;-15.4707856509469,-44.3611493809466 -15.4712710347429,-44.3623270817465;-15.4707856509469,-44.3611493809466 -15.4712216209244,-44.3610104008561;-15.4712216209244,-44.3610104008561 -15.4719607013839,-44.3619727210341;-15.4719607013839,-44.3619727210341 -15.4712710347429,-44.3623270817465;-15.4720339356779,-44.3619448814187 -15.4712771422085,-44.360983420533;-15.4712771422085,-44.360983420533 -15.4718081297218,-44.3605897618522;-15.4718081297218,-44.3605897618522 -15.4722049731168,-44.3610897586844 -15.4722052306885,-44.3610900863076 -15.4725720245159,-44.3615718624507;-15.4720339356779,-44.3619448814187 -15.4725720245159,-44.3615718624507;-15.4715895373325,-44.3600622541776 -15.4718308161279,-44.3604466797398;-15.4723968623941,-44.3593109523274 -15.4715895373325,-44.3600622541776;-15.4723968623941,-44.3593109523274 -15.4727117140617,-44.3597585547184;-15.4718308161279,-44.3604466797398 -15.4727117140617,-44.3597585547184;-15.4718998456021,-44.360517682253 -15.472774417284,-44.3598449842801;-15.472774417284,-44.3598449842801 -15.4731174138529,-44.3603059482;-15.4722430770865,-44.3609964902126 -15.4731174138529,-44.3603059482;-15.4718998456021,-44.360517682253 -15.4722430770865,-44.3609964902126;-15.4722554790901,-44.361080525122 -15.4731761304815,-44.360374570717;-15.4731761304815,-44.360374570717 -15.4735190745707,-44.3608419995998;-15.4726092043425,-44.3615468613056 -15.4735190745707,-44.3608419995998;-15.4722554790901,-44.361080525122 -15.4726092043425,-44.3615468613056;-15.4782594290305,-44.3572877541139 -15.4767743478038,-44.3569319103137 -15.4750570629382,-44.3565147943736 -15.4746166501206,-44.3564104374298 -15.4745639793162,-44.3563551778124;-15.4804498979865,-44.3515116755484 -15.4802133504218,-44.3519971610291;-15.4784167653346,-44.3549675455695 -15.4786692043929,-44.3532194937501 -15.478755784435,-44.352693773019;-15.4799180841539,-44.3527470166177 -15.4798053655166,-44.3526830996786 -15.4796625305096,-44.3526210047355 -15.4794796718236,-44.3525994613615 -15.4789039647137,-44.352653699216 -15.478755784435,-44.352693773019;-15.4792397361185,-44.3557268062872 -15.4794730773032,-44.354661894731 -15.4796715173921,-44.3537935458732 -15.4799180841539,-44.3527470166177;-15.4792397361185,-44.3557268062872 -15.4788494563806,-44.3553870055903 -15.478849390304,-44.355386946402 -15.4786195235668,-44.3551794847588 -15.4784167653346,-44.3549675455695;-15.4777881037922,-44.3524551932797 -15.4783837162266,-44.3522738758841 -15.478675809805,-44.3521624787766 -15.4789602946713,-44.3519611368397 -15.4791614760088,-44.351786639734 -15.4793987154173,-44.3514969264125 -15.4802642683546,-44.3503244417132;-15.4808436204205,-44.3508792768465 -15.4807054574894,-44.3507322742918 -15.4802642683546,-44.3503244417132;-15.4808436204205,-44.3508792768465 -15.4807540460121,-44.3509515713812 -15.4803732623456,-44.3514016236893 -15.4800498649451,-44.3520297546347;-15.481578614675,-44.3518291595718 -15.4814198125822,-44.3515860417146 -15.4811772110301,-44.3512518396133 -15.4808837765548,-44.3509191776652;-15.481578614675,-44.3518291595718 -15.4815055979016,-44.351933744327;-15.4805013844815,-44.3514135433206 -15.4815055979016,-44.351933744327;-15.4808837765548,-44.3509191776652 -15.4807950937513,-44.3509837920244 -15.4805013844815,-44.3514135433206;-15.4804498979865,-44.3515116755484 -15.481456596128,-44.3519807844344;-15.481456596128,-44.3519807844344 -15.4812142764475,-44.3524705536484;-15.4802133504218,-44.3519971610291 -15.4812142764475,-44.3524705536484;-15.4800498649451,-44.3520297546347 -15.4811560687755,-44.3525854606867;-15.4811560687755,-44.3525854606867 -15.4808903244866,-44.3532309150879;-15.4808903244866,-44.3532309150879 -15.4804447690242,-44.352959201428 -15.4799958374275,-44.3526884157758 -15.4798549793352,-44.3525947841038 -15.4796830536861,-44.3524936855062 -15.4794892977624,-44.3524670325025 -15.478687080759,-44.3525703529955 -15.4783434370866,-44.3525726612533 -15.4779811452573,-44.3525495676875 -15.477821789392,-44.3525053685781 -15.4777881037922,-44.3524551932797;-15.4808285251196,-44.353282585763 -15.4800294635846,-44.3528437878422;-15.4802797858658,-44.354104061343 -15.4808285251196,-44.353282585763;-15.4802797858658,-44.354104061343 -15.479806427147,-44.3537406012113;-15.479806427147,-44.3537406012113 -15.4800294635846,-44.3528437878422;-15.4813540366082,-44.3535881288873 -15.4809187618749,-44.3533182724657;-15.4813540366082,-44.3535881288873 -15.4808251541124,-44.3544854341441;-15.4808251541124,-44.3544854341441 -15.4803608868466,-44.3541544922254;-15.4803608868466,-44.3541544922254 -15.4809187618749,-44.3533182724657;-15.4819562621149,-44.3539511331734 -15.4814572802599,-44.3536547628731;-15.4813670632247,-44.3548877148735 -15.4819562621149,-44.3539511331734;-15.4813670632247,-44.3548877148735 -15.4808843850936,-44.3545479693068;-15.4814572802599,-44.3536547628731 -15.4808843850936,-44.3545479693068;-15.4825775574867,-44.3543333871992 -15.4820370343566,-44.3540010362493;-15.4819235583438,-44.3552862476596 -15.4825775574867,-44.3543333871992;-15.4819235583438,-44.3552862476596 -15.4814319079649,-44.3549329817682;-15.4814319079649,-44.3549329817682 -15.4820370343566,-44.3540010362493;-15.4811924771107,-44.3564523592413 -15.4818856106123,-44.3553404596024;-15.4810299827183,-44.3564546968355 -15.4811924771107,-44.3564523592413;-15.4808120106181,-44.355867283117 -15.4810299827183,-44.3564546968355;-15.4808120106181,-44.355867283117 -15.4814053819088,-44.3550082159401;-15.4818856106123,-44.3553404596024 -15.4814053819088,-44.3550082159401;-15.480704389834,-44.3567422290023 -15.4809410416499,-44.3565626494479 -15.4808165758146,-44.3568030721948;-15.4808165758146,-44.3568030721948 -15.480704389834,-44.3567422290023;-15.4807638243695,-44.355812097383 -15.4813289337048,-44.3549476121677;-15.4804214341729,-44.3552075520485 -15.4807638243695,-44.355812097383;-15.4808307396575,-44.3546038995861 -15.4804214341729,-44.3552075520485;-15.4813289337048,-44.3549476121677 -15.4808307396575,-44.3546038995861;-15.4806218424474,-44.3566853205744 -15.4804429441305,-44.3565737329386 -15.4796623450593,-44.3560723050884 -15.4792788035304,-44.3557607466963;-15.4792788035304,-44.3557607466963 -15.4795467581272,-44.3547047384404;-15.4795467581272,-44.3547047384404 -15.4798826677724,-44.3548212846678 -15.4798831376158,-44.3548214389493 -15.4798845623948,-44.3548218356922 -15.4798860068676,-44.3548221326003 -15.4798874649188,-44.3548223283933 -15.4798889302893,-44.354822422182 -15.4798903966522,-44.3548224135158 -15.4798918576989,-44.354822302362 -15.4798933071596,-44.3548220892226 -15.4798947424657,-44.3548217740889 -15.4799927016086,-44.3547960761021 -15.4799940955053,-44.3547956508213 -15.4799954666169,-44.354795125622 -15.4799968019342,-44.3547945047037 -15.4799980957501,-44.3547937906966 -15.4799993424911,-44.3547929866765 -15.4800005368892,-44.3547920960571 -15.4800016737418,-44.3547911226591 -15.480002748287,-44.3547900707175 -15.4800037558638,-44.3547889447276 -15.4800046922182,-44.3547877494883 -15.4800051524234,-44.3547870981414 -15.4803029733745,-44.3542387555031;-15.4807770509221,-44.3545649377192 -15.4803029733745,-44.3542387555031;-15.4807770509221,-44.3545649377192 -15.4803616728796,-44.3552067067407;-15.4803616728796,-44.3552067067407 -15.4807465842403,-44.3559038232271 -15.4809473097663,-44.3564789852684;-15.4806218424474,-44.3566853205744 -15.4809473097663,-44.3564789852684;-15.4795590651166,-44.3546592798343 -15.4798870351207,-44.3547606908458 -15.47995689989,-44.3547172741373 -15.4802516579556,-44.3541973900689;-15.4795590651166,-44.3546592798343 -15.4797608032869,-44.3538795918485;-15.4802516579556,-44.3541973900689 -15.4797608032869,-44.3538795918485;-15.4731664416657,-44.3409311538088 -15.4748998987593,-44.3441445986635;-15.4749954666657,-44.3443214978672 -15.4773116972092,-44.3438509766592;-15.4815844302974,-44.3427122159485 -15.4815878015396,-44.3424081714215 -15.4813641502925,-44.3417467347545 -15.481114327091,-44.3412589846943 -15.4810143978103,-44.340714132188 -15.4809763295129,-44.3405166528953;-15.4739836591377,-44.3396169919612 -15.4734935298089,-44.3386795601382;-15.4744517802321,-44.3400999834842 -15.4742733350881,-44.3395242004863;-15.4751470701067,-44.337584074423 -15.4761217642461,-44.3370282623095 -15.4764222974267,-44.3369429890892 -15.4766535544644,-44.336925928479 -15.4768017404236,-44.3369029560489 -15.477458487517,-44.3365326238102 -15.477940774001,-44.3363067101079;-15.474488064078,-44.3393172041193 -15.4740074518236,-44.3383631174162;-15.4739836591377,-44.3396169919612 -15.474488064078,-44.3393172041193;-15.4733362625108,-44.3400029860955 -15.4728151162038,-44.3403112083182;-15.4809763295129,-44.3405166528953 -15.475995019132,-44.341881313098;-15.4751459455057,-44.338263946627 -15.4752305404146,-44.3388594848827;-15.473375204908,-44.3399776430431 -15.4731485765574,-44.3394516413351 -15.4729197836908,-44.3389941161474;-15.4759807577074,-44.3418270350693 -15.4809610873236,-44.3404439364992;-15.4773116972092,-44.3438509766592 -15.4773757958355,-44.3437181398443 -15.4775054415927,-44.3435747200827 -15.4815844302974,-44.3427122159485;-15.4753360427709,-44.339568495772 -15.4744517802321,-44.3400999834842;-15.4792887704248,-44.3458347419936 -15.4788339113349,-44.3459480476011;-15.4723438336948,-44.3393148074901 -15.4728670402815,-44.3390238179847;-15.477940774001,-44.3363067101079 -15.4779532187551,-44.3362422538838 -15.4778658307625,-44.3359216939535 -15.4777892795793,-44.3356894671417 -15.4776975608213,-44.3356309536082 -15.4775892019134,-44.33538493193 -15.4774110640194,-44.3348656840906;-15.4743887143122,-44.3401393445097 -15.4741990372158,-44.3395630520622;-15.4792936664302,-44.3373965490222 -15.4795648284241,-44.3375193692937 -15.4797884796712,-44.3378976729989 -15.4799407528608,-44.3383188035387;-15.4759807577074,-44.3418270350693 -15.4756627018995,-44.3409232277348;-15.4742733350881,-44.3395242004863 -15.4752440196154,-44.3389554934944;-15.4722965334403,-44.3393459752512 -15.4720567489914,-44.3394861321889;-15.4769247833879,-44.3467100205306 -15.4782898655996,-44.3461775963878 -15.4793358161036,-44.3459160744959 -15.4812005549898,-44.345487609071 -15.4823188220335,-44.3452983838035 -15.4824521186528,-44.3451645330888;-15.4815818533682,-44.3427840958581 -15.4816080253226,-44.3429411275848;-15.4728151162038,-44.3403112083182 -15.4723438336948,-44.3393148074901;-15.4779704702875,-44.3363771108535 -15.4774920481622,-44.3366070648927 -15.4768286564373,-44.3369957709815 -15.4766524430104,-44.337013910599 -15.4764321762268,-44.3370320502165 -15.4761652647124,-44.3371020173125 -15.4751379492287,-44.3376960630104;-15.4750361087209,-44.3443754251146 -15.4764453434416,-44.3441022694985 -15.4782220287157,-44.3437298551212;-15.4734935298089,-44.3386795601382 -15.4740074518236,-44.3383631174162;-15.4720031861317,-44.3394283591886 -15.4750418388415,-44.3376288156487;-15.4816080253226,-44.3429411275848 -15.4802445876607,-44.3432183588211 -15.4802218039625,-44.3430826940657;-15.4753862379694,-44.3395471009464 -15.476960115475,-44.3385912370513 -15.4771631829986,-44.338816349123 -15.4785498495483,-44.3379688182001 -15.4788365047036,-44.3374374133208 -15.4792618609331,-44.3373179022172;-15.4751459455057,-44.338263946627 -15.4742858262482,-44.3387747308816;-15.4799407528608,-44.3383188035387 -15.4756394703337,-44.3408440917792;-15.4751379492287,-44.3376960630104 -15.4753862379694,-44.3395471009464;-15.4774024047718,-44.3438331940257 -15.478221765003,-44.3436785012442;-15.4801669661436,-44.3431056308333 -15.4775461319071,-44.3436376159979 -15.4774278160052,-44.3437514186641 -15.4774024047718,-44.3438331940257;-15.4729197836908,-44.3389941161474 -15.4734345685593,-44.3387035015283;-15.4802218039625,-44.3430826940657 -15.4815818533682,-44.3427840958581;-15.4752305404146,-44.3388594848827 -15.4745332701812,-44.3392767565533;-15.4739223974957,-44.3396410110488 -15.4734345685593,-44.3387035015283;-15.4787702221255,-44.3459673971938 -15.4782598598014,-44.3461093625884 -15.4768663210778,-44.3466312640489;-15.4756627018995,-44.3409232277348 -15.479997612618,-44.3384051782283;-15.4751328458649,-44.3381727759293 -15.4750757434189,-44.3377326112408;-15.4793489097999,-44.3458108229085 -15.4790015365863,-44.3443285385792;-15.4793489097999,-44.3458108229085 -15.4794857177436,-44.3457798924169 -15.4812106874687,-44.34537065822 -15.4823003924813,-44.3452088679562 -15.4824217351792,-44.345094663064;-15.4824217351792,-44.345094663064 -15.4820678189769,-44.3436230854434 -15.4819084079817,-44.3432162305151 -15.4817942030895,-44.3431781622178 -15.4816466884372,-44.3430044756109;-15.4750418388415,-44.3376288156487 -15.4749380765945,-44.3371671394779;-15.4731434799182,-44.3408922799235 -15.4728569204656,-44.3403433661907;-15.4751470701067,-44.337584074423 -15.4750287528643,-44.3371101350969 -15.4746242772046,-44.335654022722 -15.474029460058,-44.3334317858624 -15.4739866332235,-44.3331891004666 -15.4741246308015,-44.3327774870011;-15.4753484636408,-44.3396399547106 -15.473859256765,-44.3405256060419 -15.4731664416657,-44.3409311538088;-15.4745332701812,-44.3392767565533 -15.4742858262482,-44.3387747308816;-15.4741246308015,-44.3327774870011 -15.4771442636007,-44.3314189486049;-15.4742548957566,-44.3386890772125 -15.4751328458649,-44.3381727759293;-15.4750757434189,-44.3377326112408 -15.4740812091498,-44.3383274283874;-15.4768663210778,-44.3466312640489 -15.4767322885696,-44.3464969571896 -15.4762423209558,-44.3459840413988 -15.4757716051282,-44.3454986926109 -15.4755036372054,-44.3451899768524 -15.4754172138488,-44.345099279428 -15.4750361087209,-44.3443754251146;-15.4756394703337,-44.3408440917792 -15.4754842670566,-44.3401288069587 -15.4754065949418,-44.3396049329907;-15.4788339113349,-44.3459480476011 -15.478524594528,-44.3444766902099;-15.4784638218858,-44.3444855703059 -15.4787702221255,-44.3459673971938;-15.4728569204656,-44.3403433661907 -15.4741990372158,-44.3395630520622;-15.4792618609331,-44.3373179022172 -15.4792739789986,-44.3372009743173 -15.4792337457381,-44.3370839847067 -15.4790623105726,-44.3367119277165 -15.4789513165274,-44.3366102636002 -15.4787804716978,-44.3365399936694 -15.4786611609038,-44.3363742450595 -15.4779704702875,-44.3363771108535;-15.4748998987593,-44.3441445986635 -15.4754826759608,-44.3433277073967 -15.4757853602747,-44.342743053475 -15.4759561855205,-44.3423356758497 -15.4759867058789,-44.3421747056915 -15.4759619477257,-44.3420483265955 -15.4759149230535,-44.3418694519309 -15.4755850090133,-44.3409172219434 -15.4754224239715,-44.3401522635603 -15.4753484636408,-44.3396399547106;-15.4752440196154,-44.3389554934944 -15.4753360427709,-44.339568495772;-15.4701340435259,-44.3446604757337 -15.4721150410717,-44.3399643651748 -15.4721435922948,-44.3398013852766 -15.4720567489914,-44.3394861321889;-15.4754065949418,-44.3396049329907 -15.4769432956092,-44.3387350131952 -15.4771212886752,-44.3389554458228 -15.4786285582462,-44.3380569949413 -15.4789146439216,-44.3375013740015 -15.4792936664302,-44.3373965490222;-15.4749954666657,-44.3443214978672 -15.4749296877568,-44.3441822882363;-15.4749296877568,-44.3441822882363 -15.4755172293119,-44.3433516609653 -15.475829079335,-44.3427597083551 -15.4760150787272,-44.3423490360301 -15.4760467824107,-44.3421735160572 -15.4760228398492,-44.3420332206392 -15.475995019132,-44.341881313098;-15.4780148191453,-44.3362967720946 -15.4786900003164,-44.3363087533847 -15.4788192483171,-44.3364590926977 -15.4789483642723,-44.3365369672707 -15.4791042236556,-44.3366493426806 -15.4793283030405,-44.3371155089477 -15.4793343150571,-44.3373216838251 -15.4796025775226,-44.3374743728814 -15.4798489003819,-44.3378701324904 -15.4800310012714,-44.3383359898699 -15.4803876835943,-44.3389307216783 -15.4807279190021,-44.3393090253835 -15.4808016763283,-44.3395231595563 -15.480946811712,-44.3396706742086 -15.4809658458607,-44.3398919461871 -15.4810229483068,-44.3400085303479 -15.4810443617241,-44.3403892133217 -15.4810419824555,-44.3404605913793 -15.4810842144729,-44.3407008975065 -15.4811889022907,-44.3412362329384 -15.4814315876865,-44.3417168451928 -15.4816760575338,-44.3423866092999 -15.4816546441165,-44.3427387410507 -15.4816879538767,-44.3429362203434 -15.481847364872,-44.3431194240245 -15.4819639490327,-44.3431574923219 -15.4821584542396,-44.3436036051818 -15.4825147600007,-44.3450700897671;-15.4742548957566,-44.3386890772125 -15.4740812091498,-44.3383274283874;-15.4809610873236,-44.3404439364992 -15.4809396739063,-44.3400323230337 -15.480889709266,-44.3399062217986 -15.4808730543859,-44.3396944668945 -15.4807469531508,-44.3395540900479 -15.4806660580189,-44.3393399558751 -15.4803115469995,-44.3389830655872 -15.479997612618,-44.3384051782283;-15.4774783154194,-44.3348441979239 -15.4776624402485,-44.3353572937044 -15.4777610636764,-44.335567495066 -15.4778588928477,-44.3356445056477 -15.4779426954845,-44.3358763997283 -15.4780270101092,-44.3362394269411 -15.4780148191453,-44.3362967720946;-15.4739223974957,-44.3396410110488 -15.473375204908,-44.3399776430431;-15.4797994466124,-44.3499428689215 -15.4794947327182,-44.3497779665643 -15.4791850797562,-44.3495852598326 -15.4789141301592,-44.349363670696 -15.4784855713646,-44.3489276515019 -15.4777805024484,-44.3482103086673 -15.4773388342354,-44.3474842331923 -15.4769124470183,-44.346736296714 -15.4769247833879,-44.3467100205306;-15.4754189698017,-44.3452272637705 -15.4753489185887,-44.3451322505845 -15.4748600578897,-44.3441907895109 -15.474148016699,-44.3428948902763 -15.4730958317602,-44.3409440612203 -15.4727772091308,-44.3403551783764 -15.4722965334403,-44.3393459752512;-15.4824521186528,-44.3451645330888 -15.4826527844645,-44.3458433891473 -15.4826051990928,-44.3460765574688 -15.4816493279383,-44.3474398783687 -15.4814780206,-44.3477729759708 -15.4809460884433,-44.3484442399342 -15.4797994466124,-44.3499428689215;-15.4792887704248,-44.3458347419936 -15.4789387462013,-44.3443539670123;-15.4743887143122,-44.3401393445097 -15.4731434799182,-44.3408922799235;-15.4801669661436,-44.3431056308333 -15.4802073260031,-44.3433225949395 -15.4816466884372,-44.3430044756109;-15.4728670402815,-44.3390238179847 -15.4731102003496,-44.339476861703 -15.4733362625108,-44.3400029860955;-15.5533853609291,-44.4430581009447 -15.5538713560077,-44.442690480404 -15.5553812804585,-44.4431849180031 -15.5565077038032,-44.4436623254829 -15.5590430821658,-44.4457630290161 -15.5604302452278,-44.4475926724893;-15.5503597592433,-44.4418436855139 -15.5479707425687,-44.44621640098;-15.5521615997979,-44.4505369992397 -15.5520931041991,-44.450069296965 -15.5517586306892,-44.4485770300226 -15.551648063509,-44.4469473315367 -15.551474890639,-44.4457986588641 -15.5514544062552,-44.4442876001713 -15.5513368272061,-44.4436311398111;-15.5533609549183,-44.4430196284886 -15.5520452655755,-44.4439401569533 -15.5517996953152,-44.4437529599516 -15.551504509139,-44.4438767446027;-15.5513368272061,-44.4436311398111 -15.5508961056267,-44.443792907601 -15.5499433681974,-44.4447548128846 -15.5499282109041,-44.4449152555489 -15.5500817314823,-44.4453651837746 -15.5492168870163,-44.4459938251442;-15.5513015980055,-44.4435204999644 -15.5511663719728,-44.4428935449236 -15.5509794012834,-44.4426303954736 -15.5503597592433,-44.4418436855139;-15.5515223295299,-44.4439291299889 -15.5517838439562,-44.4437944754156 -15.5520515557973,-44.4439957625142 -15.5533853609291,-44.4430581009447;-15.551504509139,-44.4438767446027 -15.5514117144327,-44.4435657629499 -15.5512592394555,-44.4428511937499 -15.5510458751309,-44.4425673789408 -15.5503836405765,-44.441711405554 -15.548647484201,-44.4393493953991;-15.5503122095653,-44.4417724969185 -15.5479088500628,-44.4461784433977;-15.5491546893471,-44.4459056105458 -15.5499859290286,-44.4453282517601 -15.5498353105092,-44.4449221255131 -15.5498548493085,-44.4447234383 -15.5508338762712,-44.4436990584677 -15.5513015980055,-44.4435204999644;-15.5503122095653,-44.4417724969185 -15.5485926886167,-44.4394413902994;-15.5525815761306,-44.4521768120218 -15.5522339660695,-44.4500333935481 -15.5518681991372,-44.4485593927834 -15.5517493485252,-44.4469278432392 -15.5515776175656,-44.4457830304617 -15.5515587920968,-44.4442813020798 -15.5515223295299,-44.4439291299889;-15.3923169597643,-44.3670732628125 -15.3923122542653,-44.3671477303249 -15.3923794151097,-44.3674026201308 -15.3925090803109,-44.3674148140769 -15.3926098305383,-44.3672698364897 -15.392612942073,-44.3672259274749 -15.3926286310828,-44.3672044682155 -15.3927287111181,-44.3671646176397 -15.3929324108381,-44.3670835070455 -15.3929348763405,-44.3670826712112 -15.3931042222681,-44.3670349339536 -15.3931051441802,-44.3670346929419 -15.3932441437972,-44.3670011714043 -15.3932543522582,-44.3670008555621 -15.3933548882249,-44.3670186089372 -15.3935600509332,-44.3670548380662 -15.394172196246,-44.3671629351552 -15.3946270894956,-44.3672302180347 -15.3950484042446,-44.3672614173678;-15.3974902234551,-44.360338590252 -15.3969443980703,-44.3598829187252 -15.3966706789927,-44.3595908479135 -15.3954835956362,-44.3586409532933 -15.3950498907036,-44.3583389047184 -15.3940166920453,-44.3576014280299;-15.3975302333559,-44.3603717716174 -15.3975142025572,-44.3604080302858 -15.3974591584158,-44.3605173139796 -15.3973808353378,-44.3606233676805 -15.3973467998226,-44.3606564383877 -15.3970351636357,-44.360934457843 -15.3969195989892,-44.3610307506889 -15.3968671497543,-44.3611137422937 -15.3968481474394,-44.3612330824066 -15.3968318866379,-44.3613541575932 -15.3968010101466,-44.3614786448031 -15.3967287605802,-44.3616303740305 -15.3966199135428,-44.3618427053157 -15.396554083233,-44.3620944178444 -15.3964865989694,-44.3623618494178 -15.3964565708247,-44.3625224190237 -15.396433281002,-44.3628301370171 -15.3963473250979,-44.3633517376244 -15.3962280175456,-44.363910040408 -15.3962136252813,-44.3642751709173 -15.3961880977572,-44.3645363158506 -15.3961242947301,-44.3647161316548 -15.3959580019418,-44.3649678044311 -15.3959275155147,-44.3650189507629;-15.3950484041115,-44.3672614174583 -15.3952507688044,-44.3666145632079 -15.3953354394705,-44.3663033749359 -15.3954097221781,-44.3658806996423 -15.3954112230113,-44.3658755199903 -15.3955587889318,-44.3655166250972 -15.3955598656993,-44.3655143415274 -15.3956982881959,-44.3652555290887 -15.3957022522147,-44.3652500547024 -15.3960830684838,-44.3647239810493 -15.3961501023517,-44.3645756297841 -15.3961745752101,-44.3643468830179 -15.3961721567235,-44.3640388803817 -15.3963840533305,-44.3629792002572 -15.396426528779,-44.3625197243112 -15.3965621320967,-44.3618842904144 -15.3967686956161,-44.3614648553728 -15.3967899508763,-44.3613533094976 -15.3968114685015,-44.3611658989967 -15.3968507774878,-44.3610483119306 -15.39728088114,-44.3606312700586 -15.3973938799345,-44.3605039787178 -15.3974902234551,-44.360338590252;-15.3959275154364,-44.3650189506989 -15.3962385245827,-44.3647357686868 -15.3964161143458,-44.3645375626782 -15.3967645457517,-44.3644688499365 -15.3974748625559,-44.3644531159113 -15.3979168472846,-44.364374401844 -15.3982533959388,-44.3642823608159 -15.3988768990125,-44.3643337934447 -15.3993605576337,-44.3642390384014 -15.4006392842571,-44.3635198562249 -15.4008058633994,-44.3634629423697;-15.4008058633994,-44.3634629423697 -15.3997972474157,-44.3623246302803 -15.3989459988421,-44.3615302814856 -15.3975302332338,-44.3603717716464;-15.533564772418,-44.4082625447694 -15.5335215835246,-44.4075424969792;-15.5337285491224,-44.4125983979416 -15.5336593030039,-44.4125853332431 -15.5335606040958,-44.4125347456469 -15.5334400319624,-44.4124011604859 -15.5333195141593,-44.4122841873241 -15.533014013439,-44.4121080751441 -15.532667710098,-44.4119231382814 -15.5326673552087,-44.4119229450572 -15.5323135576784,-44.4117265919522 -15.5319961444422,-44.4115877236614 -15.5319213079372,-44.4115620803162;-15.5336300768706,-44.4085214971462 -15.5336790299685,-44.4092615728 -15.53384217821,-44.4105921373477 -15.5339037026059,-44.4108997593272 -15.5339041839578,-44.4109051167009 -15.5338969240407,-44.4113044121417 -15.5338966572202,-44.4113076283895 -15.5338276880077,-44.4117722630842 -15.5338276107332,-44.4117727504966 -15.5337771008018,-44.4120722022327 -15.5337735326804,-44.4122648807898 -15.5337915353037,-44.4124449070225 -15.5337915669931,-44.412449541824 -15.5337743271707,-44.4126495237644;-15.5318581299713,-44.4114800980976 -15.5319336925486,-44.4115134700871 -15.532013325885,-44.4115407571061 -15.5320152424571,-44.4115415032641 -15.5323346788097,-44.4116812566684 -15.5323367899175,-44.4116823013978 -15.5326914417022,-44.4118791286031 -15.5330379245185,-44.4120641613113 -15.5330386335368,-44.4120645548589 -15.5333471800137,-44.412242422828 -15.5333521061906,-44.4122461421912 -15.5334755247814,-44.4123659308235 -15.5334768126539,-44.4123672775987 -15.5335882133032,-44.4124928243622 -15.5336749043942,-44.4125395041804 -15.5337328534298,-44.4125484691403;-15.5337328534298,-44.4125484691403 -15.5337408790021,-44.4124454064133 -15.5337236336514,-44.4122683842808 -15.5337235138667,-44.4122654338042 -15.5337271438253,-44.4120694160424 -15.5337274877659,-44.4120657207954 -15.5337782661429,-44.4117646775605 -15.5338469616987,-44.4113018864481 -15.5338541430433,-44.4109069124899 -15.5337929642768,-44.410601018657 -15.5337926646337,-44.4105991583617 -15.5336293164988,-44.4092669635729 -15.5336291851712,-44.4092655710108 -15.5335684332681,-44.4083248356254;-15.533760470641,-44.4127097890896 -15.5337200198878,-44.4128604332739 -15.5337197971965,-44.4128612120134 -15.5336426605773,-44.4131153091121 -15.5336415534761,-44.4131182686049 -15.5333135794599,-44.4138503211052 -15.5332185826365,-44.4141406887542 -15.5331917035567,-44.4143754327175 -15.5331427361627,-44.4150373993396 -15.533141717595,-44.4150428457075 -15.5330963431131,-44.4151916740082 -15.5330904836099,-44.4152010308726;-15.5321983473267,-44.4155571490033 -15.532239304805,-44.4154282087938 -15.5322544803619,-44.4154145283123 -15.5327976397523,-44.4152953865017 -15.5329944522761,-44.4152226052224 -15.5330504837257,-44.4151706401815 -15.5330930780442,-44.415030930817 -15.533141876843,-44.4143712433516 -15.533141971018,-44.4143702436156 -15.5331691957071,-44.4141324813304 -15.5331702726958,-44.4141275517747 -15.5332664665974,-44.4138335251319 -15.5332674124007,-44.4138310771668 -15.533595276398,-44.4130992702334 -15.5336718355138,-44.412847075499 -15.5337230282542,-44.4126573120651 -15.5337285491224,-44.4125983979416;-15.5318447648891,-44.4070131167369 -15.5318913741238,-44.4070504681424 -15.5335647725149,-44.4082625447135;-15.5337743271707,-44.4126495237644 -15.5340552906571,-44.4129726897946 -15.5343384274242,-44.4133284257328 -15.5343395969323,-44.4133300207459 -15.5346699231605,-44.4138200651505 -15.5346708017555,-44.4138214664431 -15.5349025376592,-44.4142197625276 -15.5351813732672,-44.4146108566272 -15.5351821693625,-44.4146120436019 -15.5352104840083,-44.4146569865239;-15.5335684332681,-44.4083248356254 -15.5318647270157,-44.4070937330175 -15.5318264471848,-44.4070641665177;-15.5351668791624,-44.4146815745303 -15.5351402461196,-44.4146393007622 -15.5348611543302,-44.4142478473432 -15.534859901686,-44.4142459065628 -15.5346280004467,-44.4138473263078 -15.5342986898878,-44.4133587886656 -15.5340165078248,-44.4130042522274 -15.5337604705307,-44.412709789115;-15.5532001317205,-44.3757427798295 -15.5525448390744,-44.3759104149557 -15.5525418358408,-44.37591099821 -15.5522851417626,-44.3759447132531 -15.5519878004077,-44.3759962928759 -15.5518340602263,-44.3760656266832 -15.5518237825325,-44.3760678370142 -15.5516579433268,-44.3760678370142 -15.5516562985464,-44.3760677828495 -15.5513777366923,-44.3760494161339 -15.5509348731303,-44.3760524809336 -15.5509331008425,-44.3760524303257 -15.5506941961169,-44.3760371159203 -15.5504536427147,-44.3760340709405 -15.5501520774212,-44.3760646091981 -15.5498632668501,-44.3761007105195 -15.5497982783632,-44.3761430943152 -15.5496094093136,-44.3762883781995 -15.5496033078539,-44.3762918313871 -15.5493453357562,-44.3763931775684 -15.5493350761643,-44.3763948837574 -15.5491293127054,-44.3763856704682 -15.549122935323,-44.3763845453348 -15.5489119964683,-44.3763182502662 -15.5486183307151,-44.3763273327121 -15.5486161766028,-44.376327306472 -15.5482276829079,-44.3763058087972 -15.5482267836657,-44.3763057427519 -15.547824470037,-44.3762688895951 -15.5478200717719,-44.3762680851905 -15.5475874362194,-44.376203592166 -15.5475842162169,-44.3762024575861 -15.5472504102378,-44.3760585228979 -15.5466041504038,-44.3758408030962 -15.5466031522442,-44.3758404430616 -15.5459135447478,-44.37557503239 -15.5453409877727,-44.3753890085526 -15.5450313370532,-44.3753799011785 -15.544811005079,-44.3753737595206 -15.5448053911251,-44.3753729596592 -15.5446664088079,-44.3753367034025 -15.5444856176999,-44.375324650662 -15.5442216919231,-44.3753306660643 -15.5440384929719,-44.3754027443402 -15.5440256313528,-44.3754042036002 -15.5438413655687,-44.3753765637326 -15.543829964418,-44.3753717576056 -15.5436538419588,-44.3752381474641 -15.5434086212685,-44.3751200782429 -15.5431476323864,-44.3750290356096 -15.5429714682807,-44.3749961914543 -15.5428263308317,-44.3750066652908 -15.542572023947,-44.3750373046745 -15.5425653084549,-44.3750372050907 -15.5423411184176,-44.3750034230303 -15.5423374513944,-44.3750025842582 -15.5420806742816,-44.374923105628 -15.541871858146,-44.3748807371368 -15.5416695983775,-44.3748666753636 -15.5415945555706,-44.3748095854217;-15.541766425265,-44.3717873513374 -15.541654558364,-44.3720879518862 -15.5415873773659,-44.3724104206772 -15.5415814013573,-44.3724221386407 -15.541364235491,-44.3726610210936 -15.5411399271163,-44.3729484161988 -15.5413548844774,-44.3738369066248 -15.5413549772184,-44.3738373041245 -15.5414997743653,-44.374481651428 -15.5416054252128,-44.3747563436317;-15.5416054252128,-44.3747563436317 -15.5417093910028,-44.3748228173248 -15.5418761740019,-44.37483088747 -15.5418799369078,-44.3748313574901 -15.5420918425595,-44.3748743528397 -15.5420942634831,-44.3748749714572 -15.5423504337113,-44.3749542622421 -15.5425694075984,-44.3749872583073 -15.5428209441043,-44.3749569527042 -15.5428221350821,-44.3749568380514 -15.5429710832576,-44.374946089214 -15.5429774647626,-44.3749464478625 -15.5431586594503,-44.3749802299229 -15.5431623116935,-44.3749812014258 -15.5434264259841,-44.3750733343179 -15.5434290370706,-44.3750744142807 -15.5436777958792,-44.3751941870403 -15.5436820601507,-44.3751967948003 -15.5438550969047,-44.375328064062 -15.5440264220106,-44.3753537628278 -15.544207523637,-44.375282509729 -15.544216107092,-44.3752807803687 -15.5444855958013,-44.3752746381759 -15.5444878284292,-44.375274687056 -15.5446720942133,-44.3752869714416 -15.5446767417855,-44.3752877256387 -15.5448152508949,-44.3753238584499 -15.5450327494329,-44.3753299211269 -15.5450327878157,-44.3753299222263 -15.5453460396487,-44.3753391355155 -15.5453530296765,-44.3753403481598 -15.545929628026,-44.3755276850403 -15.545930882716,-44.375528129957 -15.5466206163736,-44.3757935891845 -15.5472673470395,-44.3760114676058 -15.5472692643009,-44.3760122024912 -15.5476024426331,-44.3761558665427 -15.5478312663374,-44.3762193028172 -15.5482308956967,-44.3762559100868 -15.5486178626844,-44.3762773232798 -15.5489146814134,-44.3762681433191 -15.5489229499047,-44.3762692815281 -15.5491348114428,-44.3763358665829 -15.5493320015131,-44.376344695989 -15.5495817299913,-44.3762465883726 -15.5497685639784,-44.376102869921 -15.5497701500529,-44.3761017452558 -15.5498407852702,-44.3760556788097 -15.5498513410963,-44.3760518121277 -15.5501461663509,-44.3760149589709 -15.5501467484554,-44.3760148931249 -15.5504500192251,-44.3759841821609 -15.5504528544193,-44.3759840569565 -15.5506954710351,-44.3759871280529 -15.5506967538864,-44.3759871772567 -15.5509354141597,-44.3760024759922 -15.551378300548,-44.3759994110345 -15.5513801183346,-44.3759994646005 -15.5516587666088,-44.3760178370142 -15.5518184060076,-44.3760178370142 -15.5519701307552,-44.3759494121281 -15.5519761355274,-44.3759475696606 -15.5522771029748,-44.3758953610218 -15.5522781202757,-44.3758952060459 -15.5525338051053,-44.3758616235608 -15.5532048490262,-44.3756897099317;-15.4568365482185,-44.3551918941881 -15.4566083963631,-44.3549792029816 -15.456547747349,-44.3549317385358 -15.4564488713431,-44.3549319739213;-15.4569758637908,-44.3533489016452 -15.4569293190233,-44.3534568162912 -15.4566497962696,-44.3538254481109 -15.4566496211127,-44.3538256850397 -15.4566493881485,-44.3538259997471 -15.4566492646294,-44.353826166628 -15.4563737611836,-44.354185838185 -15.4563735847383,-44.3541860739988 -15.4563728417404,-44.3541870914643 -15.4563720026776,-44.3541884037652 -15.4563712483809,-44.3541897700824 -15.4563705819971,-44.354191184618 -15.4563700063757,-44.3541926412516 -15.4563695240688,-44.3541941337641 -15.4563691370835,-44.3541956557377 -15.4563688470799,-44.3541972006807 -15.4563686552722,-44.3541987620021 -15.4563685625276,-44.3542003329869 -15.4563685692424,-44.3542019068708 -15.4563686753425,-44.3542034770132 -15.4563688804561,-44.3542050366001 -15.4563691836169,-44.354206578991 -15.4563695835612,-44.35420809757 -15.4563700785792,-44.3542095858453 -15.4563706665402,-44.354211037449 -15.4563713449662,-44.3542124461617 -15.4563717280084,-44.3542131261474;-15.4571053265582,-44.3548628509211 -15.456377123379,-44.354219679426 -15.456376624775,-44.3542192310637 -15.456375979047,-44.3542186429244 -15.4563748992903,-44.3542175346185 -15.4563738918811,-44.3542163556065 -15.4563729610804,-44.3542151109405 -15.4563721109089,-44.3542138059027 -15.4563717280084,-44.3542131261474;-15.4568365482185,-44.3551918941881 -15.4571053265582,-44.3548628509211;-15.4571434643326,-44.3548197726139 -15.4564238465469,-44.3541978795567;-15.4566714106511,-44.3538746704227 -15.4564238465469,-44.3541978795567;-15.4566714106511,-44.3538746704227 -15.4574093722493,-44.3544947053099;-15.4571434643326,-44.3548197726139 -15.4574093722493,-44.3544947053099;-15.456696605451,-44.3538370596109 -15.4574474893751,-44.3544684731416;-15.4569492201938,-44.3534992382427 -15.456696605451,-44.3538370596109;-15.4569492201938,-44.3534992382427 -15.4577094094064,-44.3541127116296;-15.4574474893751,-44.3544684731416 -15.4577094094064,-44.3541127116296;-15.4574858597044,-44.3544918754788 -15.4582017398336,-44.3550950748321;-15.4574858597044,-44.3544918754788 -15.4577453216923,-44.3541429716061;-15.4577453216923,-44.3541429716061 -15.4584556489575,-44.3547641657578;-15.4584556489575,-44.3547641657578 -15.4582017398336,-44.3550950748321;-15.4582550021949,-44.355140752654 -15.4590178784775,-44.3557504093249;-15.4585161398501,-44.3548135532277 -15.4582550021949,-44.355140752654;-15.4592753864096,-44.3554297094896 -15.4585161398501,-44.3548135532277;-15.4592753864096,-44.3554297094896 -15.4590178784775,-44.3557504093249;-15.4597738876678,-44.3564158906648 -15.4590529931661,-44.3557815683068;-15.4590529931661,-44.3557815683068 -15.459321494053,-44.3554535590267;-15.459321494053,-44.3554535590267 -15.4600447065083,-44.3560738017322;-15.4600447065083,-44.3560738017322 -15.4597738876678,-44.3564158906648;-15.4594954326391,-44.3567805739596 -15.4587497369526,-44.3561595810994;-15.4587497369526,-44.3561595810994 -15.4590173520996,-44.3558304394823;-15.4590173520996,-44.3558304394823 -15.4597471282352,-44.3564532550487;-15.4597471282352,-44.3564532550487 -15.4594954326391,-44.3567805739596;-15.4579218212204,-44.3554544006377 -15.4571961384996,-44.3548484104793;-15.4571961384996,-44.3548484104793 -15.457454608253,-44.3545341023722;-15.457454608253,-44.3545341023722 -15.4581670459965,-44.3551316283891;-15.4581670459965,-44.3551316283891 -15.4579218212204,-44.3554544006377;-15.4587115961747,-44.3561246220063 -15.4579774369166,-44.355506666556;-15.4582260634727,-44.355178514463 -15.4579774369166,-44.355506666556;-15.4582260634727,-44.355178514463 -15.4589719692982,-44.3557925012312;-15.4589719692982,-44.3557925012312 -15.4587115961747,-44.3561246220063;-15.4584106516659,-44.3580436590431 -15.4585677418507,-44.3579806286899;-15.4599566653499,-44.3609049850643 -15.4600559678158,-44.3607666709154;-15.4599566653499,-44.3609049850643 -15.4602232451838,-44.3608837059645;-15.4602232451838,-44.3608837059645 -15.4600559678158,-44.3607666709154;-15.4586717314165,-44.3579362000281 -15.4589558034264,-44.3580509630443;-15.4601175879835,-44.3560746138188 -15.4586717314165,-44.3579362000281;-15.458308979931,-44.3580470113904 -15.4573951789499,-44.3578967583285 -15.4567678343012,-44.3577953217489 -15.456390954621,-44.3576163676749 -15.4551696811044,-44.3570628406814 -15.4549645965485,-44.3567914738867 -15.4549168067306,-44.3566454772419 -15.4549033246373,-44.3563701000205 -15.4548681038499,-44.3560070047109 -15.454789218278,-44.3557429110778 -15.4546126559379,-44.3554567880518 -15.4544801342355,-44.3552959521086 -15.4544036842492,-44.3552386105931 -15.4541524409052,-44.3550418296811 -15.4525045346763,-44.3536366843158 -15.4519468274377,-44.3531976381918 -15.4516251239714,-44.3530789770772 -15.4513180974275,-44.3530228613483;-15.458308979931,-44.3580470113904 -15.4580379538668,-44.3585809395118 -15.4578018817213,-44.3589051275735 -15.4576280698492,-44.3591408052139 -15.4571156641632,-44.3596974610722;-15.4564488709303,-44.3549319742516 -15.4564190330011,-44.3549564596014 -15.4563557470733,-44.3550329300975 -15.456296416516,-44.3551252220755 -15.4561922584265,-44.3552030110284 -15.4561144694736,-44.3552082848557 -15.4560248144093,-44.3551766418918 -15.4556589426393,-44.3551713680645 -15.4550992577154,-44.3545589448675 -15.4550188318489,-44.3545141173353;-15.4550188318489,-44.3545141173353 -15.4544311297174,-44.3551766418918;-15.4544311297174,-44.3551766418918 -15.4541882040467,-44.3550012871336 -15.4525572729494,-44.3535852644994 -15.4519768223305,-44.3531363299492 -15.4516409454534,-44.3530268980324 -15.4512646869893,-44.3529453513867;-15.4515618726414,-44.3496127851318 -15.4499915379725,-44.3514902959611;-15.4568618187881,-44.3577562079813 -15.4567909516953,-44.35774180726 -15.456414088788,-44.3575739260208 -15.4552052107402,-44.3570101440311 -15.4550158103523,-44.356766388173 -15.4549646199669,-44.3566217955861 -15.4549661257666,-44.3563651673268 -15.4549340910339,-44.3559986999603 -15.4548461728925,-44.3557052885842 -15.4546683203888,-44.3554281188329 -15.4544784293561,-44.3552165252108;-15.4550269073969,-44.354591576674 -15.4544784293561,-44.3552165252108;-15.4565074913074,-44.3549666634419 -15.4564725953098,-44.3549739291543 -15.4564462261732,-44.3549976613772 -15.4563882140727,-44.3550543550209 -15.4563302019722,-44.3551519208262 -15.4562187923702,-44.3552442128042 -15.4561133158239,-44.3552521235452 -15.4560144315617,-44.355223117495 -15.4556366936803,-44.355223117495 -15.4550638241881,-44.3546179458105 -15.4550269073969,-44.354591576674;-15.4575623362886,-44.3559006752697 -15.4568985198095,-44.3553003424945 -15.4567950181814,-44.3552436909724 -15.4565074913074,-44.3549666634419;-15.4575623362886,-44.3559006752697 -15.4569912478773,-44.3566612969344;-15.4572588453979,-44.3568830735677 -15.4569912478773,-44.3566612969344;-15.4572588453979,-44.3568830735677 -15.4568618187881,-44.3577562079813;-15.4499505646927,-44.351461391636 -15.4514807996827,-44.3496064742718;-15.4493360037175,-44.3477800777524 -15.4480923835064,-44.3493496787875;-15.4514807996952,-44.3496064744138 -15.449336003579,-44.3477800777659;-15.4493669420619,-44.347740751191 -15.4515618726414,-44.3496127851318;-15.4501287706215,-44.3467678672417 -15.4493669420766,-44.3477407513349;-15.4584106516659,-44.3580436590431 -15.4581074950219,-44.3586279369108 -15.4578630024316,-44.3589544986373 -15.4576853089422,-44.3591918387243 -15.4571717868276,-44.3597618218118;-15.4585677418507,-44.3579806286899 -15.4591527114612,-44.3581937262662;-15.4591527114612,-44.3581937262662 -15.4576270929021,-44.3602839612206;-15.4592323726632,-44.3582019028883 -15.4576826783225,-44.3603442001952;-15.4594459626695,-44.3582796918412 -15.4592323726632,-44.3582019028883;-15.4578249133077,-44.3605039331412 -15.4585204577453,-44.3595631174701 -15.4585204620737,-44.3595631114711 -15.4585204671756,-44.359563104571 -15.458791601849,-44.3591873214272 -15.4587916046336,-44.3591873173969 -15.4587916074906,-44.3591873134372 -15.4594459626695,-44.3582796918412;-15.4594970236321,-44.3582973211718 -15.4594268055741,-44.3583970910178;-15.4608234204414,-44.3587246710209 -15.4594970236321,-44.3582973211718;-15.4606705445921,-44.3589463591911 -15.4608234204414,-44.3587246710209;-15.4597740598832,-44.3586583691796 -15.4606705447493,-44.3589463591366;-15.4594268055518,-44.3583970908758 -15.4597740604171,-44.3586583694561;-15.459200681648,-44.3571045341233 -15.4584975533835,-44.3565100672338;-15.4587039381486,-44.3562449213758 -15.4584975533835,-44.3565100672338;-15.4594213919564,-44.3568240825609 -15.4587039381486,-44.3562449213758;-15.4594213919564,-44.3568240825609 -15.459200681648,-44.3571045341233;-15.458899309499,-44.3575073558115 -15.4581920081096,-44.3569059779603;-15.4584138556295,-44.3566188138928 -15.4584133726904,-44.3566184258634 -15.4581920081096,-44.3569059779603;-15.4591386976999,-44.3572012202729 -15.4584138556295,-44.3566188138928;-15.4591386976999,-44.3572012202729 -15.458899309499,-44.3575073558115;-15.4585954278259,-44.3578964106364 -15.4579144487731,-44.357303494476;-15.4579144487731,-44.357303494476 -15.4581422556264,-44.35698967076;-15.4588456952117,-44.3575815592961 -15.4581422556264,-44.35698967076;-15.4588456952117,-44.3575815592961 -15.4585954278259,-44.3578964106364;-15.456927115021,-44.3577679612614 -15.458366350862,-44.357984970666 -15.4584956620672,-44.3579324311339;-15.4573216744325,-44.3569425671577 -15.456927115021,-44.3577679612614;-15.4573216744325,-44.3569425671577 -15.4584956620672,-44.3579324311339;-15.4578303684986,-44.357228435481 -15.4571310671516,-44.3566315225064;-15.4571310671516,-44.3566315225064 -15.4573403652057,-44.356331026702;-15.458059833012,-44.3569057711332 -15.4573403652057,-44.356331026702;-15.458059833012,-44.3569057711332 -15.4578303684986,-44.357228435481;-15.4581242023279,-44.3568421542245 -15.4573900610439,-44.3562525198042;-15.4573900610439,-44.3562525198042 -15.4576222276273,-44.3559523720956;-15.4583301618389,-44.3565492164333 -15.4576222276273,-44.3559523720956;-15.4583301618389,-44.3565492164333 -15.4581242023279,-44.3568421542245;-15.4576255292367,-44.3558092927533 -15.4569104846761,-44.3552129879991;-15.4569104846761,-44.3552129879991 -15.4571527975732,-44.3549068820778;-15.457872796462,-44.3555237256519 -15.4571527975732,-44.3549068820778;-15.4576255292367,-44.3558092927533 -15.457872796462,-44.3555237256519;-15.4606419842577,-44.3589897008658 -15.4598877945545,-44.3587474223083;-15.4604915370099,-44.3592207446702 -15.4606419842156,-44.3589897007472;-15.4598877946022,-44.3587474222186 -15.4604915371437,-44.359220744648;-15.4620250932567,-44.359409424294 -15.4616048533231,-44.3591011934499 -15.4609996816387,-44.35877685307 -15.4608709214673,-44.3587380400641;-15.461890408985,-44.3596703860485 -15.4620250932567,-44.359409424294;-15.4607197291285,-44.3589628223447 -15.4612028212347,-44.3591283261218 -15.4612102720825,-44.3591324039254 -15.461743118671,-44.3595558267887 -15.4617431262432,-44.3595558326782 -15.4617431337564,-44.3595558386485 -15.4618904091115,-44.3596703860202;-15.4608709214673,-44.3587380400641 -15.4607197291687,-44.3589628224641;-15.4583825560346,-44.3564744585677 -15.4576728794007,-44.3558691682411;-15.4586386595997,-44.3561518826761 -15.4583825560346,-44.3564744585677;-15.4586386595997,-44.3561518826761 -15.4579235977678,-44.3555680416388;-15.4576728794007,-44.3558691682411 -15.4579235977678,-44.3555680416388;-15.4616957940945,-44.3595820847801 -15.461182539326,-44.3591742305444 -15.4606911189642,-44.3590058735686;-15.4614884863266,-44.3599696599603 -15.4616957940629,-44.3595820846273;-15.4605313048435,-44.3592513023969 -15.4614884864552,-44.3599696599318;-15.4606911191181,-44.3590058735156 -15.4605313048689,-44.3592513025411;-15.4614646935029,-44.360014318152 -15.4604821685897,-44.3592769338421 -15.4597471739336,-44.3587007121764 -15.4597471699088,-44.3587007091481 -15.4597471659443,-44.35870070604 -15.4593976372582,-44.3584377167358;-15.4612672805489,-44.3603849710452 -15.4614646935029,-44.360014318152;-15.4591416615662,-44.3587875501816 -15.4612672806774,-44.3603849710167;-15.4593976373972,-44.3584377167152 -15.459141661587,-44.3587875503224;-15.4612433442379,-44.3604295278631 -15.4591122769963,-44.3588280127117;-15.4610294942611,-44.3608230116111 -15.4612433442054,-44.3604295277136;-15.4588465529385,-44.359196597695 -15.4610294943904,-44.3608230115827;-15.4591122771347,-44.3588280126906 -15.4588465529603,-44.3591965978359;-15.4610055830216,-44.3608675482683 -15.4588173013719,-44.3592371556334;-15.4608055774867,-44.3612462819396 -15.4610055829878,-44.3608675481183;-15.4585756691933,-44.3595720493546 -15.4589270304392,-44.3598206506127 -15.4592751052766,-44.3601261837054 -15.4598275101031,-44.3605263694638 -15.4608055774867,-44.3612462819396;-15.4588173015106,-44.3592371556121 -15.4585756692164,-44.3595720494935;-15.4588817117027,-44.3598502787986 -15.4585461607744,-44.3596124199127;-15.458149830182,-44.3608831226072 -15.458881711679,-44.3598502786592;-15.4585461609156,-44.3596124198902 -15.4578602054709,-44.36053443316;-15.4592435444653,-44.3601601250493 -15.4589210384536,-44.3598812584648;-15.4584746636296,-44.361246795765 -15.4592435444472,-44.3601601249014;-15.4589210385877,-44.3598812584486 -15.4581773556301,-44.3609145340009;-15.4596371564954,-44.3604426954629 -15.4592829942628,-44.3601909415868;-15.4587997545854,-44.3616276050204 -15.4596371564718,-44.3604426953234;-15.459282994402,-44.360190941563 -15.458512838507,-44.3612873974058;-15.4600273644472,-44.3607277918988 -15.4596777092529,-44.3604719466347;-15.4591236430258,-44.3619584659024 -15.459190115673,-44.3618878100771 -15.4600273644472,-44.3607277918988;-15.4596777093914,-44.3604719466122 -15.458827927691,-44.3616606355581;-15.4607525103852,-44.3612690546142 -15.4602670609857,-44.3609198365321;-15.4595473651152,-44.3614771371493 -15.4607525104106,-44.3612690545083;-15.4599100584218,-44.3609623931291 -15.4595473651723,-44.3614771372409;-15.4602670609857,-44.3609198365321 -15.4599100584218,-44.3609623931291;-15.4608571659731,-44.3617624895884 -15.4607929268684,-44.3613128158552;-15.4593355058131,-44.3619970490578 -15.4608571659731,-44.3617624895884;-15.4592428359939,-44.3619001475954 -15.4593355060178,-44.3619970491273;-15.4595054867981,-44.3615351076659 -15.4592428360048,-44.3619001477515;-15.4607929269811,-44.3613128159372 -15.4595054865741,-44.3615351078061;-15.4604813108265,-44.3624948376432 -15.4608401045151,-44.3618156924469;-15.4600328188301,-44.361939561679 -15.4604813109457,-44.3624948376317;-15.46084010458,-44.3618156925381 -15.4600328187884,-44.3619395617866;-15.4602463745853,-44.3629495100114 -15.4604560057166,-44.3625430823078;-15.4593776438012,-44.3620411110104 -15.4602463747068,-44.3629495099939;-15.4599756508677,-44.3619483572568 -15.459377643765,-44.3620411111172;-15.4604560057352,-44.36254308249 -15.4599756506808,-44.3619483571845;-15.4610994618567,-44.3642631132449 -15.4613179142457,-44.3639647024754 -15.4616036837977,-44.3636256563097 -15.4619723681963,-44.3632878343961 -15.4622298470677,-44.3629832173307 -15.4624251609106,-44.3627405782378 -15.4625733078933,-44.3625229630618 -15.4627275097854,-44.3621987818019 -15.4631540470773,-44.3611147339682 -15.4632667864607,-44.3609300570038;-15.4632667864607,-44.3609300570038 -15.4629811574453,-44.360722400928 -15.4628387641078,-44.3605984659861 -15.4626647278064,-44.3603176346816 -15.4624405901455,-44.3599194607193 -15.4620622283514,-44.3594423946344;-15.4620622283514,-44.3594423946344 -15.4618970062491,-44.3597546773054;-15.4618970062491,-44.3597546773054 -15.4617357333089,-44.3596134256973;-15.4617357333089,-44.3596134256973 -15.4610597278835,-44.3608720906574 -15.461059723977,-44.3608720980548 -15.4610597199838,-44.3608721054023 -15.4608399320889,-44.3612882997152;-15.4608399321443,-44.3612882993961 -15.4609101625466,-44.3617799122119;-15.4609101625466,-44.3617799122119 -15.4609075186438,-44.3617951257716 -15.460507863597,-44.3625516154676 -15.4605078541842,-44.3625516334987 -15.4602559269269,-44.3630128960653 -15.4601807656639,-44.3631505114922;-15.4592078745712,-44.3619293735837 -15.4591475860588,-44.3619926174154;-15.4602154031104,-44.3629893454961 -15.4592078745712,-44.3619293735837;-15.4601500303439,-44.3631209582998 -15.4602154031104,-44.3629893454961;-15.4602528146671,-44.3524276791027 -15.4618617458989,-44.3537656940874;-15.4605508205144,-44.3520448016683 -15.4602528146671,-44.3524276791027;-15.4621506828243,-44.3533982780922 -15.4605508205144,-44.3520448016683;-15.4618617458988,-44.3537656940874 -15.4621506828243,-44.3533982780922;-15.4606059437702,-44.3519798614056 -15.4622123836409,-44.3533185240479;-15.4608988698282,-44.3516017437002 -15.4606059437702,-44.3519798614056;-15.4625031610501,-44.3529635266102 -15.4608988698282,-44.3516017437002;-15.4622123836409,-44.3533185240479 -15.4625031610501,-44.3529635266102;-15.4609532428611,-44.3515297922669 -15.4625604301634,-44.3528922228344;-15.4609532428611,-44.3515297922669 -15.461477780029,-44.3508625393772;-15.4625604301634,-44.3528922228344 -15.4626944490489,-44.3527403255595;-15.4619225950051,-44.3538317986295 -15.4621219222515,-44.3539873500577;-15.4619225945197,-44.3538317986295 -15.4622319504091,-44.3534430922767;-15.4622319504091,-44.3534430922767 -15.4624136437776,-44.3536005144233;-15.4622655959667,-44.3534010413692 -15.4624490362306,-44.353553584709;-15.4622655959667,-44.3534010413692 -15.4627585175792,-44.3528084593721;-15.4584925184453,-44.3546694081644 -15.4600856088425,-44.3560171720661;-15.4603949312804,-44.3556389036962 -15.4587792529312,-44.3542956931855;-15.4600856088425,-44.3560171720661 -15.460394930795,-44.3556389036962;-15.4588267718219,-44.3542151679688 -15.4604407465532,-44.3555824548737;-15.4607471396614,-44.3551962260884 -15.4591210301732,-44.3538466932361;-15.4604407470386,-44.3555824548737 -15.460747139176,-44.3551962260884;-15.4591834810907,-44.3537765305412 -15.4608015452953,-44.3551249223126;-15.4611188455958,-44.3547415102835 -15.4594847582965,-44.3534083231057;-15.4608015452953,-44.3551249223126 -15.4611188455958,-44.3547415102835;-15.4595482653425,-44.3533256287905 -15.4611654115165,-44.354687086777;-15.4598425165581,-44.3529663433664 -15.4595482653425,-44.3533256287905;-15.4614525624001,-44.3543035213745 -15.4598425165581,-44.3529663433664;-15.4611654115165,-44.354687086777 -15.4614525624001,-44.3543035213745;-15.4598920145133,-44.3529033460766 -15.4615009490034,-44.3542410525924;-15.4602098948451,-44.3524896072031 -15.4598920145133,-44.3529033460766;-15.4618140894693,-44.3538320427282 -15.4602098948451,-44.3524896072031;-15.4615009494888,-44.3542410525924 -15.4618140894693,-44.3538320427282;-15.4601611091228,-44.3560231507521 -15.4611761940575,-44.3547916905545;-15.4611761940575,-44.3547916905545 -15.4619691905021,-44.3554531648611;-15.4601611091228,-44.3560231507521 -15.4603052620359,-44.356009976104 -15.460470097268,-44.3559285752852 -15.4608388057055,-44.3557244095417 -15.4615833603418,-44.3557534419139 -15.4616867754887,-44.355726338889 -15.4619691905021,-44.3554531648611;-15.462019498738,-44.3554080887087 -15.4612153181676,-44.3547386935273;-15.4612153181676,-44.3547386935273 -15.461513868872,-44.3543489591567;-15.461513868872,-44.3543489591567 -15.4624133124177,-44.3550841008868;-15.4630071291896,-44.3547877148731 -15.4624988058044,-44.3550390837754;-15.4624988058044,-44.3550390837754 -15.4615675246683,-44.3542841319569;-15.4615675251537,-44.3542841319569 -15.4618853006268,-44.3538810820467;-15.4618853006268,-44.3538810820467 -15.4620814793319,-44.3540403489456;-15.4627017702001,-44.3535981079883 -15.4626509694171,-44.353938772266 -15.4630071287041,-44.3547877148731;-15.4584925184453,-44.3546694081644 -15.4587792529312,-44.3542956931855;-15.4583818867211,-44.3546644632685 -15.4614317457325,-44.3508029495101;-15.4602994080011,-44.3560987319244 -15.460873167448,-44.3558065280907 -15.4615920701129,-44.3558271707908 -15.4617144570205,-44.3557964612324 -15.4620521567375,-44.3554718100575 -15.4624875460165,-44.3551214317694 -15.4631172452481,-44.3548309725571;-15.4627861669246,-44.353598284024 -15.4627527601322,-44.3539315108845 -15.463118430954,-44.3547752368027;-15.4588267718219,-44.3542151679688 -15.4591210301732,-44.3538466932361;-15.4591834810907,-44.3537765305412 -15.4594847582965,-44.3534083231057;-15.462019498738,-44.3554080887087 -15.4624133124177,-44.3550841008868;-15.4631267096439,-44.3675348881938 -15.4633782662431,-44.3678511858655;-15.4632378464581,-44.3679129973143 -15.4617492557889,-44.3661131181178;-15.4649495055094,-44.3738552400087 -15.4646888552964,-44.3733539323061;-15.4646888552964,-44.3733539323061 -15.46580355629,-44.3727442714668;-15.46580355629,-44.3727442714668 -15.4660557301933,-44.3732620586342;-15.4660557301933,-44.3732620586342 -15.4649495055094,-44.3738552400087;-15.4646431560083,-44.3732537088131 -15.4644076889069,-44.3727381372412;-15.4644076889069,-44.3727381372412 -15.4655268815188,-44.3721552678619;-15.4655268815188,-44.3721552678619 -15.4657761325018,-44.3726632543054;-15.4657761325018,-44.3726632543054 -15.4646431560083,-44.3732537088131;-15.4643699694643,-44.372661924458 -15.4641315480029,-44.3721166600778;-15.4641315480029,-44.3721166600778 -15.465250064155,-44.3715352967928;-15.465250064155,-44.3715352967928 -15.4654889243523,-44.3720609841639;-15.4654889243523,-44.3720609841639 -15.4643699694643,-44.372661924458;-15.4628691144677,-44.3727603937502 -15.4640405219631,-44.3721672656395;-15.4640405219631,-44.3721672656395 -15.4642786816336,-44.3726956560985;-15.4642786816336,-44.3726956560985 -15.4632505102756,-44.3732069431635;-15.4629265775734,-44.3726388156096 -15.4626552867009,-44.3721135533577;-15.4626552867009,-44.3721135533577 -15.4637524844183,-44.3715744474145;-15.4637524844183,-44.3715744474145 -15.4640058540121,-44.3720891554772;-15.4640058540121,-44.3720891554772 -15.4629265775734,-44.3726388156096;-15.4623471667252,-44.3714533531865 -15.4621031726527,-44.370936119098;-15.4621031726527,-44.370936119098 -15.4631559599852,-44.3703721920806;-15.4631559599852,-44.3703721920806 -15.4634116692455,-44.3708850251205;-15.4634116692455,-44.3708850251205 -15.4623471667252,-44.3714533531865;-15.4620417999706,-44.3708285786686 -15.4618071695734,-44.3703381181857;-15.4618071695734,-44.3703381181857 -15.4628488809755,-44.3697601750153;-15.4628488809755,-44.3697601750153 -15.4630954688384,-44.3702633980988;-15.4630954688384,-44.3702633980988 -15.4620417999706,-44.3708285786686;-15.4617777044198,-44.3702303696701 -15.4615254928732,-44.3697223538426;-15.4615254928732,-44.3697223538426 -15.4625648533415,-44.3691856331168;-15.4625648533415,-44.3691856331168 -15.4628077497956,-44.3696605736696;-15.4628077497956,-44.3696605736696 -15.4617777044198,-44.3702303696701;-15.4614703757132,-44.3696261054699 -15.4612068794458,-44.3691428789159;-15.4622580030645,-44.3685806895943 -15.4612068794458,-44.3691428789159;-15.4622580030645,-44.3685806895943 -15.462512744057,-44.3690873236523;-15.462512744057,-44.3690873236523 -15.4614703757132,-44.3696261054699;-15.4626274131994,-44.3690544025067 -15.4623515034306,-44.3685203992393;-15.4623515034306,-44.3685203992393 -15.4633115229192,-44.367999508792;-15.4633115229192,-44.367999508792 -15.4636385872348,-44.3684626511199;-15.4636385872348,-44.3684626511199 -15.4626274131994,-44.3690544025067;-15.4637880769839,-44.3684182970553 -15.4634588202654,-44.3679339569176;-15.4634588202654,-44.3679339569176 -15.4646810293531,-44.3673086380468;-15.4646810293531,-44.3673086380468 -15.4649336153088,-44.3678197523812;-15.4649336153088,-44.3678197523812 -15.4637880769839,-44.3684182970553;-15.4640793723127,-44.372060779871 -15.4638295836064,-44.3715417236673;-15.4638295836064,-44.3715417236673 -15.4649606654386,-44.370930768836;-15.4649606654386,-44.370930768836 -15.4652249374392,-44.3714714468112;-15.4652249374392,-44.3714714468112 -15.4640793723127,-44.372060779871;-15.4637934320745,-44.3714592294262 -15.4635393132613,-44.3709063999261;-15.4635393132613,-44.3709063999261 -15.4640077403761,-44.3706635353458;-15.4640077403761,-44.3706635353458 -15.4642863375213,-44.3712099396295;-15.4642863375213,-44.3712099396295 -15.4637934320745,-44.3714592294262;-15.4643478022112,-44.3711854312192 -15.4640798996188,-44.3706305744608;-15.4640798996188,-44.3706305744608 -15.4646611498434,-44.3703317738215;-15.4646611498434,-44.3703317738215 -15.4649231581409,-44.3708676871933;-15.4649231581409,-44.3708676871933 -15.4643478022112,-44.3711854312192;-15.4634942921525,-44.3708443366866 -15.4632366909816,-44.3703128490706;-15.4632366909816,-44.3703128490706 -15.4643802903866,-44.3697259004781;-15.4643802903866,-44.3697259004781 -15.4646285688177,-44.3702642611357;-15.4646285688177,-44.3702642611357 -15.4640010926378,-44.3705650417203 -15.4634942921525,-44.3708443366866;-15.4631987251439,-44.3702260440558 -15.4629504531751,-44.3697042116347;-15.4629504531751,-44.3697042116347 -15.4640824861163,-44.3691416392258;-15.4640824861163,-44.3691416392258 -15.4643420220043,-44.3696523810437;-15.4643420220043,-44.3696523810437 -15.4631987251439,-44.3702260440558;-15.4629027029896,-44.3696198546921 -15.462664990208,-44.3691504440756;-15.462664990208,-44.3691504440756 -15.4637275994448,-44.3685618712106;-15.4637275994448,-44.3685618712106 -15.4640265470772,-44.3690521533585;-15.4640265470772,-44.3690521533585 -15.4629027029896,-44.3696198546921;-15.4646035504037,-44.37337925004 -15.4639193336982,-44.3737216236983;-15.4646035504037,-44.37337925004 -15.4648679394051,-44.3739192096191;-15.4648679394051,-44.3739192096191 -15.4646415650559,-44.3740411506116 -15.4643147209789,-44.3741296635361;-15.4643098689967,-44.3727923369239 -15.4632912713975,-44.3733064987682;-15.4645678868923,-44.3733056185743 -15.4643098689967,-44.3727923369239;-15.4645678868923,-44.3733056185743 -15.4638854303144,-44.3736627634478;-15.4626234220054,-44.3720518582421 -15.4623767749226,-44.3715197500331;-15.4623767749226,-44.3715197500331 -15.4634612837204,-44.3709616886145;-15.4634612837204,-44.3709616886145 -15.4637152243,-44.371494736802;-15.4637152243,-44.371494736802 -15.4626234220054,-44.3720518582421;-15.4632378464581,-44.3679129973143 -15.4610080837283,-44.3690935031363;-15.4628691144677,-44.3727603937502 -15.4625408954552,-44.3721331314113 -15.4619572629963,-44.3709291899869 -15.4613637022675,-44.3697221573263 -15.4610080837283,-44.3690935031363;-15.4631267096439,-44.3675348881938 -15.4632546374784,-44.3674244473544 -15.4633051239846,-44.3673263274543 -15.4632590675875,-44.3670837973425 -15.4633233510263,-44.3667413306679 -15.4634589119603,-44.3664547529416 -15.4635382080222,-44.3663533423632 -15.4638316178946,-44.3662305476342 -15.4638894948166,-44.3660331431336 -15.4639233371486,-44.3659616425025 -15.4639766841893,-44.365965939466 -15.4640273958875,-44.3659992037286 -15.4640764190979,-44.3660391724581;-15.4646441881393,-44.3672374999857 -15.4640764190979,-44.3660391724581;-15.4633782662431,-44.3678511858655 -15.4646441881393,-44.3672374999857;-15.4670890869979,-44.3720446011095 -15.4673519037889,-44.3725639803615;-15.468157154448,-44.3714531295128 -15.4670890869979,-44.3720446011095;-15.4684487153893,-44.371983948129 -15.468157154448,-44.3714531295128;-15.4673519037889,-44.3725639803615 -15.4684487153893,-44.371983948129;-15.466158794445,-44.3732088567012 -15.4659188258961,-44.3727035355502;-15.4669779664259,-44.3721229699831 -15.4659188258961,-44.3727035355502;-15.4672372794171,-44.3726366920354 -15.4669779664259,-44.3721229699831;-15.466158794445,-44.3732088567012 -15.4672372794171,-44.3726366920354;-15.4656706242527,-44.3690521232873 -15.4659356897592,-44.3695743810674;-15.4656706242527,-44.3690521232873 -15.4660379292498,-44.3688512043183;-15.4660379292498,-44.3688512043183 -15.4663141100952,-44.3693692167191;-15.4663141100952,-44.3693692167191 -15.4659356897592,-44.3695743810674;-15.4644411161764,-44.3666615008922 -15.4647173448875,-44.3672105643424;-15.4654246634382,-44.3661067005846 -15.4644411161764,-44.3666615008922;-15.4657135517229,-44.3666831968903 -15.4654246634382,-44.3661067005846;-15.4647173448875,-44.3672105643424 -15.4657135517229,-44.3666831968903;-15.4657723939394,-44.3666321639855 -15.4654821547203,-44.3660812836657;-15.4654821547203,-44.3660812836657 -15.4664703418924,-44.3655619888625;-15.4664703418924,-44.3655619888625 -15.4667301091102,-44.3660731314845;-15.4667301091102,-44.3660731314845 -15.4657723939394,-44.3666321639855;-15.4677903553323,-44.3715863892405 -15.4675314817672,-44.3710487479828;-15.4675314817672,-44.3710487479828 -15.4678617621794,-44.3708629843526;-15.4681253401067,-44.3714026359703 -15.4678617621794,-44.3708629843526;-15.4681253401067,-44.3714026359703 -15.4677903553323,-44.3715863892405;-15.466866044814,-44.3713955118059 -15.4671254609181,-44.3719430059925;-15.466866044814,-44.3713955118059 -15.4674805553793,-44.3710746481024;-15.4674805553793,-44.3710746481024 -15.4677377485529,-44.3716083841978;-15.4677377485529,-44.3716083841978 -15.4671254609181,-44.3719430059925;-15.4656227777113,-44.3720752728734 -15.4658750683572,-44.372615156734;-15.4670541887092,-44.3719732993175 -15.4667943095301,-44.3714413510872;-15.4658750683572,-44.372615156734 -15.4670541887092,-44.3719732993175;-15.4667943095301,-44.3714413510872 -15.4656227777113,-44.3720752728734;-15.4662895451518,-44.3716250073543 -15.4660403798262,-44.3711126736973;-15.4660403798262,-44.3711126736973 -15.4665067379282,-44.370865701034;-15.4667639500779,-44.3713664191241 -15.4665067379282,-44.370865701034;-15.4667639500779,-44.3713664191241 -15.4662895451518,-44.3716250073543;-15.4653354451017,-44.3714966484977 -15.4655762447331,-44.3720101846182;-15.4653354451017,-44.3714966484977 -15.4659900712054,-44.3711284003123;-15.4659900712054,-44.3711284003123 -15.4662369612639,-44.3716453536134;-15.4662369612639,-44.3716453536134 -15.4655762447331,-44.3720101846182;-15.4638429299105,-44.3685091151118 -15.4641387936867,-44.3689999583161;-15.464954161785,-44.3679051734393 -15.4638429299105,-44.3685091151118;-15.4652326153504,-44.3684182684113 -15.4649846673857,-44.3679092529381 -15.464954161785,-44.3679051734393;-15.4641387936867,-44.3689999583161 -15.4652326153504,-44.3684182684113;-15.465061428626,-44.3678784723778 -15.4653133908458,-44.3683823793966;-15.4660492668138,-44.3673483173423 -15.465061428626,-44.3678784723778;-15.4663023360854,-44.3678440437102 -15.4660492668138,-44.3673483173423;-15.4653133908458,-44.3683823793966 -15.4663023360854,-44.3678440437102;-15.4647454236148,-44.3672607177726 -15.4650122886945,-44.3677881241285;-15.4657338139642,-44.3667190057875 -15.4647454236148,-44.3672607177726;-15.4660022173131,-44.3672594830055 -15.4657338139642,-44.3667190057875;-15.4650122886945,-44.3677881241285 -15.4660022173131,-44.3672594830055;-15.4665762402606,-44.3708437074151 -15.4668280979497,-44.3713235284004;-15.4675576717353,-44.3703233962194 -15.4675557159565,-44.3703197405533 -15.4665762402606,-44.3708437074151;-15.4678207143515,-44.370792521198 -15.4675576717353,-44.3703233962194;-15.4668280979497,-44.3713235284004 -15.4678207143515,-44.370792521198;-15.4650428848599,-44.3708879699643 -15.4652990138743,-44.371423579927;-15.4661756537188,-44.3702619251976 -15.4650428848599,-44.3708879699643;-15.4664628000633,-44.3707824960548 -15.4661756537188,-44.3702619251976;-15.4652990138743,-44.371423579927 -15.4664628000633,-44.3707824960548;-15.4647481398146,-44.3702736816551 -15.4650105018745,-44.370813711626;-15.4658948628747,-44.3696652882916 -15.4647481398146,-44.3702736816551;-15.4661458506566,-44.3702141263584 -15.4658948628747,-44.3696652882916;-15.4650105018745,-44.370813711626 -15.4661458506566,-44.3702141263584;-15.4644646321508,-44.3696715737915 -15.4647256061933,-44.3702144345433;-15.4656064342411,-44.3690878913604 -15.4656051092232,-44.3690851290522 -15.4644646321508,-44.3696715737915;-15.4658731802833,-44.3696228249257 -15.4656064342411,-44.3690878913604;-15.4647256061933,-44.3702144345433 -15.4658731802833,-44.3696228249257;-15.464169859857,-44.3690763461145 -15.464439462083,-44.3696205357019;-15.4652874762334,-44.3685074371898 -15.4652842945529,-44.3685014245825 -15.464169859857,-44.3690763461145;-15.4655637892391,-44.3690380117532 -15.4652874762334,-44.3685074371898;-15.464439462083,-44.3696205357019 -15.4655637892391,-44.3690380117532;-15.4653408066859,-44.3684428454654 -15.4656344844583,-44.3689906175502;-15.4663456567452,-44.3679111347197 -15.4653408066859,-44.3684428454654;-15.4666140692459,-44.368455703781 -15.4663456567452,-44.3679111347197;-15.4656344844583,-44.3689906175502 -15.4666140692459,-44.368455703781;-15.4663924301845,-44.3693101636959 -15.4661246980477,-44.3688037410437;-15.466652369625,-44.3685157233444 -15.4666521239779,-44.3685152345487 -15.4661246980477,-44.3688037410437;-15.4669010323872,-44.3690363916081 -15.466652369625,-44.3685157233444;-15.4663924301845,-44.3693101636959 -15.4669010323872,-44.3690363916081;-15.4659756945332,-44.369637092503 -15.4662349931077,-44.3701630448674;-15.4669395807949,-44.3691065139056 -15.4659756945332,-44.369637092503;-15.4672078963827,-44.3696402334299 -15.4669395807949,-44.3691065139056;-15.4662349931077,-44.3701630448674 -15.4672078963827,-44.3696402334299;-15.4662649468675,-44.3702481186852 -15.4665348912377,-44.370748890855;-15.4672320870633,-44.3697001328515 -15.4662649468675,-44.3702481186852;-15.4675067738421,-44.3702154808178 -15.4672320870633,-44.3697001328515;-15.4665348912377,-44.370748890855 -15.4675067738421,-44.3702154808178;-15.4644065272776,-44.3665844642217 -15.4641575224634,-44.3660346127282;-15.4641575224634,-44.3660346127282 -15.4651333163274,-44.3655185262249;-15.4651333163274,-44.3655185262249 -15.4653941250721,-44.3660541731877;-15.4653941250721,-44.3660541731877 -15.4644065272776,-44.3665844642217;-15.4664277488159,-44.3654946602695 -15.4661281776692,-44.3648975057802;-15.4654619106887,-44.3660244320928 -15.4664277488159,-44.3654946602695;-15.4654619106887,-44.3660244320928 -15.4651950073716,-44.3654843821799;-15.4651950073716,-44.3654843821799 -15.4656605768165,-44.3652104078071;-15.4656400287658,-44.3651685629954 -15.4651471229114,-44.3654409320226 -15.4640973344242,-44.3659744896703;-15.4692870477887,-44.370815332175 -15.4695713028959,-44.3713576897271;-15.4692870477887,-44.370815332175 -15.4701905187045,-44.3703533063276;-15.4701905187045,-44.3703533063276 -15.470461981755,-44.3708958102277;-15.4695713028959,-44.3713576897271 -15.470461981755,-44.3708958102277;-15.4682139716057,-44.371416664443 -15.4685069983761,-44.3719551380813;-15.4682139716057,-44.371416664443 -15.4692341662073,-44.3708372151604;-15.4692341662073,-44.3708372151604 -15.4695130744075,-44.3713822878392;-15.4685069983761,-44.3719551380813 -15.4695130744075,-44.3713822878392;-15.466498591346,-44.3654241570983 -15.4662585714897,-44.3649393452207;-15.4671433736736,-44.3644171766042 -15.4662585714897,-44.3649393452207;-15.4674082199463,-44.3649233508503 -15.4671433736736,-44.3644171766042;-15.466498591346,-44.3654241570983 -15.4674082199463,-44.3649233508503;-15.4665668302873,-44.3655358154682 -15.4668192521576,-44.3660245433458;-15.4674668252512,-44.3650258415991 -15.4665668302873,-44.3655358154682;-15.4677331777844,-44.3655483357714 -15.4674668252512,-44.3650258415991;-15.4668192521576,-44.3660245433458 -15.4677331777844,-44.3655483357714;-15.4668544570351,-44.3661060303 -15.4671251173982,-44.3666258401614;-15.4677657303415,-44.3656157878393 -15.4668544570351,-44.3661060303;-15.4680262216305,-44.3661260284616 -15.4677657303415,-44.3656157878393;-15.4671251173982,-44.3666258401614 -15.4680262216305,-44.3661260284616;-15.4671649940709,-44.3667151491575 -15.4674327875453,-44.3672517017199;-15.4680704389113,-44.3661961667599 -15.4671649940709,-44.3667151491575;-15.4683492336835,-44.3667413811643 -15.4680704389113,-44.3661961667599;-15.4674327875453,-44.3672517017199 -15.4683492336835,-44.3667413811643;-15.4674554142926,-44.3672941648252 -15.4677383547307,-44.3678457345746;-15.4674554142926,-44.3672941648252 -15.4683757645927,-44.3667918936096;-15.4683757645927,-44.3667918936096 -15.4686386378822,-44.3673323086888;-15.4677383547307,-44.3678457345746 -15.4686386378822,-44.3673323086888;-15.4677804090266,-44.3679041233168 -15.4680423547843,-44.3684255811229;-15.4677804090266,-44.3679041233168 -15.468669107439,-44.3673909939859;-15.468669107439,-44.3673909939859 -15.4689410393111,-44.3679173105219;-15.4689410393111,-44.3679173105219 -15.4680423547843,-44.3684255811229;-15.4680756874725,-44.3685119567963 -15.4683471539675,-44.3690112507886;-15.4689772817758,-44.3679701398758 -15.4680756874725,-44.3685119567963;-15.4689772817758,-44.3679701398758 -15.4692636182113,-44.3685219539529;-15.4683471539675,-44.3690112507886 -15.4692636182113,-44.3685219539529;-15.4686445955166,-44.3695846069351 -15.4683831961636,-44.3691090865983;-15.4683831961636,-44.3691090865983 -15.4693010529098,-44.3686007429747;-15.4693010529098,-44.3686007429747 -15.4695633448993,-44.369098596666;-15.4686445955166,-44.3695846069351 -15.4695633448993,-44.369098596666;-15.4686820012989,-44.3696553232184 -15.4689624695614,-44.3701697159843;-15.4686820012989,-44.3696553232184 -15.4695573665689,-44.3691705220313;-15.4695573665689,-44.3691705220313 -15.4698394730745,-44.3696938414431;-15.4689624695614,-44.3701697159843 -15.4698394730745,-44.3696938414431;-15.4689901289161,-44.3702462238671 -15.4692589724813,-44.3707702351574;-15.4689901289161,-44.3702462238671 -15.4698765182253,-44.3697790134452;-15.4698765182253,-44.3697790134452 -15.4701416804662,-44.3702884991602;-15.4692589724813,-44.3707702351574 -15.4701416804662,-44.3702884991602;-15.4679400712665,-44.3708153298245 -15.4682064137803,-44.371363287439;-15.4679400712665,-44.3708153298245 -15.4689384540633,-44.3702711894319;-15.4689384540633,-44.3702711894319 -15.4692100187704,-44.3708016812111;-15.4682064137803,-44.371363287439 -15.4692100187704,-44.3708016812111;-15.4660771452098,-44.3672160724028 -15.4658118931109,-44.3667016363285;-15.4658118931109,-44.3667016363285 -15.4667702935652,-44.3661275257782;-15.4667702935652,-44.3661275257782 -15.4670487751142,-44.3666749454346;-15.4670487751142,-44.3666749454346 -15.4660771452098,-44.3672160724028;-15.4661240559281,-44.367284549927 -15.4663808543122,-44.367806676036;-15.4670964897039,-44.3667494761277 -15.4661240559281,-44.367284549927;-15.4670964897039,-44.3667494761277 -15.4673632857888,-44.3672654644438;-15.4663808543122,-44.367806676036 -15.4673632857888,-44.3672654644438;-15.4666792354411,-44.3684079882626 -15.4664226212715,-44.3678878487077;-15.4664226212715,-44.3678878487077 -15.4673986006736,-44.3673295422141;-15.4673986006736,-44.3673295422141 -15.4676744833784,-44.3678700413175;-15.4666792354411,-44.3684079882626 -15.4676744833784,-44.3678700413175;-15.4669759783197,-44.369007520546 -15.4667174969038,-44.3684876063394;-15.4667174969038,-44.3684876063394 -15.4677030603322,-44.3679464193334;-15.4677030603322,-44.3679464193334 -15.4679689821826,-44.3684659910337;-15.4679689821826,-44.3684659910337 -15.4669759783197,-44.369007520546;-15.4672815474633,-44.3695845830114 -15.4670195473756,-44.3690784464784;-15.4680056942973,-44.3685368730031 -15.4670195473756,-44.3690784464784;-15.4680056942973,-44.3685368730031 -15.4682638463742,-44.3690568723507;-15.4672815474633,-44.3695845830114 -15.4682638463742,-44.3690568723507;-15.4675955931052,-44.3701733027713 -15.4673060361413,-44.3696572453802;-15.4673060361413,-44.3696572453802 -15.468299948889,-44.3691336943223;-15.4685841736948,-44.3696267954099 -15.468299948889,-44.3691336943223;-15.4685841736948,-44.3696267954099 -15.4675955931052,-44.3701733027713;-15.4679158732616,-44.3707647611754 -15.4676218176033,-44.3702526422884;-15.4686241343101,-44.3697066137718 -15.4676218176033,-44.3702526422884;-15.4686241343101,-44.3697066137718 -15.4688955103579,-44.3702065377773;-15.4679158732616,-44.3707647611754 -15.4688955103579,-44.3702065377773;-15.464096538171,-44.3659748896329 -15.4639934483063,-44.3658998917248 -15.4639023767099,-44.3659102071673 -15.4638434290586,-44.3660149616416 -15.4637902740924,-44.3661860211611 -15.4634929430784,-44.3663059327936 -15.4633907081462,-44.3664246546778 -15.4632470001575,-44.3667166209337 -15.4631865178329,-44.3670763061197 -15.4632192096294,-44.367300374071 -15.4631918906326,-44.3673706972452 -15.4630781158618,-44.3674668122567;-15.4630781158618,-44.3674668122567 -15.4617122054062,-44.3658941498954;-15.4682577708932,-44.3622059663194 -15.4682057400087,-44.362271710669 -15.466565991856,-44.3631370319255 -15.4665286738749,-44.363204158316;-15.4670918058955,-44.3643221264829 -15.4665549683988,-44.3632563066723 -15.4665286738749,-44.363204158316;-15.466171879152,-44.3648739887495 -15.4670918058955,-44.3643221264829;-15.4682577708932,-44.3622059663194 -15.4677831193296,-44.3621948431784 -15.4674430561224,-44.3622047262356 -15.4670126202937,-44.3622369980882 -15.4666285678061,-44.3622539195596 -15.4664215616757,-44.362237898724 -15.466244868986,-44.3621920746171 -15.4659244108618,-44.3620461775733 -15.4653084630274,-44.3616725191674 -15.4649155853188,-44.3614248072341 -15.4646252491704,-44.3612760744779 -15.4642251519322,-44.3611519715628 -15.4635929743766,-44.3609854769017 -15.4634937936556,-44.3609886923048 -15.463432512719,-44.3610054172143;-15.463432512719,-44.3610054172143 -15.463373924241,-44.361027135363 -15.4633159383331,-44.3610656142819 -15.4632381301293,-44.3611698334838 -15.4628078580959,-44.3622385901923 -15.4626533173159,-44.3625659799284 -15.4624937766523,-44.3627916623657 -15.4622961845021,-44.3630428528977 -15.4620121194094,-44.3633353396949 -15.4616453137876,-44.3636676538221 -15.461356420776,-44.3640026940094 -15.4611318102608,-44.3642993718956;-15.4834229100985,-44.3954677740672 -15.4838083934725,-44.3952766885352;-15.4862499949622,-44.3912563716758 -15.4864155112829,-44.3909770985541;-15.4862499949622,-44.3912563716758 -15.4844628506772,-44.3909533306288;-15.4844628506772,-44.3909533306288 -15.4845086611085,-44.3906324636379;-15.4864155112829,-44.3909770985541 -15.4845086611085,-44.3906324636379;-15.486192187418,-44.3913514433768 -15.4860006302316,-44.391660426405;-15.4860006302316,-44.391660426405 -15.4843826823982,-44.391375211302;-15.4843826823982,-44.391375211302 -15.4844456717565,-44.3910424603485;-15.4844456717565,-44.3910424603485 -15.486192187418,-44.3913514433768;-15.4857414476717,-44.3920559485226 -15.4859288526531,-44.3917571789599;-15.4843082403969,-44.3917852080126 -15.4857414476717,-44.3920559485226;-15.4843082403969,-44.3917852080126 -15.4843597771698,-44.3914643410217;-15.4859288526531,-44.3917571789599 -15.4843597771699,-44.3914643410217;-15.4855107617532,-44.392438825957 -15.4857002737686,-44.3921398969815;-15.484229367373,-44.3922024420197 -15.4855107617532,-44.392438825957;-15.484229367373,-44.3922024420197 -15.4842887521069,-44.3918829861212;-15.4857002737686,-44.3921398969815 -15.4842887521069,-44.3918829861212;-15.4852931631688,-44.3928309967236 -15.4854649515439,-44.3925398396393;-15.4841648774153,-44.3926349113403 -15.4852931631688,-44.3928309967236;-15.4841648774153,-44.3926349113403 -15.4842208452168,-44.3923088630886;-15.4854649515439,-44.3925398396393 -15.4842208452168,-44.3923088630886;-15.4852244477788,-44.392932010406 -15.4850422966822,-44.3932417541548;-15.4850422966822,-44.3932417541548 -15.4840849142323,-44.3930627339948;-15.4840849142323,-44.3930627339948 -15.4841479036878,-44.3927302091671;-15.4841479036878,-44.3927302091671 -15.4852244477787,-44.392932010406;-15.4848027479651,-44.3936228016793 -15.4849761718427,-44.3933394164861;-15.4840355385784,-44.3934707053906 -15.4848027479651,-44.3936228016793;-15.4840791879172,-44.3931637476772 -15.4840355385784,-44.3934707053906;-15.4849761718427,-44.3933394164861 -15.4840791879172,-44.3931637476771;-15.4847482096386,-44.3937287623071 -15.4840167434969,-44.3935915703317;-15.4838083934725,-44.3952766885352 -15.4847482096386,-44.3937287623071;-15.4842373088236,-44.3905023114448 -15.4841386940391,-44.3912958224042 -15.4838950921305,-44.392735964161 -15.4834229100985,-44.3954677740672;-15.4844432529992,-44.3905404842524 -15.4839166233739,-44.3937295991889;-15.4840167434969,-44.3935915703317 -15.4839889014243,-44.3937328189247;-15.48444346386,-44.390539207341 -15.4844460140118,-44.3900875875995 -15.4842594886225,-44.3892093638914 -15.483894209735,-44.3885953844849;-15.483894209735,-44.3885953844849 -15.4836636436288,-44.3886212907889;-15.4836636436288,-44.3886212907889 -15.4838423971269,-44.3888855350905 -15.4840107881034,-44.3891860482178 -15.4841273664717,-44.3894917426058 -15.4842050853839,-44.3898103901459 -15.4842387635792,-44.3900849969691 -15.4842413542096,-44.3904295508133 -15.4842373898835,-44.3905008534954;-15.4839066014186,-44.3862977150126 -15.4846295805199,-44.3870878440935;-15.4846117345417,-44.387151948084 -15.4846326556471,-44.3872713224147 -15.4846060082412,-44.3874312212057 -15.4844972085016,-44.3877164363087 -15.4838965003694,-44.3884929607625 -15.4836228411998,-44.3885357999855;-15.4827347931392,-44.3874424084096 -15.483844818891,-44.3863466729498;-15.4854575902179,-44.387340570045 -15.4850412066271,-44.3868726749623;-15.4854575902179,-44.387340570045 -15.4851640492816,-44.3875893725396;-15.4851640492816,-44.3875893725396 -15.4847413938148,-44.3871088327738;-15.4850412066271,-44.3868726749623 -15.4847413938148,-44.3871088327738;-15.48577676089,-44.3877249689204 -15.4855186680855,-44.3874231408455;-15.485493060634,-44.3879755510372 -15.48577676089,-44.3877249689204;-15.485223902756,-44.3876874871227 -15.485493060634,-44.3879755510372;-15.4855186680855,-44.3874231408455 -15.485223902756,-44.3876874871227;-15.4855569825277,-44.3880581721255 -15.4861548286002,-44.3887765558301;-15.4858329335523,-44.3878290254848 -15.4855569825277,-44.3880581721255;-15.4862529447821,-44.3886110125045 -15.4860199311194,-44.3880632857282 -15.4858728201182,-44.3878316737852 -15.4858329335523,-44.3878290254848;-15.4859046817255,-44.3892241781211 -15.4861172014327,-44.388870339631;-15.484617460842,-44.3876748424395 -15.4859046817255,-44.3892241781211;-15.4847304862574,-44.3872493019464 -15.4846976290301,-44.387454989131 -15.484617460842,-44.3876748424395;-15.4861172014327,-44.388870339631 -15.4847304862574,-44.3872493019464;-15.4856138346869,-44.389564392497 -15.4857455389164,-44.3894633788147 -15.4858486117332,-44.3893326552258;-15.4843254193226,-44.3880967231127 -15.4856138346869,-44.389564392497;-15.4845716504349,-44.3877580301779 -15.4843254193226,-44.3880967231127;-15.4858486117332,-44.3893326552258 -15.4845716504349,-44.3877580301779;-15.485396236211,-44.3897426519364 -15.485497317411,-44.389649141029;-15.485396236211,-44.3897426519364 -15.4850354803385,-44.3896832321232;-15.4850354803385,-44.3896832321232 -15.4840276510743,-44.3884473000102;-15.4842681562313,-44.3881620849072 -15.4840276510743,-44.3884473000102;-15.485497317411,-44.389649141029 -15.4842681562313,-44.3881620849072;-15.484909501949,-44.3896772901419 -15.4844284928472,-44.3896119283475;-15.4839542266584,-44.3885807455074 -15.4843111708554,-44.3891759429897 -15.4844055876239,-44.3895109146652 -15.4844284928471,-44.3896119283475;-15.4839979293759,-44.3885246588302 -15.4839542266584,-44.3885807455074;-15.4849095019491,-44.3896772901419 -15.4839979293759,-44.3885246588302;-15.4858142541327,-44.3903234806097 -15.4860533256474,-44.3899714182169;-15.4858142541327,-44.3903234806097 -15.4845212037987,-44.3900653847828;-15.4845212037987,-44.3900653847828 -15.4844499664916,-44.3896862031139;-15.4860533256474,-44.3899714182169 -15.4844499664916,-44.3896862031139;-15.4864851850778,-44.3883976652907 -15.4864748225562,-44.3883924840299 -15.4867981801135,-44.3886161163911;-15.4867981801135,-44.3886161163911 -15.4865171606993,-44.3890750335781 -15.4865234060531,-44.3891154819214;-15.4865234060531,-44.3891154819214 -15.4865389103691,-44.3891903145769 -15.4861206820376,-44.3898900603884;-15.4861206820376,-44.3898900603884 -15.4855046939382,-44.3897853868863;-15.4855046939382,-44.3897853868863 -15.4857956437643,-44.3895317115997 -15.4859247935499,-44.3893221479549 -15.4863223767385,-44.3886445793278;-15.4863223767385,-44.3886445793278 -15.4864748225562,-44.3883924840299;-15.4869122629388,-44.38944258188 -15.4865973196795,-44.389252438478;-15.4863009862613,-44.390424494292 -15.4869122629388,-44.38944258188;-15.4863009862613,-44.390424494292 -15.485928779444,-44.3903591324975;-15.4865973196795,-44.389252438478 -15.485928779444,-44.3903591324975;-15.4870111096237,-44.3894629161112 -15.4872897204337,-44.3896353159124;-15.4865087010432,-44.3908909038793 -15.4863167334627,-44.3908567734325;-15.4863167334627,-44.3908567734325 -15.4863739959869,-44.3905418484229 -15.486402627243,-44.3904586606845 -15.4870111096237,-44.3894629161112;-15.486209366182,-44.3908226070399 -15.4862666287389,-44.390519565993;-15.486209366182,-44.3908226070399 -15.4845430189253,-44.3905433339182;-15.4845430189253,-44.3905433339182 -15.4845201137147,-44.3901749310768;-15.4845201137147,-44.3901749310768 -15.4862666287389,-44.390519565993;-15.4847152325073,-44.3855286837922 -15.4853770170361,-44.3861945368576 -15.4855230303466,-44.3863695214383 -15.4855937202451,-44.3865215618285;-15.4855937202451,-44.3865215618285 -15.4850435375026,-44.3867501183514 -15.4846295805199,-44.3870878440935;-15.4846117345417,-44.387151948084 -15.483844818891,-44.3863466729498;-15.4839066014186,-44.3862977150126 -15.4847152325073,-44.3855286837922;-15.4836228411998,-44.3885357999855 -15.4827347931392,-44.3874424084096;-15.4861548286002,-44.3887765558301 -15.4862529447821,-44.3886110125045;-15.4860038077641,-44.3750567783996 -15.4862439726011,-44.3751954302642;-15.4862439726011,-44.3751954302642 -15.4860057501583,-44.3755959386915 -15.4854434525295,-44.376160381927;-15.4854434525295,-44.376160381927 -15.4850802873083,-44.3760199136738;-15.4850802873083,-44.3760199136738 -15.4860038077641,-44.3750567783996;-15.4838438415973,-44.373199388537 -15.4838121384828,-44.3732222536241 -15.4837871107848,-44.3732607249944 -15.4837275795786,-44.3735238962282 -15.4837448722766,-44.3736557329298 -15.4837888641791,-44.3739903716159 -15.4838848869039,-44.3743437773251 -15.4839751880829,-44.3745514162569 -15.4844570333793,-44.3753342480197;-15.4838438415973,-44.373199388537 -15.4838910027644,-44.3732048156725 -15.4846827937073,-44.373958547052;-15.4846827937073,-44.373958547052 -15.4849644089849,-44.3737456001468;-15.4855624523274,-44.3744692917084 -15.4849644089849,-44.3737456001468;-15.4844570333793,-44.3753342480197 -15.4855624523274,-44.3744692917084;-15.4839336263944,-44.373143814265 -15.4845420690036,-44.3726925723552;-15.4845420690036,-44.3726925723552 -15.4851366930997,-44.373489098365;-15.4851366930997,-44.373489098365 -15.48495327159,-44.3736607138965 -15.4846942561236,-44.3738665281106;-15.4839336263944,-44.373143814265 -15.4846942561236,-44.3738665281106;-15.4846227394521,-44.3726432890043 -15.4850540147821,-44.3722607798048;-15.4850540147821,-44.3722607798048 -15.4856523293207,-44.3730498147563;-15.4856523293207,-44.3730498147563 -15.4851966966209,-44.3734242243038;-15.4846227394521,-44.3726432890043 -15.4851966966209,-44.3734242243038;-15.485104191846,-44.3722224156216 -15.4855375370615,-44.3718517681634;-15.4855375370615,-44.3718517681634 -15.4861701792961,-44.3726339891002;-15.4861701792961,-44.3726339891002 -15.4857377969682,-44.3729831456463;-15.485104191846,-44.3722224156216 -15.4857377969682,-44.3729831456463;-15.4860867260664,-44.3713440111935 -15.4865270107753,-44.3709704798829;-15.4865270107753,-44.3709704798829 -15.4871435180071,-44.3717510451826;-15.4871435180071,-44.3717510451826 -15.486714311421,-44.3721488204647;-15.4860867260664,-44.3713440111935 -15.486714311421,-44.3721488204647;-15.4850122674229,-44.3736931973657 -15.4851926145669,-44.37353641066;-15.4855727414251,-44.3739510833848 -15.4851926145669,-44.37353641066;-15.4850122674229,-44.3736931973657 -15.4856405915648,-44.37441333143;-15.4852443488248,-44.3735034135501 -15.4856076791546,-44.3739203876827;-15.4857132342987,-44.3731361606401 -15.4852443488248,-44.3735034135501;-15.4857132342987,-44.3731361606401 -15.4860801269634,-44.3735864410252 -15.4863052741723,-44.3739561823084;-15.4863052741723,-44.3739561823084 -15.4856405915648,-44.37441333143;-15.4881818530551,-44.3738636086138 -15.487925291258,-44.3734574326401;-15.487925291258,-44.3734574326401 -15.4891171088482,-44.372565330979;-15.4891171088482,-44.372565330979 -15.4891640174885,-44.3731283393478;-15.4891640174885,-44.3731283393478 -15.4881818530551,-44.3738636086138;-15.4878966819165,-44.3733779828883 -15.487686301792,-44.3730678513214;-15.487686301792,-44.3730678513214 -15.4888164224998,-44.3722444629294;-15.4888164224998,-44.3722444629294 -15.4891098145358,-44.3722508669471;-15.4891098145358,-44.3722508669471 -15.4891163507357,-44.3724641910545;-15.4891163507357,-44.3724641910545 -15.4878966819165,-44.3733779828883;-15.4873162208439,-44.3731886055449 -15.4871414035407,-44.3729027119565;-15.4871414035407,-44.3729027119565 -15.4880925732353,-44.3722039869799;-15.4880925732353,-44.3722039869799 -15.4887411741126,-44.3722376126967;-15.4887411741126,-44.3722376126967 -15.4873162208439,-44.3731886055449;-15.4870912269671,-44.3728248403023 -15.4868602993988,-44.3724808436604;-15.4868602993988,-44.3724808436604 -15.48740703198,-44.3721092070761;-15.48740703198,-44.3721092070761 -15.4874921759554,-44.372184279875 -15.4879725646708,-44.3721830491878;-15.4879725646708,-44.3721830491878 -15.4870912269671,-44.3728248403023;-15.4861031204318,-44.3735055796814 -15.4857886609003,-44.3730693726113;-15.4857886609003,-44.3730693726113 -15.4863153844041,-44.3728034129068 -15.4867995541299,-44.372524824579;-15.4867995541299,-44.372524824579 -15.4870098659248,-44.3728545604702;-15.4870098659248,-44.3728545604702 -15.4861031204318,-44.3735055796814;-15.4863898752757,-44.3739042645334 -15.4861625196335,-44.3735736144713;-15.4861625196335,-44.3735736144713 -15.4870599844744,-44.3729424596722;-15.4870599844744,-44.3729424596722 -15.4872481775682,-44.3732559594834;-15.4872481775682,-44.3732559594834 -15.4863898752757,-44.3739042645334;-15.4859345983089,-44.3748069578024 -15.4855075448232,-44.3746040633124;-15.4855075448232,-44.3746040633124 -15.4870092484672,-44.373541856724;-15.4870092484672,-44.373541856724 -15.4872468709997,-44.3738601761715;-15.4872468709997,-44.3738601761715 -15.4859345983089,-44.3748069578024;-15.4863701727897,-44.3751081047238 -15.4860235727113,-44.3748447815754;-15.4860235727113,-44.3748447815754 -15.4872822452009,-44.3739356342941;-15.4872822452009,-44.3739356342941 -15.4875042876116,-44.3743020823446;-15.4875042876116,-44.3743020823446 -15.4863701727897,-44.3751081047238;-15.4850353695832,-44.3759636810261 -15.4849662247421,-44.3759490501184 -15.4847341518848,-44.3757112363609;-15.4847341518848,-44.3757112363609 -15.4857701539638,-44.374818665792;-15.4857701539638,-44.374818665792 -15.4858932669281,-44.3748951501426 -15.4859457235518,-44.3750273029695;-15.4859457235518,-44.3750273029695 -15.4850353695832,-44.3759636810261;-15.4847070152905,-44.3756786724477 -15.484498777868,-44.3753930360672;-15.4854674785515,-44.3746517485404 -15.484498777868,-44.3753930360672;-15.4854674785515,-44.3746517485404 -15.4857025890948,-44.3747841824569;-15.4857025890948,-44.3747841824569 -15.4847070152905,-44.3756786724477;-15.4891381700813,-44.378724940055 -15.4889636868669,-44.3786753375506 -15.4886840074804,-44.3786488085599 -15.4884430566546,-44.3784874727136 -15.4880012688257,-44.3781655614421 -15.4874820115286,-44.3778487311743 -15.48733,-44.3778216666667 -15.4872984616151,-44.3777499911701 -15.4868014711578,-44.3772780494848;-15.4868014711578,-44.3772780494848 -15.4872512710516,-44.3764482677813;-15.4871989386434,-44.3764007058359 -15.4867503507781,-44.3772019401981;-15.4867503507781,-44.3772019401981 -15.485915528872,-44.3765110550023 -15.485498452459,-44.3762161590276;-15.485498452459,-44.3762161590276 -15.4860855542822,-44.3756488221939 -15.486395377211,-44.3751833350672 -15.4891771289272,-44.3732547180041;-15.4891771289272,-44.3732547180041 -15.4892665343098,-44.3740392369734 -15.4893422198993,-44.3744047852925 -15.489470683363,-44.3748206686615 -15.4894897521192,-44.3751004180248 -15.4894574415772,-44.3753198774779 -15.4894048224416,-44.3763556808365 -15.4894177431551,-44.3770047649145 -15.4894494854922,-44.3777451922955 -15.4892954650262,-44.3782894406357 -15.4891381700813,-44.378724940055;-15.4876000647033,-44.3742592242119 -15.4870808353334,-44.3734822273653;-15.4870808353334,-44.3734822273653 -15.4876277736569,-44.3730875369189;-15.4876277736569,-44.3730875369189 -15.4878332502449,-44.3733984234984 -15.4878534913349,-44.3734872133502 -15.4881264059125,-44.3738913297356;-15.4881264059125,-44.3738913297356 -15.4876000647033,-44.3742592242119;-15.4863123933601,-44.3727393099129 -15.4862709392056,-44.3726490528456;-15.4862709392056,-44.3726490528456 -15.4872382187514,-44.3718706356886;-15.4872382187514,-44.3718706356886 -15.4873644502636,-44.3720310402052;-15.4873644502636,-44.3720310402052 -15.4863123933601,-44.3727393099129;-15.4855962514459,-44.3717886303192 -15.4860331990386,-44.3713877209283;-15.4860331990386,-44.3713877209283 -15.4866640551382,-44.3722008147421;-15.4866640551382,-44.3722008147421 -15.486235030295,-44.3725788418347;-15.4855962514459,-44.3717886303192 -15.486235030295,-44.3725788418347;-15.4882164240847,-44.3695354789961 -15.4886173682729,-44.3691825074874;-15.4886173682729,-44.3691825074874 -15.4891847459657,-44.3699428196096;-15.4885589681434,-44.3704565209468 -15.4891847459657,-44.3699428196096;-15.4883475407942,-44.3701094884702 -15.4885589681434,-44.3704565209468;-15.4883475407942,-44.3701094884702 -15.4887093469521,-44.3698119202449;-15.4887093469521,-44.3698119202449 -15.4886709805561,-44.369767913289 -15.4883242108798,-44.3700613705218;-15.4883242108798,-44.3700613705218 -15.4881553883098,-44.3697836301647;-15.4882164240847,-44.3695354789961 -15.4881553883098,-44.3697836301647;-15.488906390795,-44.3702834360364 -15.4892354217392,-44.3700190971158;-15.4892354217392,-44.3700190971158 -15.4899182198208,-44.3709094178406;-15.4894935076628,-44.371267475932 -15.4899182198208,-44.3709094178406;-15.488906390795,-44.3702834360364 -15.4894935076628,-44.371267475932;-15.4886020381914,-44.3705374446003 -15.4888583351207,-44.3703337800761;-15.4888583351207,-44.3703337800761 -15.489434898932,-44.3713060030897;-15.4891303084731,-44.3715728633397 -15.489434898932,-44.3713060030897;-15.4886020381914,-44.3705374446003 -15.4891036515508,-44.3714355441893 -15.4891303084731,-44.3715728633397;-15.486569044918,-44.3709241952647 -15.4870356432059,-44.370535025882;-15.4870356432059,-44.370535025882 -15.4875483512706,-44.3712135381548;-15.4875483512706,-44.3712135381548 -15.4873256413857,-44.3715857808546 -15.487268323688,-44.3716879488413 -15.4872311933995,-44.3717152528068;-15.486569044918,-44.3709241952647 -15.4872311933995,-44.3717152528068;-15.4870918553771,-44.3704770404491 -15.4875144394597,-44.3701129273391 -15.488017114087,-44.3696830086712;-15.488017114087,-44.3696830086712 -15.4881052219198,-44.3698050096128;-15.4881052219198,-44.3698050096128 -15.4875786082106,-44.3711632580616;-15.4870918553771,-44.3704770404491 -15.4875786082106,-44.3711632580616;-15.4881263586739,-44.369873325039 -15.4875911599686,-44.3712629443027;-15.4881263586739,-44.369873325039 -15.4885439549787,-44.3705981664871;-15.4885439549787,-44.3705981664871 -15.4875911599686,-44.3712629443027;-15.487272371548,-44.3717799162208 -15.48744255964,-44.371983174452;-15.4875729142275,-44.3713529445498 -15.4873951176666,-44.371630193193 -15.4873181345666,-44.3717440561536 -15.487272371548,-44.3717799162208;-15.4885655937193,-44.3706634195502 -15.4875729142275,-44.3713529445498;-15.4885655937193,-44.3706634195502 -15.4887637851342,-44.371027443041;-15.4887637851342,-44.371027443041 -15.48744255964,-44.371983174452;-15.4887919007813,-44.3710981354047 -15.4874738723627,-44.3720222621028;-15.4887919007813,-44.3710981354047 -15.4889983174535,-44.3714691166232;-15.4889983174535,-44.3714691166232 -15.4880615003201,-44.3721297581182;-15.4874738723627,-44.3720222621028 -15.4875448477013,-44.3721005560338 -15.4880615003201,-44.3721297581182;-15.4890445967766,-44.3715230141162 -15.4881549722,-44.3721433056;-15.4890445967766,-44.3715230141162 -15.4890887738387,-44.3718518222212 -15.4891069112332,-44.3721634440802;-15.4891069112332,-44.3721634440802 -15.4888039157855,-44.3721860638944 -15.4881549722,-44.3721433056;-15.4865217091911,-44.3708415993394 -15.4869872605983,-44.3704725431894;-15.4858949187426,-44.370057837149 -15.4865217091911,-44.3708415993394;-15.4858949187426,-44.370057837149 -15.4863373962908,-44.3696905062176;-15.4863373962908,-44.3696905062176 -15.4869872605983,-44.3704725431894;-15.4860369633236,-44.3712691854689 -15.4864665068675,-44.3708964312718;-15.4853892598028,-44.370477029705 -15.4860369633236,-44.3712691854689;-15.4853892598028,-44.370477029705 -15.485820810238,-44.3700841216253;-15.485820810238,-44.3700841216253 -15.4864665068675,-44.3708964312718;-15.4855371756747,-44.3716879273331 -15.4859799350647,-44.3713196292247;-15.484910920874,-44.3709485647928 -15.4855371756747,-44.3716879273331;-15.484910920874,-44.3709485647928 -15.4853498001913,-44.3705657594923;-15.4853498001913,-44.3705657594923 -15.4859799350647,-44.3713196292247;-15.4850413713594,-44.3721233955678 -15.4854565668307,-44.3717499427637;-15.4844132161024,-44.3713241182836 -15.4850413713594,-44.3721233955678;-15.4844132161024,-44.3713241182836 -15.4848304648751,-44.3709651513167;-15.4848304648751,-44.3709651513167 -15.4854565668307,-44.3717499427637;-15.4845538843564,-44.3725610224623 -15.4849791483302,-44.3721815937179;-15.4841596136847,-44.3720984508146 -15.4845538843564,-44.3725610224623;-15.4841596136847,-44.3720984508146 -15.484314816031,-44.3715695258472 -15.4843671181237,-44.3713955960428;-15.4843671181237,-44.3713955960428 -15.4849791483302,-44.3721815937179;-15.483836639065,-44.3731339800713 -15.4845068315486,-44.3726063312793;-15.483836639065,-44.3731339800713 -15.4841484218767,-44.3721851001125;-15.4841484218767,-44.3721851001125 -15.4845068315486,-44.3726063312793;-15.4843964148397,-44.3712504993789 -15.4846035761536,-44.3707019103271;-15.4846035761536,-44.3707019103271 -15.4847873192851,-44.3709118465883;-15.4843964148397,-44.3712504993789 -15.4847873192851,-44.3709118465883;-15.4846140617469,-44.3706254689653 -15.4848408086035,-44.3699028000102;-15.4848408086035,-44.3699028000102 -15.4852626583443,-44.3704577934772;-15.4848284748686,-44.3708749661666 -15.4852626583443,-44.3704577934772;-15.4846140617469,-44.3706254689653 -15.4848284748686,-44.3708749661666;-15.484842080391,-44.3698056626041 -15.4849614647825,-44.3693216525578 -15.4849616734919,-44.369320554376 -15.4849618951621,-44.3693189364323 -15.4849620195114,-44.3693172977148 -15.4849620459884,-44.3693156452542 -15.4849619744225,-44.3693139860759 -15.4849618051371,-44.3693123273176 -15.4849615387942,-44.369310675998 -15.4849611789435,-44.369309048686 -15.4849556123154,-44.3692163398916;-15.4849556123154,-44.3692163398916 -15.485093097603,-44.3691688544748 -15.4851697399697,-44.3692074924639 -15.4857671044956,-44.3700373891797;-15.4853203690643,-44.3704113762008 -15.4857671044956,-44.3700373891797;-15.484842080391,-44.3698056626041 -15.4853203690643,-44.3704113762008;-15.4856062973481,-44.3687645182184 -15.4850567841166,-44.3690564046998;-15.4856062973481,-44.3687645182184 -15.4862855509587,-44.3696225849012;-15.4858471144918,-44.3699855194752 -15.4862855509587,-44.3696225849012;-15.4850567841166,-44.3690564046998 -15.4851138366313,-44.3691037147416 -15.4851822805072,-44.3691091378077 -15.4858471144918,-44.3699855194752;-15.486411877685,-44.3662040606274 -15.4873793218733,-44.3675361663491;-15.4873793218733,-44.3675361663491 -15.4869648959787,-44.3678371664772;-15.4859703823773,-44.3667043089816 -15.4869648959787,-44.3678371664772;-15.4859703823773,-44.3667043089816 -15.486411877685,-44.3662040606274;-15.4874333590395,-44.3676250287044 -15.4883720553727,-44.3688872352479;-15.4883720553727,-44.3688872352479 -15.4881990165559,-44.3694426414135 -15.4881615695578,-44.3694623481926;-15.4878530280225,-44.3691312440982 -15.4881211677186,-44.3695200436019;-15.4869394831776,-44.3690565879279 -15.487549009179,-44.3685640057899 -15.4878811121571,-44.3690481504534 -15.4881615695578,-44.3694623481926;-15.4864724334525,-44.3683010234125 -15.4869394831776,-44.3690565879279;-15.4874333590395,-44.3676250287044 -15.4864724334525,-44.3683010234125;-15.4884064360528,-44.3689286379208 -15.4885909281331,-44.3691432919147;-15.4882586162487,-44.369402454401 -15.4885203629111,-44.369202277046 -15.4885909281331,-44.3691432919147;-15.4884064360528,-44.3689286379208 -15.4882586162487,-44.369402454401;-15.4875414272813,-44.3700324386446 -15.4881211677186,-44.3695200436019;-15.4872853078283,-44.3696097737626 -15.4875414272813,-44.3700324386446;-15.4872853078283,-44.3696097737626 -15.4878530280225,-44.3691312440982;-15.4872353457909,-44.3695237069429 -15.4878224133986,-44.3690717583995;-15.4869765420438,-44.3691280105086 -15.4872353457909,-44.3695237069429;-15.4869765420438,-44.3691280105086 -15.4875415105607,-44.3686840806208 -15.4878224133986,-44.3690717583995;-15.4870468144094,-44.3704372736044 -15.4874596884465,-44.3700745249838;-15.4864166932581,-44.369620377557 -15.4870468144094,-44.3704372736044;-15.4864166932581,-44.369620377557 -15.4868841807286,-44.3692085112525;-15.4868841807286,-44.3692085112525 -15.4871891297881,-44.3696664076471 -15.4871893444446,-44.3696667260141 -15.4874596884465,-44.3700745249838;-15.4863558477741,-44.3683665850012 -15.4857131722712,-44.3687096036054;-15.4863558477741,-44.3683665850012 -15.4868273498183,-44.3691170719908;-15.4863422617463,-44.369541034454 -15.4868273498183,-44.3691170719908;-15.4857131722712,-44.3687096036054 -15.4863422617463,-44.369541034454;-15.4846897145447,-44.3681897689863 -15.4849063949971,-44.3690886786374;-15.4846897145447,-44.3681897689863 -15.4854822428291,-44.3672442105206;-15.4854822428291,-44.3672442105206 -15.4863108825004,-44.368259249197;-15.4863108825004,-44.368259249197 -15.4849063949971,-44.3690886786374;-15.4855418859548,-44.3671808319526 -15.4859132289604,-44.366778023985;-15.4859132289604,-44.366778023985 -15.4868720628618,-44.3678952301846;-15.4868720628618,-44.3678952301846 -15.4863773336645,-44.3682189391952;-15.4855418859548,-44.3671808319526 -15.4863773336645,-44.3682189391952;-15.4925814301473,-44.3747061741601 -15.4927892973072,-44.3748755599617;-15.4925700460877,-44.3747522115801 -15.4927661267117,-44.3749236394252;-15.4927661267117,-44.3749236394252 -15.4926018716066,-44.3751846113332;-15.4928685932809,-44.3767347951081 -15.4930589320804,-44.3772441902697;-15.4928685932809,-44.3767347951081 -15.4941341126542,-44.375335235629;-15.4941341126542,-44.375335235629 -15.4943890856775,-44.375786468639;-15.4943890856775,-44.375786468639 -15.4930589320804,-44.3772441902697;-15.4927902623075,-44.3763839082503 -15.4928481811366,-44.3766575700114;-15.4938817531496,-44.3748505185824 -15.4934874594043,-44.3755784560426 -15.4932199892473,-44.3759582955682 -15.4927902623075,-44.3763839082503;-15.4938817531496,-44.3748505185824 -15.4941006096462,-44.3752802812675;-15.4928481811366,-44.3766575700114 -15.4941006096462,-44.3752802812675;-15.4926997406707,-44.3758778479213 -15.4927718639246,-44.3762689207652;-15.493561029647,-44.3742973455808 -15.4933387804143,-44.3747016578632 -15.4926997406707,-44.3758778479213;-15.493561029647,-44.3742973455808 -15.4938597177662,-44.3747973762689;-15.4938597177662,-44.3747973762689 -15.4934259161937,-44.3755531430068 -15.4931609532689,-44.3758973122322 -15.4927718639246,-44.3762689207652;-15.4926195811302,-44.375331907339 -15.4926735083966,-44.3757354380898;-15.4933613307563,-44.373896957071 -15.4930664553402,-44.3744590701544 -15.4926195811302,-44.375331907339;-15.4933613307563,-44.373896957071 -15.4935256831371,-44.3742084357091;-15.4935256831371,-44.3742084357091 -15.4932834702533,-44.3746639998924 -15.4927784930114,-44.3756107688598 -15.4926735083966,-44.3757354380898;-15.4925700460877,-44.3747522115801 -15.4926018716066,-44.3751846113332;-15.4925814301473,-44.3747061741601 -15.4926204803821,-44.3745564363204 -15.4927149736743,-44.3740442243443 -15.4929088911962,-44.373010547582;-15.4929088911962,-44.373010547582 -15.4933095879313,-44.3738100406648;-15.4933095879313,-44.3738100406648 -15.4927892973072,-44.3748755599617;-15.4938271544369,-44.3738025410123 -15.4944859668281,-44.3743753423762 -15.4947248590367,-44.3745708771835 -15.4947249922514,-44.3745709853546 -15.4951430643166,-44.3748929004457;-15.4938271544369,-44.3738025410123 -15.4940595808131,-44.3735876736629 -15.4944338517597,-44.373335287647;-15.4944338517597,-44.373335287647 -15.4955726915244,-44.3743866278413;-15.4951430643166,-44.3748929004457 -15.4955726915244,-44.3743866278413;-15.4941892907847,-44.3752535150016 -15.4944291410203,-44.375696259524;-15.4941892907847,-44.3752535150016 -15.4947057974358,-44.3746342621916;-15.4947057974358,-44.3746342621916 -15.4950906197933,-44.3749546267477;-15.4944291410203,-44.375696259524 -15.4950906197933,-44.3749546267477;-15.4939186514449,-44.3747714615194 -15.4941514150087,-44.3752240742307;-15.4942917986219,-44.3742828410757 -15.4939186514449,-44.3747714615194;-15.4942917986219,-44.3742828410757 -15.4946801217533,-44.3745932561315;-15.4941514150087,-44.3752240742307 -15.4946801217533,-44.3745932561315;-15.4936106961587,-44.3741925606555 -15.4938851146929,-44.3747226145111;-15.4937831565019,-44.3738830578339 -15.4936106961587,-44.3741925606555;-15.4937831565019,-44.3738830578339 -15.4942287649347,-44.3742225916167;-15.4942287649347,-44.3742225916167 -15.4938851146929,-44.3747226145111;-15.4932069068919,-44.3734503032134 -15.4935648387853,-44.3741021263901;-15.4932069068919,-44.3734503032134 -15.4937317974018,-44.3738128525341;-15.4937317974018,-44.3738128525341 -15.4935648387853,-44.3741021263901;-15.4931706579945,-44.3733610587742 -15.4937615390526,-44.3737544230639;-15.4929626618309,-44.372926039512 -15.4931706579945,-44.3733610587742;-15.4929626618309,-44.372926039512 -15.4937390296819,-44.372693219668;-15.4943790527242,-44.3732804886115 -15.4937390296819,-44.372693219668;-15.4937615390526,-44.3737544230639 -15.4939845374596,-44.3735507883166 -15.4943790527242,-44.3732804886115;-15.4945566740354,-44.3706651179302 -15.4949021466951,-44.3704561765054;-15.4949664569258,-44.3704225164882 -15.495286508555,-44.3701921572402;-15.4929044091384,-44.3713623352625 -15.4928724220666,-44.371791969853 -15.492872401751,-44.3717922159475 -15.4928452258773,-44.3721650777817 -15.4928289223708,-44.3725581002616 -15.4928605528886,-44.3727018260577 -15.4929232534497,-44.3728426666044;-15.4929044091384,-44.3713623352625 -15.4934568431464,-44.3711685443978;-15.4934568431464,-44.3711685443978 -15.494458313302,-44.3723758147566;-15.4929232534497,-44.3728426666044 -15.494458313302,-44.3723758147566;-15.4929983608779,-44.3694762669271 -15.4929252886809,-44.3701040142413 -15.4929075281027,-44.3712226120735;-15.4929983608779,-44.3694762669271 -15.4930892097484,-44.369398492531 -15.4933821683068,-44.3692113565984 -15.4936086272414,-44.3690552751299 -15.4937078806392,-44.3689370718298 -15.4937909818911,-44.3687708390131 -15.4940173830391,-44.368568482282;-15.4940173830391,-44.368568482282 -15.4944259866458,-44.3690507232233 -15.4951784197605,-44.3700232578378;-15.493556211309,-44.370974127992 -15.4941797872296,-44.3707150331159 -15.4944644956457,-44.3705955492346 -15.4948453457404,-44.3703142357759 -15.4951784197605,-44.3700232578378;-15.4935570476959,-44.370117288504 -15.493556211309,-44.370974127992;-15.4934747952809,-44.3701256140876 -15.4934848892025,-44.3709381995223 -15.493441466489,-44.3710198444863;-15.4929075281027,-44.3712226120735 -15.493441466489,-44.3710198444863;-15.4941017683838,-44.36851409857 -15.4944794327425,-44.36898848875 -15.4949452462897,-44.3695832807091 -15.4950378025563,-44.3697067939023 -15.4953479864488,-44.3701282192225;-15.4941017683838,-44.36851409857 -15.4944388356298,-44.3681736068039;-15.4944388356298,-44.3681736068039 -15.4945197648842,-44.368394435546 -15.4946469617309,-44.3687388650833 -15.4947459253086,-44.3689164247612 -15.494906755116,-44.3690940374525 -15.4951551519813,-44.3696920331972 -15.4953479864488,-44.3701282192225;-15.4935265867874,-44.3711292282443 -15.4940184859828,-44.3717312259139 -15.494374068914,-44.372122832206 -15.4945595160449,-44.3723712940774;-15.4935265867874,-44.3711292282443 -15.4945087078375,-44.3707404588549;-15.4945087078375,-44.3707404588549 -15.4945870333002,-44.3709360531171 -15.4947446032713,-44.3714893658729 -15.4948281578682,-44.3716116777763 -15.4952021624962,-44.3720425944612;-15.4945595160449,-44.3723712940774 -15.4952021624962,-44.3720425944612;-15.4945566740354,-44.3706651179302 -15.4946515208642,-44.3709143391489 -15.4948203188411,-44.3714326916312 -15.4949216806543,-44.3715948158296 -15.4952946570321,-44.3720030864334;-15.495286508555,-44.3701921572402 -15.4953724661669,-44.3702951864783 -15.4959318666482,-44.3708476934441 -15.4965036290665,-44.3714836788624;-15.4959144675461,-44.3717504516308 -15.4965036290665,-44.3714836788624;-15.4949664569258,-44.3704225164882 -15.4952302724431,-44.3709170406759 -15.4955386590057,-44.3713169736498 -15.4959144675461,-44.3717504516308;-15.4949021466951,-44.3704561765054 -15.4951862629674,-44.3709427733411 -15.4958550913903,-44.3717707114732;-15.4952946570321,-44.3720030864334 -15.4958550913903,-44.3717707114732;-15.4961512101906,-44.3730661636394 -15.4964757725552,-44.3734318496182;-15.4961512101906,-44.3730661636394 -15.4965768539228,-44.3728505213224;-15.4961103616927,-44.3730014404249 -15.4965347804153,-44.3727989968866;-15.4957525955501,-44.3725792349571 -15.4961103616927,-44.3730014404249;-15.4957525955501,-44.3725792349571 -15.4960668317232,-44.3724173893899;-15.4957208396368,-44.3725192789242 -15.4960390530954,-44.372381972224;-15.4953739784257,-44.3720948661946 -15.4957208396368,-44.3725192789242;-15.4953739784257,-44.3720948661946 -15.4959077242141,-44.3718435677161;-15.4959077242141,-44.3718435677161 -15.4961399076878,-44.3721184964507 -15.4961403379213,-44.3721190079537 -15.4961413711383,-44.3721201278626 -15.4961424710449,-44.3721211764926 -15.496143632906,-44.372122149413 -15.4961448517493,-44.3721230423725 -15.4961461224074,-44.3721238516573 -15.4961474393728,-44.3721245737336 -15.4961487970782,-44.3721252055328 -15.4961501896899,-44.3721257443805 -15.4961516112422,-44.3721261879249 -15.4961530556417,-44.3721265342795 -15.4961545167344,-44.3721267819875 -15.4961559882359,-44.37212692995 -15.4961574638724,-44.372126977605 -15.4961589372717,-44.3721269246406 -15.496160402178,-44.3721267713898 -15.4961618523056,-44.3721265184353 -15.4961632814142,-44.372126166897 -15.4961646834086,-44.3721257182521 -15.4961660522708,-44.3721251744078 -15.4961673821302,-44.372124537736 -15.4961686672951,-44.3721238109307 -15.4961699022196,-44.37212299708 -15.4961710816432,-44.3721220997367 -15.4961722005156,-44.3721211226327 -15.4961727271156,-44.3721205964927;-15.4959590438596,-44.3718201125766 -15.4961739679993,-44.3720884757395 -15.4961745005118,-44.3720891509878 -15.4961753884499,-44.3720903994108 -15.4961761974195,-44.3720917038972 -15.4961769238788,-44.3720930587838 -15.496177564732,-44.3720944583346 -15.4961781172558,-44.3720958965267 -15.4961785790339,-44.3720973671938 -15.4961789480947,-44.3720988640255 -15.4961792228782,-44.3721003806398 -15.4961794021666,-44.3721019105111 -15.4961794852588,-44.3721034471137 -15.4961794716929,-44.3721049838145 -15.4961793616302,-44.3721065140876 -15.4961791554729,-44.3721080313715 -15.4961788541409,-44.3721095291404 -15.4961784589029,-44.372111001012 -15.4961779714426,-44.3721124406755 -15.4961773938958,-44.3721138419638 -15.4961767287122,-44.3721151988889 -15.4961759787244,-44.3721165056058 -15.4961751472197,-44.3721177565564 -15.4961742376625,-44.3721189463977 -15.4961732540395,-44.3721200700371 -15.4961727271156,-44.3721205964927;-15.4959590438596,-44.3718201125766 -15.4965705542648,-44.37152845163;-15.4965705542648,-44.37152845163 -15.4974018773957,-44.3724400383057;-15.4964757725552,-44.3734318496182 -15.4974018773957,-44.3724400383057;-15.4954887320998,-44.3734141890586 -15.4959810676427,-44.3739742381027;-15.4954887320998,-44.3734141890586 -15.496080264328,-44.3731146139281;-15.496080264328,-44.3731146139281 -15.4964180629751,-44.3734874776549;-15.4959810676427,-44.3739742381027 -15.4964180629751,-44.3734874776549;-15.4945004469716,-44.3732881897621 -15.4956451690705,-44.3743164156268;-15.4949652168233,-44.3729509535707 -15.4945004469716,-44.3732881897621;-15.4949652168233,-44.3729509535707 -15.495928833865,-44.374021298302;-15.4956451690705,-44.3743164156268 -15.495928833865,-44.374021298302;-15.4938180594644,-44.3726714727927 -15.4944211103022,-44.3732222833512;-15.4938180594644,-44.3726714727927 -15.4945365328031,-44.3724621061899;-15.4945365328031,-44.3724621061899 -15.494894422148,-44.3728712350245;-15.4944211103022,-44.3732222833512 -15.494894422148,-44.3728712350245;-15.4946396510555,-44.3724330498891 -15.4950074441841,-44.3728196665829;-15.4946396510555,-44.3724330498891 -15.4952743404587,-44.3721273047174;-15.4952743404587,-44.3721273047174 -15.4956338307287,-44.3725322500855;-15.4950074441841,-44.3728196665829 -15.4956338307287,-44.3725322500855;-15.4950427166474,-44.3729074955303 -15.4954208964943,-44.3733322817368;-15.4950427166474,-44.3729074955303 -15.4956761102385,-44.3726238807338;-15.4956761102385,-44.3726238807338 -15.4960254210491,-44.3730553597224;-15.4954208964943,-44.3733322817368 -15.4960254210491,-44.3730553597224;-15.5008452395978,-44.3761620618082 -15.5006747464378,-44.3759596358739;-15.4956073137367,-44.381025880494 -15.498296324754,-44.378382137436 -15.4996421700654,-44.3769877057958 -15.5006747464378,-44.3759596358739;-15.4982795342729,-44.3782039544782 -15.498532365334,-44.377966365983;-15.4966132144473,-44.3752871165992 -15.4960024755361,-44.375993799727;-15.4966132144473,-44.3752871165992 -15.4970651182383,-44.3756971697572;-15.4970651182383,-44.3756971697572 -15.4965531460071,-44.376236383245 -15.4962940928635,-44.3765390464761;-15.4960024755361,-44.375993799727 -15.4961796241514,-44.3763479114308 -15.4962940928635,-44.3765390464761;-15.4973975426635,-44.3743844674511 -15.4966431465743,-44.3752527347986;-15.4973975426635,-44.3743844674511 -15.4978037956791,-44.3747801447291;-15.4978037956791,-44.3747801447291 -15.4970791520772,-44.3756323029459;-15.4966431465743,-44.3752527347986 -15.4970791520772,-44.3756323029459;-15.4980539155705,-44.3736223766385 -15.4974374018565,-44.3743066017577;-15.4980539155705,-44.3736223766385 -15.4984542136061,-44.3740468859629;-15.4984542136061,-44.3740468859629 -15.4978694136549,-44.3746972886123;-15.4974374018565,-44.3743066017577 -15.4978694136549,-44.3746972886123;-15.4985106793242,-44.37412058358 -15.4979494878353,-44.3747765809183;-15.4985106793242,-44.37412058358 -15.4988775888927,-44.374545221123;-15.4988775888927,-44.374545221123 -15.4983613081005,-44.375127690189;-15.4979494878353,-44.3747765809183 -15.4983613081005,-44.375127690189;-15.4989782957328,-44.3746084137371 -15.4984327528405,-44.3752216081447;-15.4989782957328,-44.3746084137371 -15.4992654743663,-44.3749458261602;-15.4992654743663,-44.3749458261602 -15.4989858279652,-44.3752792094557 -15.4987713334746,-44.3755164782509;-15.4984327528405,-44.3752216081447 -15.4987713334746,-44.3755164782509;-15.4983495125296,-44.3753023537704 -15.4978715115013,-44.375822058297 -15.4978712796018,-44.3758223167803 -15.4975935270219,-44.3761281333613;-15.4983495125296,-44.3753023537704 -15.4986992461368,-44.3755832496957;-15.4986992461368,-44.3755832496957 -15.4979621146025,-44.3764604547663 -15.4979600507579,-44.3764627052996;-15.4975935270219,-44.3761281333613 -15.4979600507579,-44.3764627052996;-15.4985636264322,-44.3758689642268 -15.4983144570995,-44.3761517907456;-15.4985636264322,-44.3758689642268 -15.4989572556926,-44.3762344403713;-15.4989572556926,-44.3762344403713 -15.4987307866588,-44.3764972292444;-15.4983144570995,-44.3761517907456 -15.4987307866588,-44.3764972292444;-15.4989908384775,-44.376263915099 -15.4987564042879,-44.3765436362539;-15.4989908384775,-44.376263915099 -15.4995307042923,-44.3767319762167;-15.49938540123,-44.377100003083 -15.5000720538947,-44.376434073133 -15.5004709517151,-44.3760303064417;-15.4987564042879,-44.3765436362539 -15.49938540123,-44.377100003083;-15.4987004263909,-44.3765928374732 -15.4984597043252,-44.3768846863192;-15.4987004263909,-44.3765928374732 -15.4993187870811,-44.3771731331946;-15.4990567018362,-44.3774351441316 -15.4993187870811,-44.3771731331946;-15.4984597043252,-44.3768846863192 -15.4990567018362,-44.3774351441316;-15.4975748864659,-44.3770202009825 -15.4979758693695,-44.376527356541;-15.4979758693695,-44.376527356541 -15.4983713619773,-44.3768804321414 -15.4983717277176,-44.3768807715064 -15.4990172773961,-44.3774737655701;-15.4990172773961,-44.3774737655701 -15.4985658228148,-44.3779329085022;-15.4985658228148,-44.3779329085022 -15.4975748864659,-44.3770202009825;-15.4972861787753,-44.3773599428608 -15.4975340591157,-44.3770683189309;-15.4975340591157,-44.3770683189309 -15.498532365334,-44.377966365983;-15.4975636116985,-44.3761611384669 -15.4968253173109,-44.3770565405115;-15.4975636116985,-44.3761611384669 -15.4979300849719,-44.3764955965;-15.4979300849719,-44.3764955965 -15.4972381651667,-44.3773246446122;-15.4968253173109,-44.3770565405115 -15.4970514193267,-44.3772533859212 -15.4972381651667,-44.3773246446122;-15.4970996996914,-44.3757291275791 -15.4965940166603,-44.376279902667 -15.4963198136395,-44.3766097250748;-15.4970996996914,-44.3757291275791 -15.4975298659934,-44.3761301832612;-15.4975298659934,-44.3761301832612 -15.4971133506146,-44.3765915577016 -15.4967416846648,-44.3769943304493;-15.4963198136395,-44.3766097250748 -15.4967416846648,-44.3769943304493;-15.4974068381763,-44.3754047866758 -15.4972883445839,-44.3755244082418 -15.49728812813,-44.3755246472356 -15.4972881090479,-44.3755246679929 -15.4971302735074,-44.3756959377033;-15.4974068381763,-44.3754047866758 -15.4978234879275,-44.3758064507475;-15.4978234879275,-44.3758064507475 -15.4975606697993,-44.376085728552;-15.4971302735074,-44.3756959377033 -15.4975606697993,-44.376085728552;-15.497869613488,-44.3748418964876 -15.497445478347,-44.3753588559068;-15.497869613488,-44.3748418964876 -15.4982859368783,-44.3752375688889;-15.4982859368783,-44.3752375688889 -15.4978401554725,-44.3757485929051;-15.497445478347,-44.3753588559068 -15.4978401554725,-44.3757485929051;-15.4982428857781,-44.37621811765 -15.4980214356085,-44.3764801499172;-15.4982428857781,-44.37621811765 -15.4986426210936,-44.3765572198049;-15.4986426210936,-44.3765572198049 -15.4984104226309,-44.3768492218619;-15.4980214356085,-44.3764801499172 -15.4984104226309,-44.3768492218619;-15.4995307042923,-44.3767319762167 -15.4997493526955,-44.3765164124519 -15.4999846660081,-44.3762324219548 -15.5000783628059,-44.3761428819549 -15.5002839040085,-44.3760510320583 -15.5003905754202,-44.3760299180078 -15.5004709517151,-44.3760303064417;-15.4972861787753,-44.3773599428608 -15.4982795342729,-44.3782039544782;-15.496951716019,-44.3670795862094 -15.4977784145229,-44.3680250526011 -15.4981864676121,-44.3684988658115 -15.4990371663588,-44.3694674258211 -15.4996318269469,-44.3699817292149 -15.5004233409577,-44.3707380401565 -15.5007539312465,-44.3711919768501 -15.5011143007977,-44.3717308177312 -15.5015017270107,-44.3723667018583 -15.5017031768527,-44.3728010784728;-15.5017352133164,-44.3748440359221 -15.5020647058156,-44.3752034712961;-15.4979776923507,-44.372850967334 -15.4990591921621,-44.3718247054162;-15.5021104906466,-44.374182261506 -15.5025181347118,-44.3742475775148 -15.5032448096318,-44.3741986958641;-15.5021206960563,-44.3752681277316 -15.5029383339758,-44.3761439909166;-15.4993494271342,-44.3743886644849 -15.4997653890392,-44.3748449887499;-15.5017841842101,-44.374792329218 -15.5030041046191,-44.3760624332829;-15.5019395627034,-44.3771315840193 -15.5029383339758,-44.3761439909166;-15.4986289673806,-44.3732587669788 -15.4994553565132,-44.3741710245138;-15.5021578847576,-44.3740688929028 -15.5025379990635,-44.3741532566499 -15.502854416391,-44.3741469338379 -15.5032462183697,-44.3741132201388;-15.4995061047606,-44.3742384492374 -15.4999344856914,-44.3746843528524;-15.4997653890392,-44.3748449887499 -15.4999344856914,-44.3746843528524;-15.500593538705,-44.3757601810922 -15.500752874432,-44.3756074115418;-15.5033362891954,-44.3749302825681 -15.5036444366933,-44.375456492011;-15.4993494271342,-44.3743886644849 -15.4995061047606,-44.3742384492374;-15.5021104906466,-44.374182261506 -15.5020753597816,-44.3743340963715 -15.5020337715517,-44.3744667310759 -15.5019483311061,-44.3746441452889 -15.5017841842101,-44.374792329218;-15.5021578847576,-44.3740688929028 -15.5021157976371,-44.3737589082249 -15.5020266079599,-44.3735295633408 -15.5018100044583,-44.3730326494252 -15.5017035512058,-44.3728018899605;-15.5020305965981,-44.3771978378234 -15.5034583384095,-44.3787412247004;-15.5011271996585,-44.3762297643733 -15.5021206960563,-44.3752681277316;-15.4971015050491,-44.3719229642858 -15.4968883333333,-44.371715;-15.4971145335472,-44.3719739133631 -15.4979562638551,-44.3712712044056;-15.4984279682731,-44.3733322309241 -15.4980350068568,-44.3729107737752;-15.5034076338891,-44.3748767307502 -15.5037494520822,-44.3754392530687;-15.5010089384699,-44.3718888007371 -15.501353564421,-44.3724288138269 -15.5017065512219,-44.3730833808888 -15.5019885380881,-44.3737750380006 -15.5020274105289,-44.3740714792877 -15.5019485116349,-44.3744069303489 -15.5018396217095,-44.3745739051167 -15.5008471377984,-44.3755771685312;-15.4993041487004,-44.3743360792101 -15.4994553565132,-44.3741710245138;-15.5011271996585,-44.3762297643733 -15.5019395627034,-44.3771315840193;-15.5017352133164,-44.3748440359221 -15.5007662155624,-44.3758526797082;-15.4980350068568,-44.3729107737752 -15.4990039542685,-44.371995402967 -15.4990531126492,-44.3720005014029;-15.5020305965981,-44.3771978378234 -15.503037981791,-44.3761947288478 -15.5037494520822,-44.3754392530687;-15.4984681902604,-44.3734128827222 -15.4986289673806,-44.3732587669788;-15.4979776923507,-44.372850967334 -15.4975627851649,-44.3724206932155;-15.5003355569482,-44.3715203484136 -15.5007096838098,-44.3719642537789;-15.4975627851649,-44.3724206932155 -15.4995667162672,-44.3707382217346 -15.4999056194339,-44.3705455120908;-15.5030041046191,-44.3760624332829 -15.5036444366933,-44.375456492011;-15.4971015050491,-44.3719229642858 -15.4979272925995,-44.3712337812651;-15.5010632787764,-44.3761602223492 -15.5020647058156,-44.3752034712961;-15.5010632787764,-44.3761602223492 -15.5007662155624,-44.3758526797082;-15.497499194926,-44.3723717194326 -15.4995085236863,-44.3706609901795 -15.499831412229,-44.3704193190785;-15.4984681902604,-44.3734128827222 -15.4993041487004,-44.3743360792101;-15.4990541015595,-44.3696160966815 -15.4981185739437,-44.3704683309464 -15.496834263298,-44.3716709060833;-15.4954280172761,-44.3701839306516 -15.4954885845968,-44.3702385732164 -15.4959926378928,-44.3707891370807 -15.496834263298,-44.3716709060833;-15.4968883333333,-44.371715 -15.4991294822446,-44.3697479242409;-15.4991294822446,-44.3697479242409 -15.4995154660119,-44.3701251205639 -15.499831412229,-44.3704193190785;-15.5003355569482,-44.3715203484136 -15.4995051353722,-44.3722570024718;-15.4990658373222,-44.3718247054162 -15.4995051353722,-44.3722570024718;-15.4990531126492,-44.3720005014029 -15.4994232624179,-44.3723361206749;-15.4994232624179,-44.3723361206749 -15.4985805353003,-44.3731732390793 -15.4984279682731,-44.3733322309241;-15.497499194926,-44.3723717194326 -15.4971145335472,-44.3719739133631;-15.4997926114693,-44.3748761000986 -15.500593538705,-44.3757601810922;-15.4997926114693,-44.3748761000986 -15.4999647445713,-44.3747083522781;-15.4999647445713,-44.3747083522781 -15.500752874432,-44.3756074115418;-15.5008471377984,-44.3755771685312 -15.5000020024861,-44.3746728047179;-15.5000020024861,-44.3746728047179 -15.5006139519717,-44.374063709058;-15.5004678718212,-44.3733200441466 -15.5000256212597,-44.3728102564017;-15.5000256212597,-44.3728102564017 -15.5010089384699,-44.3718888007371;-15.500595582807,-44.3758866947609 -15.4997824535741,-44.3749978322448;-15.5005016356924,-44.3759816052727 -15.500595582807,-44.3758866947609;-15.5000853502493,-44.3760580877425 -15.5002781333994,-44.3759992440037 -15.5004056515336,-44.3759891803125 -15.5005016356924,-44.3759816052727;-15.4991209605548,-44.3752394809006 -15.4995354514226,-44.3755926098495 -15.5000853502493,-44.3760580877425;-15.4991209605548,-44.3752394809006 -15.4993173280834,-44.375000933406;-15.4993173280834,-44.375000933406 -15.4994948307032,-44.3752074458739 -15.4994951666887,-44.3752078090488 -15.4994961838422,-44.3752088090073 -15.4994972649161,-44.3752097302563 -15.499498405267,-44.3752105688958 -15.4994995999453,-44.3752113212855 -15.499500843892,-44.375211984213 -15.4995021317396,-44.375212554834 -15.4995034579817,-44.375213030592 -15.4995048169322,-44.3752134094719 -15.4995062027656,-44.3752136897846 -15.4995076165671,-44.3752138709632 -15.4995534405914,-44.3752179937629 -15.4995548475877,-44.3752180683735 -15.4995562775407,-44.3752180427375 -15.4995577102845,-44.3752179156803 -15.4995591397474,-44.3752176876558 -15.4995605598119,-44.3752173596248 -15.4995619643837,-44.3752169329452 -15.499563347492,-44.3752164093666 -15.4995647032204,-44.3752157911078 -15.4995660257771,-44.3752150807093 -15.4995673095219,-44.3752142812492 -15.4995685489396,-44.3752133960932 -15.4995697387715,-44.3752124289597 -15.4995708739458,-44.3752113839971 -15.4995712873287,-44.3752109700936 -15.4997824535741,-44.3749978322448;-15.4997305725817,-44.3764190618254 -15.4999950573864,-44.3761253375035;-15.4988229774856,-44.3755887733082 -15.4997305725817,-44.3764190618254;-15.4990629663356,-44.3753295221086 -15.4988229774856,-44.3755887733082;-15.4990629663356,-44.3753295221086 -15.4994691559915,-44.3756744400842 -15.4999950573864,-44.3761253375035;-15.4995436564654,-44.3766094255767 -15.4996793806896,-44.3764896431468;-15.4986290228949,-44.3758038335388 -15.4990393568658,-44.3761938385203 -15.4995436564654,-44.3766094255767;-15.4987725037618,-44.3756597538823 -15.4986290228949,-44.3758038335388;-15.4987725037618,-44.3756597538823 -15.4996793806896,-44.3764896431468;-15.4985654965027,-44.3740662328375 -15.4987873555748,-44.3743092954711 -15.4987874243642,-44.3743093739495 -15.4987877806526,-44.3743097913171 -15.4990045791561,-44.3745432402499 -15.4995523842048,-44.3751319875265 -15.4997398354993,-44.3749517628701;-15.4985654965027,-44.3740662328375 -15.4987836728345,-44.3738797974029;-15.4997398354993,-44.3749517628701 -15.4987836728345,-44.3738797974029;-15.499580808403,-44.374177106858 -15.5001012325028,-44.3736384458141 -15.5004678718212,-44.3733200441466;-15.4999705770499,-44.3746529437315 -15.5005873713312,-44.3740338058374;-15.499580808403,-44.374177106858 -15.4999705770499,-44.3746529437315;-15.4991581965951,-44.373688232627 -15.4995235635615,-44.3741034949865;-15.4991581965951,-44.373688232627 -15.4996501960913,-44.3731944390483;-15.4996501960913,-44.3731944390483 -15.5000314685139,-44.373611540041;-15.4995235635615,-44.3741034949865 -15.5000314685139,-44.373611540041;-15.4997022830344,-44.3731408736549 -15.500092625912,-44.3735521055942;-15.4997022830344,-44.3731408736549 -15.4999747817267,-44.3728698931166;-15.4999747817267,-44.3728698931166 -15.5003417080675,-44.3733053301579;-15.500092625912,-44.3735521055942 -15.5003417080675,-44.3733053301579;-15.4986929774449,-44.3731928639202 -15.499057568261,-44.3735757910147;-15.4986929774449,-44.3731928639202 -15.499476926145,-44.3724075321056;-15.499476926145,-44.3724075321056 -15.4998593434391,-44.3728014003963;-15.499057568261,-44.3735757910147 -15.4998593434391,-44.3728014003963;-15.499608598847,-44.37232943007 -15.4999537241201,-44.3727260534795;-15.499608598847,-44.37232943007 -15.5003150192505,-44.3716782547603;-15.5003150192505,-44.3716782547603 -15.5006207752694,-44.3720269629573;-15.4999537241201,-44.3727260534795 -15.5006207752694,-44.3720269629573;-15.4968826716865,-44.3671390292783 -15.4990541015595,-44.3696160966815;-15.4946945679271,-44.3687144056864 -15.4947949706729,-44.3688811472466 -15.4949163183426,-44.3690101553079 -15.494916568256,-44.369010723823 -15.4949170636016,-44.3690119848912 -15.4949593014678,-44.3690739932491 -15.4950596553984,-44.3693006622833 -15.4954280172761,-44.3701839306516;-15.4956067474469,-44.3681032092214 -15.4957349508062,-44.3680967705821 -15.4958828056191,-44.3682479479751 -15.4959326443201,-44.3683210447366 -15.4960459638449,-44.3684706390179 -15.4963463055383,-44.3687895285259;-15.496382853919,-44.3687413511149 -15.496080499133,-44.3684240447186 -15.4959243378699,-44.3682030931443 -15.4957615314467,-44.3680519157513 -15.4956553216426,-44.3680665753895;-15.5008857805533,-44.371771544135 -15.4999056194339,-44.3705455120908;-15.5007096838098,-44.3719642537789 -15.5008857805533,-44.371771544135;-15.4907051457793,-44.3907448166315 -15.4911272911928,-44.3909998370279;-15.4892058681414,-44.3989180377521 -15.4900386761326,-44.3976509573208;-15.4903562944147,-44.3981355428745 -15.4893763884631,-44.3990610455876;-15.4903614756755,-44.3982883900686 -15.4903562944147,-44.3981355428745;-15.489477423049,-44.3991491270214 -15.4897882986979,-44.398866748307 -15.4903614756755,-44.3982883900686;-15.490867318944,-44.391569300049 -15.4910356819242,-44.3916658611699;-15.4880952437045,-44.3870738982103 -15.4881160700056,-44.3868834917413;-15.489349714072,-44.3990349500859 -15.4903541895274,-44.3980813015504;-15.4852292906804,-44.395058605255 -15.4852466566123,-44.394953614497 -15.4852837060209,-44.3947926379906;-15.4865148388016,-44.3883324270983 -15.48706046732,-44.3874961920863;-15.490351598897,-44.3979789716494 -15.4903541895274,-44.3980813015504;-15.4881214749983,-44.3956833832692 -15.488046998149,-44.3956112707642;-15.4900386761326,-44.3976509573208 -15.490351598897,-44.3979789716494;-15.488046998149,-44.3956112707642 -15.4881202928261,-44.395582307545 -15.4881214749983,-44.3956833832692;-15.4867211920126,-44.384272170445 -15.4867876891996,-44.384166661575;-15.4908202763466,-44.3915197815254 -15.4910406337765,-44.3910320240682;-15.4831450087381,-44.3972256435217 -15.4831945382785,-44.3972256945418 -15.48321880085,-44.397221346214 -15.4832368201884,-44.3972164605735 -15.4832465638149,-44.3972131773573 -15.4832710350174,-44.3972028451674 -15.4832939997394,-44.397190144077 -15.4833155380419,-44.3971750731993 -15.4833354142574,-44.397157797574 -15.4833534108595,-44.3971385064012 -15.4833693308809,-44.397117410865 -15.4833830001446,-44.3970947420909 -15.483394269091,-44.3970707483504 -15.4834030143635,-44.3970456923471 -15.4834091403677,-44.3970198486095 -15.4834125799967,-44.3969935001854 -15.4834132955984,-44.3969669357398 -15.4834112792985,-44.3969404462218 -15.4834065530538,-44.3969143218281 -15.4833991412939,-44.396888755199 -15.4833908645877,-44.3968678575707 -15.4833903062319,-44.3968666173413 -15.4833788472521,-44.3968444637886 -15.4833656210504,-44.3968239820784 -15.4833505106126,-44.3968048992678 -15.4833336566835,-44.396787393619 -15.4833152163745,-44.3967716287202 -15.4832953616052,-44.3967577519544 -15.4832742774373,-44.3967458929934 -15.4832521605421,-44.3967361626969 -15.4832292172663,-44.3967286520368 -15.4832056617502,-44.3967234312646 -15.4831817139661,-44.3967205491315 -15.4831575975142,-44.3967200326201 -15.4831335377417,-44.396721886541 -15.4831094870799,-44.3967261417199 -15.483098205771,-44.3967289975423 -15.4830978723861,-44.3967290872243 -15.4830974749312,-44.3967291932732 -15.4830972168233,-44.396729262154 -15.4830958413856,-44.3967296684777 -15.4830882008653,-44.3967320224356 -15.4830807626335,-44.3967345757795 -15.4830733796836,-44.3967373753524 -15.4830675285842,-44.3967397924129 -15.4830499777853,-44.3967481376236 -15.4830304513484,-44.3967595180208 -15.4830120654345,-44.3967725852567 -15.4829949017974,-44.396787272735 -15.4829790989242,-44.396803462125 -15.4829647841758,-44.3968210229483 -15.4829520729804,-44.3968398137347 -15.4829410678395,-44.3968596830434 -15.4829318573331,-44.3968804709141 -15.482924515744,-44.3969020099152 -15.4829191020627,-44.3969241266491 -15.4829156598269,-44.396946642988 -15.482914216691,-44.3969693777404 -15.4829147945043,-44.3969925652834 -15.4829151106892,-44.3969966377389 -15.4829151744637,-44.3969973220043;-15.4910406337765,-44.3910320240682 -15.4907311430042,-44.3908364259001;-15.4908202763466,-44.3915197815254 -15.4905305929838,-44.3913464666929;-15.489477423049,-44.3991491270214 -15.4893763884631,-44.3990610455876;-15.4851104823731,-44.3949672824515 -15.4851168034493,-44.3949521349809 -15.4852004940566,-44.3948853014274 -15.4852837060209,-44.3947926379906;-15.4852292906804,-44.395058605255 -15.4852207199319,-44.3950556498244 -15.4851187410136,-44.3949830324456 -15.4851104823731,-44.3949672824515;-15.4854980156994,-44.3861823782158 -15.4855202969924,-44.3861211281598 -15.4855540715202,-44.386076458623 -15.4855800154604,-44.3860494396076;-15.4905305929838,-44.3913464666929 -15.4907311430042,-44.3908364259001;-15.4911272911928,-44.3909998370279 -15.490867318944,-44.391569300049;-15.4886018802489,-44.3843153646853 -15.4881319136512,-44.3839950299873 -15.4879906824457,-44.3839265151609 -15.4878641701771,-44.3839048378368 -15.487561323864,-44.3839703407762 -15.4871718951686,-44.3841512933362 -15.4870254225529,-44.3841567762684 -15.4869217690028,-44.3841282198772 -15.4867876891996,-44.384166661575;-15.4834394881855,-44.3968371450225 -15.4833858596696,-44.3966531897258 -15.4833486819958,-44.3964395309085 -15.4833381724344,-44.3962070896644 -15.483367551654,-44.3958260052304 -15.4834023674251,-44.3956046770932;-15.4892058681414,-44.3989180377521 -15.489349714072,-44.3990349500859;-15.4904753873796,-44.3913072627444 -15.4907051457793,-44.3907448166315;-15.4932681178542,-44.3794763630018 -15.4935662683361,-44.3800278341768;-15.4935662683361,-44.3800278341768 -15.493003923659,-44.3808283414173;-15.493003923659,-44.3808283414173 -15.4924839717369,-44.3806514217432;-15.4932681178542,-44.3794763630018 -15.4932348736274,-44.3795928510459 -15.4931544990835,-44.3798014895668 -15.4929852733765,-44.3800730929437 -15.4928688149933,-44.3802501096862 -15.492604869732,-44.3805516998493 -15.4924839717369,-44.3806514217432;-15.4910845601942,-44.3809771559841 -15.4912642523001,-44.381236848902;-15.4905998060803,-44.3817947844399 -15.4912642523001,-44.381236848902;-15.4903988490095,-44.3815005355413 -15.4905998060803,-44.3817947844399;-15.4903988490095,-44.3815005355413 -15.4910845601942,-44.3809771559841;-15.4913324300504,-44.3813064912814 -15.491639668247,-44.3816985642291 -15.4917948085707,-44.3819249832037;-15.4909738762278,-44.3823404543073 -15.4917948085707,-44.3819249832037;-15.4909738762278,-44.3823404543073 -15.4908321783666,-44.3821380119335;-15.4908321783666,-44.3821380119335 -15.4912919977349,-44.3818137617358;-15.4912919977349,-44.3818137617358 -15.4910896041478,-44.3814999657096;-15.4910896041478,-44.3814999657096 -15.4913324300504,-44.3813064912814;-15.4910321877048,-44.3815624783002 -15.4911916055664,-44.3818151222852;-15.4911916055664,-44.3818151222852 -15.4908039672331,-44.3821081242188;-15.4906310454187,-44.3818647736203 -15.4908039672331,-44.3821081242188;-15.4906310454187,-44.3818647736203 -15.4910321877048,-44.3815624783002;-15.4903364216672,-44.3815317264115 -15.4905453638645,-44.3818386036089;-15.4895861467251,-44.3824258218028 -15.4896199037356,-44.38242557029 -15.4905453638645,-44.3818386036089;-15.4895214735844,-44.3821269658826 -15.4895861467251,-44.3824258218028;-15.4895214735844,-44.3821269658826 -15.4903364216672,-44.3815317264115;-15.4918597591885,-44.381981902655 -15.4919399722,-44.3820516667 -15.4922826025076,-44.3832367436448;-15.4922826025076,-44.3832367436448 -15.4913096035249,-44.3838689123239 -15.4906897815801,-44.3841916418485 -15.4903738697888,-44.3842658993765 -15.4901657547019,-44.3842934320094 -15.4891664846494,-44.3840394656642 -15.4889123303319,-44.383872035174;-15.4889123303319,-44.383872035174 -15.4895758525844,-44.3825136821263;-15.4895758525844,-44.3825136821263 -15.4896246189561,-44.3824902423646 -15.4905864510858,-44.3819059206187;-15.4905864510858,-44.3819059206187 -15.4907444556253,-44.3821382417491;-15.490374887418,-44.3824371916646 -15.4903741645853,-44.3824373550581 -15.4903727076666,-44.3824375913307 -15.4903712456491,-44.3824377361146 -15.4903697847552,-44.3824377888581 -15.490368331304,-44.3824377493269 -15.4903668915046,-44.3824376177489 -15.4903654715594,-44.3824373947083 -15.4903640775275,-44.3824370811545 -15.4903627153922,-44.382436678463 -15.4903613909934,-44.3824361883405 -15.4903601100277,-44.3824356128586 -15.4903588779104,-44.3824349545609 -15.4903576999836,-44.3824342161869 -15.4903565812406,-44.3824334009204 -15.4903555264641,-44.3824325122162 -15.4903545401927,-44.382431553836 -15.4903536266178,-44.3824305298886 -15.4903527896194,-44.3824294447296 -15.4903520327669,-44.3824283029292 -15.4903513593178,-44.3824271093717 -15.4903507721181,-44.3824258691313 -15.4903502736701,-44.382424587502 -15.4903498660321,-44.3824232698737 -15.4903495510218,-44.3824219218501 -15.4903493299103,-44.3824205492384 -15.4903492036643,-44.3824191578034 -15.4903491727728,-44.3824177534776 -15.4903492373521,-44.3824163422558 -15.4903493971113,-44.382414930166 -15.490349651388,-44.3824135232344 -15.4903499990467,-44.3824121273948 -15.490350438648,-44.3824107486741 -15.4903509682122,-44.3824093929797 -15.4903515855269,-44.382408066045 -15.4903522879405,-44.3824067735759 -15.4903530724667,-44.3824055211444 -15.4903539357167,-44.3824043140622 -15.4903548739996,-44.3824031575708 -15.4903558833243,-44.3824020566433 -15.4903569594,-44.3824010159513 -15.4903580975988,-44.3824000400644 -15.4903592930621,-44.3823991331458 -15.4903605407309,-44.3823982991467 -15.4903613967973,-44.3823977866028 -15.4907444556253,-44.3821382417491;-15.490374887418,-44.3824371916646 -15.4903756101414,-44.3824370283079 -15.4903770381001,-44.3824366124472 -15.4903784423574,-44.3824361091933 -15.4903798168721,-44.3824355206855 -15.4903811557355,-44.3824348493816 -15.4903815951847,-44.3824346065067 -15.490784223386,-44.3821808564089;-15.490784223386,-44.3821808564089 -15.4909651554475,-44.3824246450269;-15.4909651554475,-44.3824246450269 -15.4918597591885,-44.381981902655;-15.4925184427931,-44.3837868428621 -15.4928112405545,-44.3844918259195 -15.4931135421884,-44.385208290684 -15.493177315684,-44.385409858873 -15.4934547956883,-44.3863047022725 -15.4935641671652,-44.3866327246173 -15.4937263723771,-44.3870804343377 -15.4937359239036,-44.3873469784185 -15.4936481690434,-44.3875505688895 -15.4936345429135,-44.3876623965309 -15.4936654096097,-44.387822258469 -15.4937447959979,-44.3879554257584 -15.4940081321646,-44.388254155902 -15.4944469998374,-44.3888153328011 -15.4949026982304,-44.3893766924917 -15.49507011724,-44.389591289723 -15.4952826652736,-44.3898088741177 -15.4955154365973,-44.3901407974897 -15.4956700275017,-44.39034066378 -15.4957364757206,-44.3904281483485 -15.4957825324061,-44.3905442485861 -15.4957958171578,-44.3906616444579 -15.4958009124762,-44.3908985769772 -15.495819077654,-44.3910237537003 -15.4958494451228,-44.391140659998 -15.4958907024779,-44.3912363628402 -15.495939091902,-44.3913301554208 -15.4960940503831,-44.3915736252462 -15.4962283375168,-44.3918212846838 -15.4962532272668,-44.3919102336227 -15.4962384728027,-44.3921070517541 -15.4961634566802,-44.3922419008077 -15.4959320430942,-44.3924149942734 -15.4958782304035,-44.3925858880422 -15.4959055601343,-44.3926727194525;-15.4959055601343,-44.3926727194525 -15.4956142216982,-44.3929186608916 -15.4952210935338,-44.3933182656319 -15.4948056211822,-44.3937411860459 -15.4937058985743,-44.3948590430667 -15.4921683594275,-44.3963978775287 -15.4909170849407,-44.3977255756125 -15.4904741317656,-44.3981789574256;-15.4904741317656,-44.3981789574256 -15.4904014217191,-44.3981184806282 -15.4903961253572,-44.3979801050501 -15.4904971599431,-44.3977547202047 -15.4905748788553,-44.3974529117622 -15.4905127037255,-44.3971472173741 -15.4904298035525,-44.3969645779304 -15.4898307202708,-44.3963926962679 -15.4886652604163,-44.3952884400568 -15.4879563327923,-44.394611206774 -15.4876399423197,-44.3943338158846;-15.4876399423197,-44.3943338158846 -15.4884328068924,-44.3926112424043;-15.4884328068924,-44.3926112424043 -15.4888031285648,-44.3921851687619;-15.4888031285648,-44.3921851687619 -15.4891443279418,-44.3923895022904 -15.4895829024933,-44.3926557843174;-15.4895829024933,-44.3926557843174 -15.4899247673395,-44.3917647368731;-15.4899247673395,-44.3917647368731 -15.4905974018335,-44.3922111226881;-15.4902780088021,-44.3919209443559 -15.4906406970591,-44.3921592823534;-15.4904904404955,-44.3914183620569 -15.4902780088021,-44.3919209443559;-15.4909806610436,-44.3917372918579 -15.4904904404955,-44.3914183620569;-15.4904753873796,-44.3913072627444 -15.4891067200291,-44.3903717473723;-15.4891067200291,-44.3903717473723 -15.4892267649762,-44.3901162046596 -15.4892825885025,-44.38994110258 -15.4893176944929,-44.3894729605353 -15.4891175589222,-44.388853154032 -15.4887940891819,-44.3883815075414 -15.4885510298067,-44.3881412145915 -15.4881291179892,-44.387914560829;-15.4881291179892,-44.387914560829 -15.4882134773239,-44.3868451308037 -15.488516156452,-44.3849109287414 -15.4885717864595,-44.3847741370568;-15.4885717864595,-44.3847741370568 -15.4888381245582,-44.3846835774326 -15.489305046677,-44.3848124032065 -15.4896524497166,-44.3848701338429 -15.4902236706398,-44.3848369249471 -15.4905338876778,-44.3848011858662 -15.4907134989944,-44.3847489080995 -15.490856768105,-44.3847030619841 -15.4911817164285,-44.3845405031915 -15.491770318605,-44.3841839899804 -15.4922500096306,-44.3838918433248 -15.4925184427931,-44.3837868428621;-15.4881724247496,-44.3957491763847 -15.4881463715632,-44.3956117519143 -15.4881691683224,-44.3954955949175 -15.4882020233165,-44.3953060887265 -15.4882253389901,-44.3951746142333 -15.4882997863897,-44.3950211321126;-15.4882997863897,-44.3950211321126 -15.4886150669521,-44.3952986406641 -15.4903802577459,-44.3970058661026 -15.4904566813429,-44.3971755523943 -15.4904994267447,-44.3974657029999 -15.4904333656693,-44.3977390145079 -15.4903621233331,-44.39791129143;-15.4881724247496,-44.3957491763847 -15.4887727909527,-44.3963595062975 -15.4898290622686,-44.3973331818725 -15.4900667600623,-44.3975799305458 -15.4903621233331,-44.39791129143;-15.4891155069673,-44.3911863995891 -15.4888498338849,-44.3909966947541;-15.4887745105448,-44.3920862934006 -15.4891155069673,-44.3911863995891;-15.4883113956711,-44.3918395001221 -15.4887745105448,-44.3920862934006;-15.4883113956711,-44.3918395001221 -15.4888498338849,-44.3909966947541;-15.4876491845346,-44.3901461791847 -15.4887944238531,-44.3909620688811;-15.4887944238531,-44.3909620688811 -15.4876597842504,-44.3926518149833 -15.4870797604077,-44.3929366042331 -15.4868140816562,-44.3930858352078 -15.4866450823977,-44.3931088635833 -15.4863835438873,-44.3931291563893;-15.4863835438873,-44.3931291563893 -15.4861444267592,-44.392939557729;-15.4861444267592,-44.392939557729 -15.4863457899539,-44.392529135861 -15.4864228847193,-44.3921719318586 -15.4865740844606,-44.3918352317129 -15.4869948501714,-44.3911988408498 -15.4871870748953,-44.3908450912845 -15.4876491845346,-44.3901461791847;-15.4860944665628,-44.393033876767 -15.4860962336497,-44.3930307810901 -15.4869996500789,-44.3938639918669 -15.4878987678328,-44.3946739699847 -15.4882530858359,-44.3949809921611;-15.4882530858359,-44.3949809921611 -15.4881854084089,-44.39514300757 -15.4881641732019,-44.3953036668545 -15.4881449382349,-44.3954824155853 -15.4880769820013,-44.3955641342738 -15.4880046061586,-44.3955982696184;-15.4880046061586,-44.3955982696184 -15.4878904967701,-44.3954906776401 -15.4875446087186,-44.39517265941 -15.4869919446336,-44.394651696524 -15.4863594903491,-44.3940339599362 -15.4858265894391,-44.3935232730807;-15.4858265894391,-44.3935232730807 -15.4860944665628,-44.393033876767;-15.4878342766028,-44.3955230340303 -15.4874985607436,-44.395225043331 -15.4874980552703,-44.3952245890536 -15.4874978995959,-44.3952244435908 -15.4869427630434,-44.3946995604036 -15.4857972394603,-44.3936447596029;-15.4873299130148,-44.3960976727865 -15.4878342766028,-44.3955230340303;-15.4855141302843,-44.394391324725 -15.4864566239696,-44.3952991339617 -15.4873299130148,-44.3960976727865;-15.4855141302843,-44.394391324725 -15.4857972394603,-44.3936447596029;-15.4878717509984,-44.3955515902276 -15.4887305615252,-44.3964062387962 -15.4887308729866,-44.3964065650997 -15.4897749249883,-44.3973935513633 -15.4899713425888,-44.3976173063761;-15.4899713425888,-44.3976173063761 -15.4891743068175,-44.3988467777317;-15.4891743068175,-44.3988467777317 -15.488889454572,-44.3985612000204 -15.4883124627126,-44.3980196230022 -15.4876040238703,-44.397315048784 -15.4869537391119,-44.3966407507343;-15.4869537391119,-44.3966407507343 -15.4878717509984,-44.3955515902276;-15.4902216625907,-44.3918762559814 -15.4892119729664,-44.3911486137679;-15.4892119729664,-44.3911486137679 -15.4893948151234,-44.390651325825;-15.4893948151234,-44.390651325825 -15.4904363610857,-44.3913723783671;-15.4902216625907,-44.3918762559814 -15.4904363610857,-44.3913723783671;-15.4894372598891,-44.3991843541831 -15.4891517462703,-44.3989325282294 -15.4888441509718,-44.3986319480773 -15.4882807943866,-44.398054800171 -15.4882807477803,-44.3980547548975 -15.4875559389209,-44.3973592100681 -15.4868989036906,-44.3966798744807;-15.4894372598891,-44.3991843541831 -15.4891914514591,-44.3994008819245 -15.4890104508447,-44.3995303313324;-15.4890104508447,-44.3995303313324 -15.4880008443693,-44.3985915128237 -15.4870606172089,-44.3976861241933 -15.4870603976482,-44.3976859101878 -15.4870601598438,-44.3976856844977 -15.4864824657879,-44.3971306069185;-15.4864824657879,-44.3971306069185 -15.4868989036906,-44.3966798744807;-15.4868603204389,-44.3966332936231 -15.4861329727117,-44.3959810004335 -15.4854798880569,-44.3953610030074 -15.4850723869563,-44.394988563803;-15.4864430336805,-44.3970940422654 -15.4868603204389,-44.3966332936231;-15.4864430336805,-44.3970940422654 -15.4860359790694,-44.3967118148001 -15.4846920629111,-44.3954121064897 -15.484428444797,-44.3952255157464;-15.4850723869563,-44.394988563803 -15.4847315106021,-44.3951550485191 -15.484428444797,-44.3952255157464;-15.4854843582098,-44.3944594433215 -15.4864063643524,-44.3953485655325 -15.4872886075767,-44.3961525139809;-15.4868930963769,-44.3965940000436 -15.4872886075767,-44.3961525139809;-15.4868930963769,-44.3965940000436 -15.486166435519,-44.3959484524187 -15.4855093984809,-44.3953259510553 -15.4852557947706,-44.3950984480299;-15.4852557947706,-44.3950984480299 -15.4852553364536,-44.3950971547617 -15.4853133578774,-44.3948017861301 -15.4854843582098,-44.3944594433215;-15.4889424288416,-44.399554510465 -15.4879584272717,-44.3986314253195 -15.4870286716218,-44.3977205421834 -15.4863715629444,-44.3971033598199 -15.4860054300685,-44.3967470555918 -15.4860050935493,-44.3967467466249 -15.4852445846233,-44.3960355731778 -15.4852445091082,-44.3960355023372 -15.4849781541522,-44.395782968786 -15.4846570694327,-44.3954592597494 -15.4843853671662,-44.3952750750883;-15.4889424288416,-44.399554510465 -15.4886788245334,-44.3997028673288 -15.4882079952501,-44.3998689547847 -15.4877862054519,-44.3999206609487 -15.4875793859178,-44.3999229072246 -15.4873193985296,-44.399889707815 -15.4869714182849,-44.3998350071225 -15.4867285346439,-44.3997551294802 -15.4865206738231,-44.3996664688301 -15.4863631594806,-44.399586731459 -15.4861739197547,-44.399468477044 -15.485616035463,-44.3990366745207 -15.4851453205589,-44.3986420515197 -15.4846000108851,-44.3981852197117 -15.4843470760713,-44.3979633457691 -15.4837104288275,-44.3973729933898 -15.483637487486,-44.3972847088479 -15.4835697163503,-44.397168367608 -15.4835105614421,-44.3970275906304 -15.4834394881855,-44.3968371450225;-15.4843853671662,-44.3952750750883 -15.4842810550547,-44.3952598848908 -15.4838565631482,-44.3953929700682 -15.4834023674251,-44.3956046770932;-15.4924735712657,-44.3837301330982 -15.492225697784,-44.3838535581705 -15.4920339473772,-44.3839589477071 -15.4911583373574,-44.3844658450238 -15.4908163703498,-44.384628718324 -15.49051878621,-44.3847039715172 -15.490211170512,-44.3847596838909 -15.4896520305778,-44.3847883611697 -15.4893371007517,-44.3847358159803 -15.4888286452746,-44.3845736083914 -15.4885573539582,-44.3846558589181;-15.4885573539582,-44.3846558589181 -15.4888782495018,-44.3839616148087;-15.4888782495018,-44.3839616148087 -15.4891230733836,-44.3841178036544 -15.4901733673278,-44.3844032948461 -15.4904043453213,-44.3843671855082 -15.4907248851657,-44.384281271293 -15.4913548680352,-44.3839559083202 -15.4922941442875,-44.3833316193023;-15.4922941442875,-44.3833316193023 -15.4923177129596,-44.3834247228914 -15.4924735712657,-44.3837301330982;-15.483862068718,-44.3952924120209 -15.4839105329283,-44.3953144405316 -15.4842210007814,-44.3952085400227 -15.4849302777213,-44.3949893422757 -15.4850212722174,-44.3949544385063 -15.4852663700234,-44.3947516549671 -15.4854522590259,-44.3943751690475 -15.4857509778786,-44.3935038666923 -15.4860811839693,-44.3929200261403 -15.4862840224535,-44.3925118591644 -15.4863640399857,-44.3921545332411 -15.4865046299079,-44.3918007968482 -15.4869389693828,-44.3911611293923 -15.4870723191045,-44.3908879186164;-15.4865111640049,-44.3909858477329 -15.4862905676206,-44.3913420486258 -15.4860376175782,-44.3917383840121 -15.483862068718,-44.3952924120209;-15.4865111640049,-44.3909858477329 -15.4870723191045,-44.3908879186164;-15.487984804886,-44.3923432125692 -15.488355702183,-44.3925625880714;-15.488355702183,-44.3925625880714 -15.4875775819081,-44.3942851277682;-15.4864524993222,-44.3932288029032 -15.4875775819081,-44.3942851277682;-15.4864524993222,-44.3932288029032 -15.4866731812287,-44.3932183728579 -15.4868532763607,-44.3931576465467 -15.4871070953328,-44.3930399156658 -15.4877095971635,-44.3927327107888 -15.487984804886,-44.3923432125692;-15.4887513953955,-44.3921338447764 -15.4882771194372,-44.3918828435624;-15.4884000327668,-44.3925214298603 -15.4887513953955,-44.3921338447764;-15.488014866857,-44.3922894413798 -15.4884000327668,-44.3925214298603;-15.488014866857,-44.3922894413798 -15.4882771194372,-44.3918828435624;-15.4868639911229,-44.3886616197303 -15.487213521749,-44.3889054673155 -15.4877598775422,-44.3892655522095 -15.4879284742539,-44.38930441752;-15.4879284742539,-44.38930441752 -15.4878111001608,-44.3897426176637 -15.4871012286641,-44.3907854696567;-15.4871012286641,-44.3907854696568 -15.4865774792583,-44.3908665399198;-15.4873084986976,-44.3895822527556 -15.4865675880021,-44.3891056237871;-15.4865675880021,-44.3891056237871 -15.4866754824234,-44.3889277084084 -15.4868639911229,-44.3886616197303;-15.4895616946007,-44.3915034694167 -15.4898610719165,-44.391725926055;-15.4898610719165,-44.391725926055 -15.4895510175435,-44.3925753418773;-15.4895510175435,-44.3925753418773 -15.4891888927951,-44.3923485270784;-15.4891888927951,-44.3923485270784 -15.4895616946007,-44.3915034694167;-15.4930599410736,-44.3808623527186 -15.4935968443411,-44.3801379913377;-15.4935968443411,-44.3801379913377 -15.4939531759394,-44.381001413172;-15.4939531759394,-44.381001413172 -15.493539207699,-44.381004837391 -15.4930599410736,-44.3808623527186;-15.4855769783261,-44.38600034424 -15.4860511490474,-44.3859201780735 -15.4862945498306,-44.3855597988976 -15.4864842229761,-44.3849135501203 -15.4866727611795,-44.3844829575759 -15.486658716959,-44.3843569968934;-15.486658716959,-44.3843569968934 -15.4855769783261,-44.38600034424;-15.4914366318799,-44.3812511847425 -15.4917593636519,-44.3810121235391 -15.4922904428854,-44.3807660136504 -15.492401839993,-44.3807038385206;-15.492401839993,-44.3807038385206 -15.492971131025,-44.3809266327357 -15.4935300595354,-44.3810924330817 -15.4939951586507,-44.3810981000857;-15.4942484414166,-44.3817303794591 -15.4939951586507,-44.3810981000857;-15.4942484414166,-44.3817303794591 -15.4940100547755,-44.3818675173167 -15.4933311398254,-44.3822131211675 -15.4932743166881,-44.3822522179634 -15.4931009244633,-44.3823868662939 -15.4929952275602,-44.3824915593676 -15.4926716703413,-44.3828726819148 -15.4924560308175,-44.3831288927895 -15.4923526989724,-44.3831887388245;-15.4923526989724,-44.3831887388245 -15.4920046655966,-44.3819988081179 -15.4919174653432,-44.3818899910449 -15.4917242356875,-44.3816082971264 -15.4914366318799,-44.3812511847425;-15.4885547496558,-44.3882165621636 -15.4887391743401,-44.3884214884187 -15.4890602505962,-44.388886182748 -15.4892399755807,-44.3894936855785 -15.4892127739614,-44.3899392740086 -15.4891687332445,-44.3901050743547 -15.4890301345177,-44.3903997585635;-15.4893381198385,-44.3906248214822 -15.4890301345177,-44.3903997585635;-15.4893381198385,-44.3906248214822 -15.4891478842828,-44.3911232704438;-15.4891478842828,-44.3911232704438 -15.4876959854407,-44.3900841745008;-15.4876959854407,-44.3900841745008 -15.4878904663258,-44.3897672526063 -15.4879939434121,-44.3893788105118;-15.4879939434121,-44.3893788105118 -15.4884753239322,-44.3893854063037;-15.4884753239322,-44.3893854063037 -15.4884616912447,-44.3898247983081;-15.4884931512928,-44.389832138986 -15.4885547496558,-44.3882165621636;-15.4891800853619,-44.3912220525125 -15.4895095063853,-44.3914657422939;-15.4895095063853,-44.3914657422939 -15.4891557125302,-44.3923155461596;-15.4891557125302,-44.3923155461596 -15.4888261729713,-44.3921183433093;-15.4888261729713,-44.3921183433093 -15.4891800853619,-44.3912220525125;-15.4881270934873,-44.3867794794086 -15.4883493452073,-44.3853136780127 -15.4884494183844,-44.384719772381 -15.4885515504178,-44.3843999566743 -15.4886018802489,-44.3843153646853;-15.4856665535321,-44.3864730558019 -15.4861234096471,-44.3863341734177 -15.4865021731355,-44.3863189800117 -15.4874504225531,-44.3866717320364 -15.4881270934873,-44.3867794794086;-15.4854980156994,-44.3861823782158 -15.4855147128038,-44.386250752931 -15.4855762436683,-44.3863602949796 -15.4856665535321,-44.3864730558019;-15.4867211920126,-44.384272170445 -15.4867277177346,-44.3844963286225 -15.4865566484673,-44.3849386171648 -15.4863613265509,-44.385590023314 -15.4860560936129,-44.3859903885527 -15.4855800154604,-44.3860494396076;-15.4867319636334,-44.3878604301119 -15.4862941059301,-44.3885432781526;-15.4862941059301,-44.3885432781526 -15.4860777072367,-44.3880289998102 -15.4858410018456,-44.3876753031503 -15.4855550711783,-44.3873393520414 -15.4852623054617,-44.3870108901618 -15.485112120313,-44.3868221950806;-15.485112120313,-44.3868221950806 -15.4856411285755,-44.3866022693964;-15.4856411285755,-44.3866022693964 -15.4858108714505,-44.3870873137589;-15.4858691606346,-44.3870639980852 -15.4857158756717,-44.3865845674378;-15.4857158756717,-44.3865845674378 -15.4861149790276,-44.3864687311978;-15.4861149790276,-44.3864687311978 -15.4865146267262,-44.387554386336 -15.4867023486614,-44.3878341604363 -15.4867319636334,-44.3878604301119;-15.4866880022503,-44.3864985247869 -15.4870070906171,-44.3874368846387;-15.4867697956996,-44.3878093647696 -15.4870070906171,-44.3874368846387;-15.4867697956996,-44.3878093647696 -15.4867353298391,-44.3877877788197 -15.4865724993639,-44.3875278917619 -15.4862052004335,-44.3864441798677;-15.4862052004335,-44.3864441798677 -15.4864555313539,-44.3864253830411 -15.4866880022503,-44.3864985247869;-15.4870486058305,-44.3873419927224 -15.4873773874229,-44.3867585964104;-15.4870486058305,-44.3873419927224 -15.486782382177,-44.3865282771858;-15.486782382177,-44.3865282771858 -15.4873773874229,-44.3867585964104;-15.4874098435909,-44.3876626399155 -15.4878946416119,-44.3868497212491;-15.4870960517886,-44.3874368846387 -15.4874098435909,-44.3876626399155;-15.4870960517886,-44.3874368846387 -15.4874815501983,-44.3867904334593;-15.4878946416119,-44.3868497212491 -15.4874815501983,-44.3867904334593;-15.4880952437045,-44.3870738982103 -15.488074467447,-44.3870950464796 -15.4876991466082,-44.387857967517;-15.4874696887088,-44.3876978374084 -15.4876991466082,-44.387857967517;-15.4874696887088,-44.3876978374084 -15.487984709922,-44.3868594608982;-15.487984709922,-44.3868594608982 -15.4881160700056,-44.3868834917413;-15.4880811565657,-44.3872113294866 -15.4879427684125,-44.3892399273236;-15.4879427684125,-44.3892399273236 -15.4877732018888,-44.3892038558935 -15.4872674975555,-44.3888786014479;-15.4872674975555,-44.3888786014479 -15.4880811565657,-44.3872113294866;-15.4885178448398,-44.388184397494 -15.4884790036587,-44.3893329867062;-15.4884790036587,-44.3893329867062 -15.4880101351156,-44.3893302123362;-15.4880101351156,-44.3893302123362 -15.4881188053606,-44.3879700107663;-15.4881188053606,-44.3879700107663 -15.4885178448398,-44.388184397494;-15.4876630538596,-44.3879163457661 -15.4872087359391,-44.3888246789138;-15.4872087359391,-44.3888246789138 -15.4869003372113,-44.3886052413575;-15.4869003372113,-44.3886052413575 -15.4874326777179,-44.38777169715;-15.4874326777179,-44.38777169715 -15.4876630538596,-44.3879163457661;-15.4873653516629,-44.3877302325035 -15.4868367365127,-44.3885598401985;-15.4868367365127,-44.3885598401985 -15.4865148388016,-44.3883324270983;-15.48706046732,-44.3874961920863 -15.4873653516629,-44.3877302325035;-15.4420971258294,-44.3992217377054 -15.4421452243905,-44.3989790255187 -15.4421121375945,-44.3984495675815;-15.4492747013068,-44.3980715807992 -15.4499141523918,-44.398365040622;-15.4424235267156,-44.3990230129436 -15.4424021132623,-44.3993533784871;-15.4469349999829,-44.3972489740022 -15.4471776853787,-44.3984576424438;-15.4472181329446,-44.3984552631752 -15.4469944816976,-44.3972109057048;-15.4424021132623,-44.3993533784871 -15.4421009743938,-44.3993111562805;-15.4492398757782,-44.3981273286454 -15.4498817434811,-44.3984054535888;-15.4450841956921,-44.3982244712306 -15.4445056431044,-44.3984194768427 -15.4440663345214,-44.3985235296615 -15.4440388352969,-44.3985296153185 -15.4440297579324,-44.3985475099889 -15.444034297795,-44.3985671827269 -15.4440464040953,-44.3985777757396 -15.4440721299834,-44.3985762624521 -15.4446057937914,-44.3984964811898 -15.4448043487802,-44.398444350105 -15.4451003520165,-44.3983029609423 -15.4451108395656,-44.3982695549206 -15.4451030943163,-44.3982380570531 -15.4450841956921,-44.3982244712306;-15.4516230142568,-44.3983514372226 -15.4510047672139,-44.3981134166355 -15.4502540044955,-44.3976897189507 -15.4495704524442,-44.3973919681564 -15.4487820258807,-44.3970975790702 -15.448383267722,-44.3970165470008;-15.448383267722,-44.3970165470008 -15.4481310285602,-44.3967368364391 -15.4477725994056,-44.396431975963 -15.4475618303021,-44.3961968953219 -15.4474006156685,-44.3959358240232;-15.4474006156685,-44.3959358240232 -15.4478786162217,-44.3954810534521 -15.4485507158115,-44.3948703445562;-15.4502006925949,-44.3977441618208 -15.4495832284389,-44.3974778009343;-15.4500160926343,-44.3980937228875 -15.4502006925949,-44.3977441618208;-15.449427039742,-44.3978329205933 -15.4500160926343,-44.3980937228875;-15.449427039742,-44.3978329205933 -15.4495832284389,-44.3974778009343;-15.4493006812635,-44.3978515802396 -15.44905533479,-44.3976905873239;-15.4490302693558,-44.3982699724845 -15.4493006812635,-44.3978515802396;-15.4486047360519,-44.3980933255299 -15.4490302693558,-44.3982699724845;-15.448580750263,-44.3981447935471 -15.4490884868665,-44.3983620639328;-15.4490884868665,-44.3983620639328 -15.4492398757782,-44.3981273286454;-15.4492747013068,-44.3980715807992 -15.4493998430816,-44.3979067665564;-15.4493998430816,-44.3979067665564 -15.4500407523103,-44.398193931912;-15.4500407523103,-44.398193931912 -15.4502687079082,-44.3977871954143;-15.4502687079082,-44.3977871954143 -15.4509787156488,-44.3981762939335 -15.4516360045445,-44.3984072312708;-15.4461461175117,-44.4025837336984 -15.4456567717291,-44.4027806953625 -15.4455236354088,-44.402794238915 -15.4453899624451,-44.4027879112699;-15.4453899624451,-44.4027879112699 -15.445373172487,-44.4029365774627 -15.4453597132979,-44.4031297996458 -15.4453678263416,-44.403218968688 -15.4455220932509,-44.4032151228339 -15.4455330257093,-44.4028537122107;-15.4455330257093,-44.4028537122107 -15.4456656800998,-44.4028415630038 -15.4458059775912,-44.402791729005 -15.446152172423,-44.4026445865812;-15.446152172423,-44.4026445865812 -15.4461592716154,-44.4035162570294 -15.4458357778963,-44.4045842590522;-15.4459024844818,-44.4045906632513 -15.4462075163208,-44.4035197543452 -15.4462058619492,-44.4026102912358 -15.4461884000028,-44.4023587700415 -15.4461318714089,-44.4018365535067 -15.4461040598712,-44.4015959982454;-15.4461040598712,-44.4015959982454 -15.4463589491134,-44.4016077470108 -15.4471228098171,-44.4016946052145;-15.4471203774814,-44.4016423722604 -15.4463637937734,-44.4015424592892 -15.4461182605567,-44.4015228902712;-15.4461182605567,-44.4015228902712 -15.4460629324872,-44.4015030770552 -15.4460005006908,-44.4014471659874 -15.4458922855252,-44.4013413159697 -15.445582685713,-44.4011772446559 -15.4453690696684,-44.4010926493722 -15.4452126351752,-44.4010256202076 -15.444951054597,-44.4008297022933;-15.444951054597,-44.4008297022933 -15.4449054838793,-44.4003574884096 -15.4447799950055,-44.399900091229 -15.444399867896,-44.3994358730829;-15.444399867896,-44.3994358730829 -15.4446335492984,-44.3991316403398 -15.4447375471165,-44.3989426395473 -15.4446612738096,-44.3985533981689;-15.4446612738096,-44.3985533981689 -15.4448263355988,-44.3985011732284 -15.4451407832432,-44.3983449355951 -15.445169731459,-44.3982667589148 -15.4460434227222,-44.3977237489884 -15.4461067785097,-44.3976701493152 -15.4461537206913,-44.3976155246031;-15.4461537206913,-44.3976155246031 -15.4469349999829,-44.3972489740022;-15.4469944816976,-44.3972109057048 -15.4470749964255,-44.397183169456 -15.4474979282967,-44.397188007751 -15.4483891722225,-44.3971097791185 -15.4487698285486,-44.3971523232468 -15.449495714571,-44.3974422803784;-15.449495714571,-44.3974422803784 -15.4493414885903,-44.3977983984473;-15.4493414885903,-44.3977983984473 -15.449083781311,-44.3976461880807;-15.4454803746513,-44.403157887535 -15.4454952405828,-44.4028861761017;-15.4454282006628,-44.4031577511386 -15.4454803746513,-44.403157887535;-15.4454379105347,-44.4028784030555 -15.4454216319293,-44.4030349844608 -15.4454282006628,-44.4031577511386;-15.4454952405828,-44.4028861761017 -15.4454379105347,-44.4028784030555;-15.4397713632117,-44.4024931212761 -15.4403926853312,-44.4022798955466 -15.4407032050679,-44.4021203593543 -15.4408716791972,-44.4019675689786 -15.441040783264,-44.4017158391815 -15.441383644847,-44.4007261479195 -15.4415942282281,-44.400272930745;-15.4415942282281,-44.400272930745 -15.4420464226976,-44.4003364387397 -15.4427043870393,-44.4003131592688 -15.443312948629,-44.4005294219943 -15.4439474660101,-44.4006871415878 -15.4442667284736,-44.4007357504827 -15.4445153041802,-44.4007606904445 -15.4448089744173,-44.4007992493242 -15.4451883194324,-44.4010724586196 -15.4455613070891,-44.4012315499803 -15.4458598218602,-44.4013880063074 -15.4460188935126,-44.4015328262826 -15.4460546973043,-44.4015758941371 -15.4460700559233,-44.4016449454114 -15.4461456101383,-44.4023892202678 -15.4461461175117,-44.4025837336984;-15.444603652153,-44.398558002785 -15.4438899367295,-44.3986658823333;-15.4443375167013,-44.3993631792334 -15.4445893269385,-44.3990688161133 -15.4446397924814,-44.3989964051709 -15.4446697940874,-44.3989079604204 -15.444603652153,-44.398558002785;-15.4440976293635,-44.3989223311256 -15.4443375167013,-44.3993631792334;-15.4439241128477,-44.3989257365956 -15.4440976293635,-44.3989223311256;-15.4438899367295,-44.3986658823333 -15.4439241128477,-44.3989257365956;-15.4430184083559,-44.3988680235167 -15.4438518514042,-44.3989377247482 -15.4438121769181,-44.3986765144915 -15.4430184083559,-44.3988680235167;-15.4440549146904,-44.3990370916006 -15.4440979458962,-44.3990632742383 -15.4442645927313,-44.3994147181615;-15.4442645927313,-44.3994147181615 -15.4438273289745,-44.4000176855188;-15.4438273289745,-44.4000176855188 -15.443486463787,-44.3997941926235 -15.4429843732005,-44.3995717349591;-15.4429843732005,-44.3995717349591 -15.4431485641935,-44.3989875858149;-15.4431485641935,-44.3989875858149 -15.4440549146904,-44.3990370916006;-15.444878033911,-44.400709859348 -15.444845765641,-44.4003642251881 -15.4447354065966,-44.3999477814198 -15.4443583729683,-44.3995028091099;-15.4445213719985,-44.4006890993849 -15.444878033911,-44.400709859348;-15.4439151223799,-44.4000916422655 -15.4445213719985,-44.4006890993849;-15.4443583729683,-44.3995028091099 -15.4439151223799,-44.4000916422655;-15.44293868841,-44.3996678918981 -15.443445217306,-44.3998790328053 -15.4438021714739,-44.4000929872142 -15.4443492992311,-44.4006037057724 -15.4444565626138,-44.4006913578092;-15.4444565626138,-44.4006913578092 -15.4442950430677,-44.4006816833732 -15.4439489258357,-44.4006150042769 -15.443348847407,-44.4004633658616 -15.4427670979947,-44.4002496527839;-15.4427670979947,-44.4002496527839 -15.44293868841,-44.3996678918981;-15.442684220628,-44.4002276853799 -15.4429088827833,-44.3995309663007;-15.4416344246159,-44.4001831894983 -15.4420583127817,-44.4002564260764 -15.442684220628,-44.4002276853799;-15.4420320197715,-44.3994351425889 -15.4416344246159,-44.4001831894983;-15.4429088827833,-44.3995309663007 -15.4424427731257,-44.3994135859654 -15.4420320197715,-44.3994351425889;-15.4424928460654,-44.39932177953 -15.4429216427239,-44.399448751335;-15.4425107975051,-44.3989377730139 -15.4424928460654,-44.39932177953;-15.4430297783278,-44.398986917371 -15.4428352228011,-44.398938254698 -15.4425107975051,-44.3989377730139;-15.4429216427239,-44.399448751335 -15.4430297783278,-44.398986917371;-15.4424235267156,-44.3990230129436 -15.4421009743938,-44.3993111562805;-15.442042724555,-44.3986208372859 -15.4420737702563,-44.3989853417478 -15.4420171495927,-44.3992996545998 -15.4414038648148,-44.400430873441 -15.4412480686555,-44.4008318471557 -15.4409738401732,-44.4016339394884 -15.4408148607137,-44.4018850734474 -15.4406805601218,-44.4020248370327 -15.4405120169094,-44.4021390620347 -15.4402969703587,-44.4022272306349 -15.4398966054999,-44.4023394585129;-15.4414656340789,-44.3987483417417 -15.442042724555,-44.3986208372859;-15.4420971258294,-44.3992217377054 -15.4425228656831,-44.3988018679328 -15.4428035090211,-44.3987596597315 -15.442819341927,-44.3977617111651 -15.4424181767753,-44.3983320225665 -15.4421121375945,-44.3984495675815;-15.4428907583668,-44.397699382151 -15.4428818020692,-44.3988207508017;-15.4434228464049,-44.397775635187 -15.4428907583668,-44.397699382151;-15.4435805052711,-44.3986595498301 -15.4434228464049,-44.397775635187;-15.4428818020692,-44.3988207508017 -15.4435805052711,-44.3986595498301;-15.4435008962469,-44.3977812760036 -15.4436311047227,-44.3986097240733;-15.4453442302535,-44.3980356820685 -15.4452333306468,-44.3979762921429 -15.4451471663864,-44.3979516501059 -15.444976326814,-44.3979311133223 -15.4444467258875,-44.3979748755572 -15.4435008962469,-44.3977812760036;-15.4436311047227,-44.3986097240733 -15.444492405181,-44.3983684592352 -15.4451199329456,-44.3981750083386 -15.4453442302535,-44.3980356820685;-15.4437909870305,-44.3970725145222 -15.4438287392564,-44.3975110828197 -15.4437774071427,-44.3977682087988;-15.4437774071427,-44.3977682087988 -15.4434607298075,-44.3977114244904 -15.4428417473808,-44.3976152363174;-15.4428417473808,-44.3976152363174 -15.4423773973113,-44.3982704723 -15.4420536314016,-44.3983926209202 -15.4420413145335,-44.3985369904596;-15.4414668638508,-44.3986556712626 -15.4420413145335,-44.3985369904596;-15.4485002345726,-44.3948205658536 -15.4478407616822,-44.3954137701759;-15.4477989718882,-44.3954532210371 -15.4473185083381,-44.3958987390798 -15.4469477235374,-44.3962648526416 -15.4467044457671,-44.3965883239293 -15.4461033143079,-44.3975390498558 -15.4454088542542,-44.3979947354978;-15.4454088542542,-44.3979947354978 -15.4451570915322,-44.3978913765204 -15.4449925907329,-44.3978615575605 -15.4444389499214,-44.3979172993682 -15.4438246972064,-44.3977807448545;-15.4438246972064,-44.3977807448545 -15.44386957511,-44.3975106878563 -15.4438324660728,-44.3970945555843;-15.4473190437889,-44.3960012665997 -15.4469981514769,-44.39632430694 -15.4467666187661,-44.3966341429948 -15.4462387490916,-44.3974932018618;-15.4482913583795,-44.3970277050884 -15.4480808444714,-44.3967808004078 -15.4477334391454,-44.3964869825416 -15.4475027258134,-44.3962525256476 -15.4473190437889,-44.3960012665997;-15.4462387490916,-44.3974932018618 -15.4469439433818,-44.3971494364639 -15.4470664545723,-44.3971014593498 -15.4475291385453,-44.3971075228791 -15.4482913583795,-44.3970277050884;-15.4678119684655,-44.4281684681148 -15.4681983871065,-44.4284460901514 -15.4682614407449,-44.4284916364279;-15.4691311984269,-44.4270287800624 -15.4683945997321,-44.4277821149775 -15.4678119684655,-44.4281684681148;-15.4706544306769,-44.4255983804304 -15.4702701737592,-44.4251103490944;-15.4720583751918,-44.4245758350331 -15.4709969621955,-44.425560372094 -15.4708938858961,-44.4256129215673 -15.4706635405657,-44.4256539631376 -15.4706141919545,-44.4256741512106 -15.4705107476642,-44.4257744608254 -15.4700908142001,-44.4261598177759 -15.4691933735454,-44.4269650162255;-15.4696041119149,-44.4274790292183 -15.4687874942985,-44.4282793180283 -15.4685520175082,-44.4284604274016 -15.4684095809133,-44.4285625069612 -15.46828558365,-44.4286343200757 -15.4682136234061,-44.4287089786155 -15.4678796537702,-44.4299490089113 -15.4680514699696,-44.4300345626601 -15.4676755102852,-44.4308959732436;-15.4691933735454,-44.4269650162255 -15.4696041119149,-44.4274790292183;-15.4670447622209,-44.427776053513 -15.4670619932723,-44.4283262534211 -15.4670444749455,-44.4286129247795 -15.4669591206729,-44.4290385908342 -15.4668755535359,-44.4293552026697 -15.4665498936846,-44.4300904668879;-15.4671139467852,-44.4277179826122 -15.4677116537066,-44.4281141705934;-15.4688153557989,-44.4264537439949 -15.4691455094076,-44.4268736003382;-15.4714652621023,-44.4239928228166 -15.4718907164351,-44.424616827511;-15.471623368936,-44.4238394380735 -15.4715444376351,-44.423906076578;-15.4676755102852,-44.4308959732436 -15.4685309072611,-44.4310536890553;-15.4702701737592,-44.4251103490944 -15.4714652621023,-44.4239928228166;-15.469068273427,-44.426951570857 -15.4687525361986,-44.4265456063674;-15.4682614407449,-44.4284916364279 -15.4683578173347,-44.4284615033974 -15.4687388974863,-44.4282185909116 -15.4694866276826,-44.4274885724422;-15.4702102950376,-44.4251764856514 -15.4688153557989,-44.4264537439949;-15.4676205472873,-44.4308885703611 -15.4679984845057,-44.4300735800382 -15.4677980294999,-44.4299879278675 -15.4679120094121,-44.4295417035796 -15.4681382564175,-44.4286917486133 -15.4681787676961,-44.4285363953208;-15.4681787676961,-44.4285363953208 -15.4677207622873,-44.4282081964807;-15.4715444376351,-44.423906076578 -15.4720583751918,-44.4245758350331;-15.4687525361986,-44.4265456063674 -15.4679988997417,-44.4272994251044 -15.467886785831,-44.4273763990161 -15.4675710594633,-44.4275397567981 -15.4671684890126,-44.4276825013829 -15.4671139467852,-44.4277179826122;-15.4691455094076,-44.4268736003382 -15.4705417832405,-44.4256106571162;-15.4677207622873,-44.4282081964807 -15.4676093439051,-44.428412394705 -15.4674756189718,-44.4287827934624;-15.4705417832405,-44.4256106571162 -15.4702102950376,-44.4251764856514;-15.4665498936846,-44.4300904668879 -15.4667060892192,-44.4303166235522 -15.4668817465337,-44.4304852836792 -15.4672968538713,-44.4308008375583 -15.4676205472873,-44.4308885703611;-15.4677116537066,-44.4281141705934 -15.4680265313578,-44.4279430406056 -15.4683140207197,-44.4277269750823 -15.469068273427,-44.426951570857;-15.4718907164351,-44.424616827511 -15.4709715287609,-44.4254882718265 -15.4708623780349,-44.4255536309494 -15.4706544306769,-44.4255983804304;-15.4694866276826,-44.4274885724422 -15.4691311984269,-44.4270287800624;-15.4676678574163,-44.4281744166222 -15.4670447622209,-44.427776053513;-15.4674384507274,-44.4287689924854 -15.4675583844829,-44.4284000026584 -15.4676678574163,-44.4281744166222;-15.4664260110925,-44.4301564494495 -15.466762972942,-44.429411261923 -15.4668928980294,-44.4290088987395 -15.4669669110692,-44.428596112104 -15.4669844401764,-44.4283131689544 -15.4668882164292,-44.4265677865221 -15.4668787590397,-44.425642144523 -15.4667937097812,-44.42486097781 -15.4666604944137,-44.4244728950109 -15.4665352373375,-44.4242027493327 -15.466220899546,-44.423813022129;-15.4661813890284,-44.4236600420594 -15.4666383332272,-44.4242695065386 -15.4668642603856,-44.4249203808515 -15.4669486823809,-44.4257909832254 -15.4669441473106,-44.4262115784805 -15.4669683730551,-44.4269510811212 -15.4670230217311,-44.4276314727142;-15.4670230217311,-44.4276314727142 -15.4675366198847,-44.4274647737808 -15.4677055967507,-44.4273763435483 -15.4679595455866,-44.4272091127935 -15.4686994082737,-44.4264526887291 -15.4693833193514,-44.4257859647432 -15.4702004039768,-44.4250901267816 -15.4715920949572,-44.4237939790804;-15.430826426515,-44.4210014429103 -15.4308368881764,-44.4209265873292 -15.4308883881674,-44.4206890228545 -15.4308896286988,-44.4206846774236 -15.4310835843101,-44.4201410202603 -15.4310839708884,-44.4201399883106 -15.4312085676409,-44.4198226819143 -15.4312091963445,-44.4198211839662 -15.4314339544011,-44.4193186862117 -15.4314963622242,-44.4191265358089 -15.4315167563745,-44.4190575094542 -15.4315245928656,-44.4189493658775 -15.4315148955672,-44.4188329982967 -15.4314884978729,-44.4186251921983;-15.2673284040637,-44.2772039682013 -15.2674832797909,-44.2768569803797;-15.2672690683987,-44.2775521222256 -15.2674580766918,-44.2776320163073;-15.2674426527721,-44.2776953873169 -15.2672620757424,-44.2776149995066;-15.2672204041201,-44.2784360191279 -15.2674426527721,-44.2776953873169;-15.2674580766918,-44.2776320163073 -15.2675652274502,-44.2773691601257;-15.2672620757424,-44.2776149995066 -15.2672221773806,-44.2780275781212 -15.2672204041201,-44.2784360191279;-15.2676761394709,-44.2775811568716 -15.2677316942371,-44.2775517532147 -15.267813264221,-44.2775411136515 -15.2679515785417,-44.2775576640831 -15.2681495926332,-44.2775771699488 -15.268357655201,-44.277609679725 -15.268657927316,-44.2777166664431 -15.2691396630909,-44.277972607045 -15.2694310689032,-44.2781144678867 -15.269757939926,-44.2782669682915 -15.2700121072673,-44.2783715906623 -15.2704613332661,-44.2785252732408 -15.2705884169367,-44.2785642849723 -15.270861499057,-44.2786239847432 -15.2712391666051,-44.278751511729;-15.2676147572283,-44.2773350277287 -15.2677796806804,-44.2769821146073;-15.2675595401948,-44.2775813075567 -15.2675322797347,-44.2775574022302 -15.2675337824159,-44.2775246560669 -15.2675479124308,-44.2774824658557 -15.26757079989,-44.2774449136275 -15.2676009162736,-44.2774382645413 -15.2676227864867,-44.2774494951913 -15.267634574609,-44.2774756340711 -15.2676233334495,-44.2775255274959 -15.2676046121465,-44.2775621538144 -15.2675855480158,-44.277580125383 -15.2675595401948,-44.2775813075567;-15.2712568730564,-44.2787012785687 -15.2708636339042,-44.2785702236534 -15.2705905875595,-44.278518324665 -15.2699894242768,-44.2783015022244 -15.2692198776094,-44.2779601222116 -15.2686337073678,-44.277664874633 -15.2683938187102,-44.2775772230081 -15.2681579666405,-44.277535992145 -15.267814280006,-44.2775080243568 -15.2677676292432,-44.2774894559319 -15.2677130448847,-44.2774532004859;-15.2677130448847,-44.2774532004859 -15.2676841117464,-44.2774258517176 -15.2676821108508,-44.2773962775154 -15.267916924672,-44.2768794699413 -15.2679515239977,-44.2766776405419 -15.2679076981852,-44.2762463022824 -15.2677341249017,-44.2758732062211 -15.2676941915133,-44.275720392533;-15.2677796806804,-44.2769821146073 -15.2674832797909,-44.2768569803797;-15.2676147572283,-44.2773350277287 -15.2673284040637,-44.2772039682013;-15.2671921379247,-44.2784349210498 -15.2671832965798,-44.2780143239244 -15.2672273297768,-44.2775682120602 -15.2672638165231,-44.277210661179 -15.2674236346577,-44.2767905255938 -15.2674891543611,-44.275906699856 -15.2675332078161,-44.2758245984569 -15.2675689970602,-44.275782023403;-15.265889680756,-44.2821879686055 -15.2659722710796,-44.2820671390635 -15.2660615463946,-44.2818494023471 -15.2662855916786,-44.2807980464984 -15.2663441358721,-44.2803737811239 -15.2665842555909,-44.2800195094953 -15.2670814548408,-44.2788181802496 -15.2671921379247,-44.2784349210498;-15.2676761394709,-44.2775811568716 -15.2675678976067,-44.2776314609495 -15.2674884620022,-44.2777148931825 -15.2671220308727,-44.2788997967093 -15.2666051777394,-44.2800539580672 -15.2664135149468,-44.2803860349355 -15.2663571529011,-44.2807998630627 -15.2661366485572,-44.2818695642489 -15.2660126522742,-44.2821382851471 -15.2659464637642,-44.2822131721012;-15.2676456835074,-44.2757905615995 -15.2676819128719,-44.2758286668143 -15.2678605410512,-44.2762621096289 -15.2679212053762,-44.2766691590034 -15.2678752331405,-44.2768170299403 -15.2678308051393,-44.2768907023837;-15.2678308051393,-44.2768907023837 -15.2675031815059,-44.2767803881215;-15.2675031815059,-44.2767803881215 -15.2675258078281,-44.2760262219491 -15.2675706318356,-44.275866797936 -15.2676456835074,-44.2757905615995;-15.2675652274502,-44.2773691601257 -15.2673075867426,-44.2772615615869;-15.2673075867426,-44.2772615615869 -15.2672690683987,-44.2775521222256;-15.0018570812757,-44.4103656918518 -15.0019505938914,-44.4101919573585 -15.0019606387602,-44.4101493519456 -15.0019663500172,-44.4100960423075 -15.001963784339,-44.4100439724434;-14.9969366315735,-44.4018725104218 -14.9969559556083,-44.401821563459 -14.9969885915005,-44.4017551796962 -14.9972589598362,-44.4013639367975;-15.0119462839368,-44.4154713333567 -15.0118817763145,-44.4154277413426 -15.0116659026593,-44.4153122712272 -15.0115650143794,-44.4152804401656 -15.0114527466865,-44.41524665086 -15.011144986468,-44.4151883962472 -15.0111434377121,-44.4151880518508 -15.010794095875,-44.4150986468309 -15.0107935255722,-44.4150984936778 -15.0107582050705,-44.4150885597867 -15.0107523769343,-44.4150860879858 -15.010725886558,-44.4150706352663 -15.0107242312949,-44.4150695804966 -15.0106701467767,-44.4150320524635 -15.010668019935,-44.4150304001183 -15.0105267379282,-44.414907882128 -15.0105254391391,-44.4149066724399 -15.0104167359567,-44.4147979692576 -15.0103906758006,-44.4147825262021 -15.010337679488,-44.4147576503819 -15.0103364903281,-44.4147570530798 -15.0100152945157,-44.414584865634 -15.0100131206345,-44.4145835539731 -15.0093892170849,-44.4141624673668 -15.009386840284,-44.4141606469385 -15.0093313760586,-44.4141126331315 -15.0093304040698,-44.4141117458932 -15.0092719044889,-44.4140554538436 -15.0092708653991,-44.4140543927458 -15.0088629108266,-44.4136122581956 -15.0087667940645,-44.413518338388 -15.0087651189228,-44.4135165318049 -15.0086901928921,-44.4134272816802 -15.0086108542876,-44.4133358218999 -15.0086089377481,-44.4133333074809 -15.0085251687384,-44.4132076539663 -15.0084028630082,-44.4130307474637 -15.0083196156088,-44.4129453655156 -15.0082365856468,-44.4128834896841 -15.0081357396427,-44.4128362181196 -15.0080496283509,-44.4128196183526 -15.0079130416039,-44.4128207023744 -15.0079120306189,-44.4128206899525 -15.0077762674405,-44.4128162748898 -15.0077712575993,-44.4128156006354 -15.0076859917007,-44.4127951809704 -15.0076821794682,-44.4127939373194 -15.0074945393029,-44.4127155699562 -15.0074905555453,-44.4127134662542 -15.007361414961,-44.4126295800626 -15.0073612719028,-44.4126294864389 -15.0071603865494,-44.4124970345575 -15.0071568358373,-44.4124941987519 -15.006971127262,-44.4123159405949 -15.0069709777689,-44.4123157958993 -15.0068346357505,-44.4121827260893 -15.0067002409976,-44.4120924128154 -15.0065855076799,-44.4120398713895 -15.0064464819449,-44.4119975119859 -15.0063663705678,-44.4119778259137 -15.0061874288608,-44.4119350116402 -15.0059708982317,-44.4118998391523 -15.0059670700931,-44.4118989026163 -15.0058533822282,-44.4118613745832 -15.0058506266154,-44.4118602797916 -15.0057821931433,-44.4118282705869 -15.0057778963029,-44.4118257081426 -15.0057138778935,-44.4117782462184 -15.0057106138238,-44.411775352584 -15.00565156236,-44.4117129898231 -15.0056475155377,-44.4117072970195 -15.0055514879237,-44.4115218643856 -15.0055502440649,-44.4115190508883 -15.0054844593884,-44.4113414322617 -15.0053968292106,-44.4111628857744 -15.0053086438183,-44.4109920265769 -15.005308550776,-44.4109918444841 -15.0052614669528,-44.4108987592244 -15.0052282188332,-44.4108534208795 -15.0051953823084,-44.4108271516597 -15.0051544031292,-44.41081225014 -15.0050983825681,-44.4108103183965 -15.0050299804408,-44.4108304366692 -15.004846073413,-44.4109349045666 -15.0048013655894,-44.4109609163913 -15.0046938785355,-44.4110333056317 -15.0046919449963,-44.4110344841723 -15.0045793608971,-44.4110962950503 -15.004575235121,-44.411098097669 -15.0045056978832,-44.4111212767482 -15.0045001257068,-44.4111224505214 -15.0044294847034,-44.4111290731155 -15.0044211660635,-44.4111284552554 -15.004340591169,-44.4111085874731 -15.0043327578843,-44.4111051483834 -15.0042245888478,-44.4110334036143 -15.004223620507,-44.4110327278853 -15.0036793861185,-44.4106335123866 -15.0030835665015,-44.410238137407 -15.0030834458784,-44.4102380568588 -15.0026325575989,-44.4099350731801 -15.0026320841254,-44.4099347470553 -15.0026106783856,-44.4099196701591;-15.0026570567842,-44.4098911084239 -15.0026606834237,-44.4098937328775 -15.0031112728966,-44.4101965157669 -15.0037075218759,-44.4105921756634 -15.0037084856402,-44.4105928483562 -15.0042527178132,-44.4109920622298 -15.0043567766726,-44.4110610808611 -15.0044290292596,-44.4110788965675 -15.0044926053053,-44.4110729363132 -15.0045572793527,-44.4110513782974 -15.0046668885718,-44.4109912006869 -15.004774117553,-44.4109189852506 -15.004775510223,-44.4109181124653 -15.0048210405572,-44.410891622089 -15.0048212648714,-44.410891493128 -15.005007801271,-44.4107855316229 -15.0050130951382,-44.4107832851548 -15.0050881512043,-44.4107612098413 -15.0050960669193,-44.4107602088288 -15.0051600853286,-44.4107624163602 -15.0051677673483,-44.4107639066746 -15.0052163330382,-44.4107815669254 -15.0052234068378,-44.4107855400408 -15.0052620386365,-44.4108164454798 -15.0052665813852,-44.4108211831084 -15.0053030056526,-44.4108708525639 -15.0053051540864,-44.4108743526753 -15.0053531217446,-44.410969185287 -15.0054413761054,-44.411140178111 -15.0054416032694,-44.4111406293715 -15.0055299045237,-44.411320543177 -15.0055309055622,-44.4113228751306 -15.0055965962863,-44.4115002400857 -15.0056902934044,-44.4116811724517 -15.0057454145689,-44.4117393845226 -15.005805654662,-44.4117840452812 -15.0058704655835,-44.4118143600671 -15.0059808660778,-44.4118508029488 -15.0061963568228,-44.4118858065215 -15.0061981658441,-44.4118861693491 -15.0063780796497,-44.4119292162106 -15.0063782281124,-44.4119292522123 -15.0064590789483,-44.4119491199945 -15.0064603995626,-44.4119494831482 -15.0066016815694,-44.4119925300097 -15.0066048041474,-44.4119937146209 -15.006722907075,-44.4120477991391 -15.0067264420488,-44.4120497790719 -15.0068644127585,-44.4121424953888 -15.0068679304052,-44.4121453543696 -15.0070058266694,-44.4122799411234 -15.0071898142402,-44.4124565473206 -15.0073887234698,-44.4125876962632 -15.0075158956469,-44.4126703038312 -15.0076995926874,-44.4127470243599 -15.0077804317773,-44.4127663838831 -15.0079131504092,-44.4127706999361 -15.0080517192665,-44.4127696001833 -15.008056649827,-44.4127700513468 -15.0081482623782,-44.4127877115977 -15.0081541410711,-44.4127896231735 -15.0082601025762,-44.412839292629 -15.0082644303721,-44.4128418832312 -15.0083510759779,-44.4129064535234 -15.0083540373385,-44.4129090468911 -15.0084401310614,-44.4129973481454 -15.008442794998,-44.4130005836038 -15.008566416754,-44.4131793936437 -15.0085666540713,-44.4131797431838 -15.0086496616472,-44.4133042545476 -15.0087280948521,-44.4133946706033 -15.0087283574119,-44.4133949782696 -15.0088026204701,-44.4134834386772 -15.0088983178331,-44.4135769486719 -15.0088992192963,-44.4135778763166 -15.009307108818,-44.4140199403659 -15.0093645987745,-44.41407526089 -15.0094184315233,-44.414121862374 -15.0100400384783,-44.4145413989567 -15.0103595273761,-44.4147126713555 -15.0104130093631,-44.4147377751453 -15.0104151317444,-44.4147388987805 -15.0104449334177,-44.4147565590314 -15.0104498660275,-44.4147603886502 -15.0105601665677,-44.4148706891904 -15.0106997588418,-44.4149917418656 -15.0107519284594,-44.4150279411921 -15.0107748141678,-44.4150412911887 -15.0108067786041,-44.4150502811864 -15.0111550654744,-44.4151394162148 -15.0114633400195,-44.4151977681823 -15.0114658954559,-44.4151983927545 -15.0115795833208,-44.4152326094905 -15.0115799004857,-44.4152327072485 -15.0116831025766,-44.415265268336 -15.0118918091415,-44.4153696020911;-14.9969366315735,-44.4018725104218 -14.9969314477101,-44.4019386668891 -14.9969343303316,-44.4020014321667 -14.9970263936397,-44.4021771238575 -14.9975695834451,-44.40293533203 -14.9981911978021,-44.4037411692754 -14.9985415547676,-44.4041847708505 -14.998543021257,-44.4041868344418 -14.9988432455215,-44.4046581423864 -14.9988447983045,-44.4046609667339 -14.999045936682,-44.4050902456272 -14.9992961571922,-44.4055543109787 -14.9992969619009,-44.4055559429335 -14.9995668326092,-44.4061574952282 -14.9995668681286,-44.4061575747731 -14.9997254109078,-44.4065142960262 -15.0000897366031,-44.4071861765444 -15.0000903272672,-44.4071873369696 -15.0003712495011,-44.4077767228328 -15.0004841018673,-44.4079629840199 -15.0009361623594,-44.4086625751961 -15.0010047393137,-44.4087594537505 -15.0015070590433,-44.4093479247543 -15.0017228189871,-44.4095691887783 -15.0017247783086,-44.4095714552109 -15.0019720445422,-44.4098959519672 -15.0020221117921,-44.4099294676393 -15.0020716188125,-44.4099449042377;-15.0026106783856,-44.4099196701591 -15.0022037672863,-44.4100483279904 -15.0021328461336,-44.410078700994 -15.0020711720002,-44.4101192065165 -15.0020280226605,-44.4101688578115 -15.001902843715,-44.4103795035277;-15.001963784339,-44.4100439724434 -15.0019543848602,-44.4100014303171 -15.0019306186027,-44.4099524306773 -15.0017816781203,-44.4097278271764 -15.0014706831328,-44.4093822391663 -15.0014695673754,-44.4093810164538 -15.0009659742847,-44.4087910536988 -15.0009645838159,-44.4087892668382 -15.0008950465782,-44.4086910316929 -15.0008944540105,-44.4086901558651 -15.0004419100824,-44.4079898165423 -15.0004415261321,-44.4079892030538 -15.0003278382672,-44.4078015628885 -15.0003266522893,-44.407799364659 -15.0000454722583,-44.4072094379274 -14.9996809881488,-44.4065372652654 -14.9996801198089,-44.4065355017761 -14.9995211952416,-44.4061779214997 -14.9992517150024,-44.4055772395761 -14.9990015922621,-44.405113355551 -14.9990009591045,-44.4051120977136 -14.9988002070398,-44.4046836433071 -14.9985015313226,-44.4042147663538 -14.9981518712734,-44.4037720471735 -14.9981516952883,-44.4037718217117 -14.9975297233286,-44.4029655208837 -14.9975291953857,-44.4029648108433 -14.9969847629649,-44.4022048681739 -14.9969829872425,-44.40220199844 -14.9968701803804,-44.4019846878283 -14.9968244007117,-44.4019014028261 -14.9967673312693,-44.4018250943801 -14.9967095442782,-44.401771845913 -14.9964798966393,-44.4014735729491 -14.9959558678456,-44.400712827799 -14.9958115619363,-44.4004316230113;-15.0028793005439,-44.4097138989356 -15.0026835877085,-44.4098228078515 -15.0025944433312,-44.4098637265821 -15.0022656395722,-44.4099537021999 -15.0021828874139,-44.4099590219815 -15.0021271595541,-44.4099557977764 -15.0020716188125,-44.4099449042377;-15.0026570567842,-44.4098911084239 -15.0029083210491,-44.409761909272 -15.0030529979894,-44.4096698421282 -15.0032035204626,-44.4095748522179 -15.003336506337,-44.4094608643256 -15.003467182323,-44.4091871116668;-15.0114812613207,-44.416695085064 -15.011947539896,-44.4155422044032 -15.0119565083946,-44.4155060764776 -15.0119462839368,-44.4154713333567;-15.1075179908391,-44.3937599967468 -15.107585486036,-44.3938521253071 -15.1077350241501,-44.393950886151 -15.1084630732963,-44.3941341271118 -15.1090123324652,-44.3941790932876 -15.1093162109015,-44.3941989460026;-15.1111049039209,-44.394169056629 -15.1105675567411,-44.3943149349108 -15.1093236431842,-44.3942420439215;-15.1093161948138,-44.3941989450518 -15.1105577169262,-44.3942645934265 -15.1110476766223,-44.3941327442216;-15.1084335391792,-44.3941808445724 -15.1077186947606,-44.3939983355966 -15.1075541907454,-44.3938913770326 -15.1074684238103,-44.3937769434123 -15.1074672639016,-44.3937619104533;-15.1110476765906,-44.3941327443337 -15.111039657393,-44.3941242516939 -15.1109647311824,-44.3940722858432 -15.1109635376954,-44.394071404513 -15.1104336990682,-44.3936552949926 -15.1104316634507,-44.3936535099049 -15.1098760457521,-44.3931103119793 -15.1098753813619,-44.3931096373647 -15.1091822867506,-44.3923786917575 -15.1091816224015,-44.3923779628552 -15.1089727365013,-44.3921394972712;-15.1089727366399,-44.3921394972777 -15.1088715524053,-44.3922352097565 -15.108527582054,-44.3925924097366 -15.1085238688652,-44.3925955786486 -15.108234212733,-44.3927974601954 -15.1079817882259,-44.3930460600887 -15.107727029613,-44.3933631416241 -15.107517990853,-44.393759996935;-15.1074672639016,-44.3937619104533 -15.1076865437397,-44.3933337019985 -15.1079437211427,-44.3930136099518 -15.1079456678236,-44.3930114561764 -15.1082006376953,-44.3927603494846 -15.1082038850931,-44.3927576516251 -15.1084932672024,-44.3925559610641 -15.108835940935,-44.3922001075725 -15.1088367691654,-44.3921992866948 -15.108957247129,-44.3920853238372 -15.1089579103832,-44.392085342269;-15.1320468633555,-44.4004390146466 -15.1320195595105,-44.4004273289135 -15.1319639741729,-44.4004087483087 -15.1318177389015,-44.4003578838665 -15.1318117886966,-44.4003548724947 -15.1317100598122,-44.4002849338867 -15.1317087512271,-44.4002839701304 -15.131603843315,-44.4002013154118 -15.1316019032362,-44.4001996176373 -15.1314938162966,-44.4000947097252 -15.1314930063922,-44.4000938864696 -15.1313564721591,-44.3999445006496;-15.1316931064462,-44.4022472684842 -15.1319058592749,-44.4018884280381 -15.1320751473219,-44.4016288530326 -15.1321391287039,-44.4014722089595 -15.1321769785134,-44.4012384307242 -15.1321702177419,-44.400898138557 -15.1321433510664,-44.4006070829058 -15.1320857729705,-44.4004669762058 -15.1320468633555,-44.4004390146466;-15.1321086616826,-44.4003975484202 -15.1321927946048,-44.4005987517748 -15.1322201899466,-44.4008962428878 -15.1322266971293,-44.4012441901207 -15.1321864952271,-44.4014884740197 -15.1321183300628,-44.4016541696981 -15.1317346276893,-44.4023073871035;-15.1323174881521,-44.3989971938146 -15.1322243952179,-44.3991029855001 -15.1321876401538,-44.3992100116024 -15.1321784300486,-44.3994341880998 -15.1322101081666,-44.399858674881 -15.1322323565136,-44.4001383683862 -15.1322321085557,-44.4001443790582 -15.1322066763346,-44.4003001514124 -15.1322000527177,-44.400313420749 -15.132126935082,-44.4003897174123 -15.1321112009611,-44.4003973123086 -15.1321086616242,-44.400397548526;-15.118216812729,-44.3918285926619 -15.1181223185253,-44.3917651102945 -15.1180726672303,-44.3917403585329 -15.1176733470016,-44.3917778142435 -15.1174119235276,-44.3917728273763 -15.1170603728192,-44.3918553401046 -15.116884352319,-44.3919190317329 -15.1167092323225,-44.3920089266645 -15.1167087222143,-44.3920091812135 -15.115728070335,-44.3924846487913 -15.1157248613073,-44.3924859388065 -15.1150776675515,-44.3926953942402 -15.1142179734028,-44.3929817279047;-15.1163085224526,-44.3891828318794 -15.1159230621818,-44.3886218798369;-15.1142252429674,-44.3929266062906 -15.1150619685709,-44.3926479226347 -15.1150621707176,-44.3926478562611 -15.1157078164498,-44.3924389018241 -15.1166866520338,-44.3919643148743 -15.1168629334225,-44.3918738237614 -15.1168658440565,-44.3918725562121 -15.1170447328481,-44.3918078267151 -15.1170475266312,-44.391806996477 -15.1174035388646,-44.3917234365809 -15.1174097017708,-44.3917227792291 -15.1176695418969,-44.3917274610332 -15.1180026719537,-44.3916953305578 -15.1180398077766,-44.3916931871419 -15.1180553014379,-44.3916779534758 -15.118071256002,-44.3916506139398;-15.118071256002,-44.3916506139398 -15.1180734320121,-44.3916281347709 -15.1180704641072,-44.3916009284002 -15.1176544436328,-44.3908355867495 -15.1173023331018,-44.3902487358646 -15.1169601251,-44.3897963650128 -15.1167114686315,-44.3895196909141 -15.1163421074705,-44.3892201480213;-15.1145205452241,-44.3913253532885 -15.1146011260924,-44.391065993963 -15.1146052833045,-44.3910580414616 -15.1148887690788,-44.3906943793786 -15.1148915728349,-44.3906913390782 -15.1151280084689,-44.390474129433 -15.1153700669859,-44.390222823077 -15.1153725441273,-44.3902205740283 -15.1155305730428,-44.3900953214804 -15.1156510614703,-44.3899814469763 -15.1157963127567,-44.3897664750723 -15.1160193318239,-44.3894015347805 -15.1163085224761,-44.3891828317369;-15.1163421076331,-44.3892201480245 -15.1160594910702,-44.389431706119 -15.115838679151,-44.389793034714 -15.1158380618294,-44.389793994899 -15.1156909493362,-44.3900117213889 -15.1156874065659,-44.3900158942684 -15.1155641262966,-44.3901324073629 -15.1155624830657,-44.3901338303621 -15.1154049155617,-44.3902587171985 -15.1151634902133,-44.3905093661958 -15.1151623976367,-44.3905104332727 -15.11492692746,-44.3907267559676 -15.1146475213984,-44.3910851845013 -15.1145685539988,-44.3913393506814 -15.1145313800038,-44.3914973401601 -15.1145150668452,-44.3916208540748 -15.1145150595384,-44.3916209089306 -15.1144936696882,-44.3917798924216 -15.1144575887514,-44.3919712482829 -15.1143915829911,-44.3921763310058 -15.1142908746023,-44.3924761141168 -15.1142234108961,-44.3928134326479 -15.1142234108961,-44.3929063354464 -15.1142252430741,-44.3929266063604;-15.1159531329414,-44.3885772774156 -15.1163626548484,-44.3891726213049 -15.1167444927578,-44.389482097186 -15.1167473398307,-44.3894848034037 -15.116998019519,-44.3897637286907 -15.1169993633129,-44.3897653572853 -15.1173430180968,-44.3902196406641 -15.1173445175737,-44.3902218607861 -15.1176975875572,-44.3908103107587 -15.1176981070945,-44.3908112192293 -15.1181165357919,-44.3915846345732;-14.9800469117863,-44.4092406081836 -14.9797996661851,-44.4084047221799 -14.9796920883793,-44.407784967623 -14.9795632314471,-44.4074716915952 -14.9794995132785,-44.4073615064557;-14.9798573866187,-44.4084073444722 -14.9800939226447,-44.4092229505202 -14.9803920795185,-44.4101912888358;-15.314630796434,-44.2674173475656 -15.3177660345806,-44.2661252034578;-15.3162933678477,-44.2660272093365 -15.3155602963761,-44.2660637719684 -15.3143081458332,-44.2660190375602;-15.3176154087133,-44.2653994453137 -15.316009245309,-44.2654960001726;-15.3176220652507,-44.2653489549902 -15.3177437981562,-44.2649603460995 -15.3176959142961,-44.2646466597244;-15.317707706915,-44.2659818843164 -15.3176108254825,-44.2657385969954 -15.3176154086146,-44.2653994452194;-15.3142965008075,-44.265968570101 -15.315561797051,-44.2660156091584 -15.3162756380558,-44.2659780726584;-15.3176959142961,-44.2646466597244 -15.3173666307671,-44.2647065868742 -15.3167079036069,-44.2647189430191 -15.3153109968941,-44.264458493837;-15.3152523945889,-44.2644480149119 -15.3138632352207,-44.2641998330111;-15.3143081459135,-44.2660190374631 -15.3146307965505,-44.2674173476257;-15.3153109970925,-44.2644584937709 -15.3149633417555,-44.2648261126483 -15.3146981713716,-44.2649047648808;-15.3162756380558,-44.2659780726584 -15.316240861284,-44.2658443917102 -15.3159664944597,-44.2655744623342 -15.3159634134491,-44.2655005151164;-15.316009245309,-44.2654960001726 -15.3160111779654,-44.2655530838369 -15.3162733710603,-44.2658112908472 -15.3163207014078,-44.2659746361872 -15.3163665751544,-44.2660550707102 -15.3177077069808,-44.2659818842126;-15.3159634134491,-44.2655005151164 -15.3153523058563,-44.2654286255214 -15.3148319734805,-44.2653267306117 -15.3146262141003,-44.264870248042;-15.3177276433281,-44.266030870666 -15.3163493257193,-44.2661065387239 -15.3162933678477,-44.2660272093365;-15.3177660345258,-44.2661252035885 -15.3177276431826,-44.2660308705738;-15.3140266067147,-44.2649061714405 -15.3140507636853,-44.2649026763933 -15.3142965009343,-44.2659685702057;-15.3146981714293,-44.2649047647594 -15.3148578654831,-44.2652871308037 -15.3153654882841,-44.2653833626143 -15.3159837385085,-44.2654477724403 -15.3176220652507,-44.2653489549902;-15.3146262141003,-44.264870248042 -15.3149436178217,-44.2647793117753 -15.3152523945529,-44.2644480148039;-15.5003269077793,-44.7605920146699 -15.499947018425,-44.7595534151245 -15.4998423491333,-44.7591749953778;-15.501195187057,-44.766220594675 -15.5018708575503,-44.7660329957001;-15.5001870157725,-44.7626102070014 -15.5004153195045,-44.7624517659246;-15.5010551508042,-44.7659690620362 -15.5010537295094,-44.7669482900174;-15.4967662313582,-44.7610421954891 -15.4972284318922,-44.7608641489991;-15.5011824101214,-44.7660763442345 -15.501738041156,-44.7659326436166;-15.4995867884363,-44.7615567248445 -15.5001648939902,-44.7611111408627;-15.501738041156,-44.7659326436166 -15.5017226222496,-44.7658879830414 -15.5016857065101,-44.7658088520506 -15.501430071894,-44.7642317676276 -15.5013878016032,-44.7641492399169 -15.5013133253765,-44.7640747636902;-15.501172736223,-44.7669140219063 -15.501195187057,-44.766220594675;-15.5021121715872,-44.7598047433722 -15.5027575877227,-44.7593412903481 -15.5051194270468,-44.7586228246574 -15.5052687186188,-44.7584222141074 -15.5053410317241,-44.7581749499412 -15.5053596931706,-44.7579813374336 -15.5053596931706,-44.7579463472214;-15.5004154512463,-44.7625646072275 -15.50022020276,-44.7626793408741;-15.505284190728,-44.7579536339456 -15.5051886982961,-44.7576427377608 -15.5050360018828,-44.7571464461124;-15.5006167383456,-44.7637220080485 -15.50022020276,-44.7626793408741;-15.5002720970903,-44.7606111788313 -15.4999077674406,-44.7595705245279 -15.499803098149,-44.7591820404263;-15.500868546756,-44.764954176897 -15.5006711471973,-44.7641498046189;-15.5006167383456,-44.7637220080485 -15.5004154512463,-44.7625646072275;-15.5008022099453,-44.7640736117483 -15.501318605227,-44.7640102293815;-15.5004525477082,-44.7617902056537 -15.5008022099453,-44.7640736117483;-15.5021121715872,-44.7598047433722 -15.5004525477082,-44.7617902056537;-15.5011824101214,-44.7660763442345 -15.5008060681436,-44.7641307516896;-15.5008060681436,-44.7641307516896 -15.5013133253765,-44.7640747636902;-15.4999352500126,-44.7647953435702 -15.5000709622947,-44.7646945848571;-15.5000709622947,-44.7646945848571 -15.5008761542065,-44.7650385766178;-15.5008761542065,-44.7650385766178 -15.5010551508042,-44.7658606834786;-15.5010551508042,-44.7658606834786 -15.4999352500126,-44.7647953435702;-15.4940707828251,-44.7631859124177 -15.4953892671771,-44.762340034623 -15.4972515023663,-44.7619107097379;-15.4972515023663,-44.7619107097379 -15.4974924059429,-44.7623705649766;-15.4974924059429,-44.7623705649766 -15.4958632255543,-44.7629057888611 -15.4958158732533,-44.7629261018236;-15.4958158732533,-44.7629261018236 -15.4958131014204,-44.7629735185082 -15.4958377098541,-44.7630000754569 -15.4971521143988,-44.7641946707884;-15.4971521143988,-44.7641946707884 -15.4983167541437,-44.7632522081579;-15.4983167541437,-44.7632522081579 -15.4987516610078,-44.7636679147116;-15.4987516610078,-44.7636679147116 -15.4975621988266,-44.7645545398859;-15.4975824829592,-44.7645837246201 -15.4987762166387,-44.7636990234229;-15.4987762166387,-44.7636990234229 -15.4998695908086,-44.7648142400946 -15.5010551508042,-44.7659690620362;-15.5008172958346,-44.7603054926165 -15.502711942776,-44.7591994311596 -15.5050576683575,-44.7585272432057 -15.50518499626,-44.7584031738449 -15.5052673617225,-44.7581909605772 -15.505284190728,-44.7579536339456;-15.5008172958346,-44.7603054926165 -15.5006820414688,-44.7598629140143;-15.5005992031674,-44.7598817730351 -15.5007421170079,-44.760356781304;-15.5007421170079,-44.760356781304 -15.5003269077793,-44.7605920146699;-15.4989876470428,-44.7584515794778 -15.4990721551014,-44.7591728727546 -15.4997259241564,-44.7609365312092;-15.4996589695642,-44.7609639363289 -15.499011520809,-44.7591757400169 -15.4989367195628,-44.7584577124946;-15.4996589695642,-44.7609639363289 -15.499223713677,-44.7612003839123 -15.4988468793257,-44.7613489485991;-15.4988468793257,-44.7613489485991 -15.497360070543,-44.7592125831927;-15.4973132809604,-44.7592377148791 -15.4987854686837,-44.7613709263701;-15.4975759158383,-44.761718525715 -15.4987854686837,-44.7613709263701;-15.4972284318922,-44.7608641489991 -15.4975723510076,-44.761719488325 -15.4975759158383,-44.761718525715;-15.4964729702724,-44.7590990247463 -15.4965208012839,-44.7603090119759 -15.4967662313582,-44.7610421954891;-15.4969170669879,-44.7618819816253 -15.4964499521367,-44.7603361377233 -15.4964182434779,-44.7591272449822;-15.4997259241564,-44.7609365312092 -15.5002720970903,-44.7606111788313;-15.4935394274319,-44.7636335352214 -15.4937245169236,-44.7633342817825 -15.4940365796177,-44.7631087116604 -15.4953525227585,-44.7622746049362 -15.4969170669879,-44.7618819816253;-15.499343129841,-44.7612417148669 -15.4995867884363,-44.7615567248445;-15.5000740931722,-44.7608165998792 -15.499343129841,-44.7612417148669;-15.5001648939902,-44.7611111408627 -15.5000740931722,-44.7608165998792;-15.5005769886313,-44.7606873706537 -15.5002895962624,-44.7610836177187;-15.5002895962624,-44.7610836177187 -15.5004083250769,-44.7616787999339;-15.5005769886313,-44.7606873706537 -15.5008762446659,-44.7610768163199;-15.5004083250769,-44.7616787999339 -15.5008762446659,-44.7610768163199;-15.5009325963936,-44.7610052877984 -15.5006489509969,-44.7606629104191;-15.5013833308586,-44.76014794273 -15.5006489509969,-44.7606629104191;-15.5014982938872,-44.7603060586177 -15.5013833308586,-44.76014794273;-15.5009325963936,-44.7610052877984 -15.5014982938872,-44.7603060586177;-15.4996252082692,-44.7616220265926 -15.4999621018736,-44.762161822019 -15.4999634903068,-44.7621603301945;-15.5001835287949,-44.7611533377291 -15.4996250857258,-44.7616218302367 -15.4996252082692,-44.7616220265926;-15.5003211889682,-44.7617709482297 -15.5001835287949,-44.7611533377291;-15.4999634903068,-44.7621603301945 -15.5003211889682,-44.7617709482297;-15.5000157926369,-44.7622112241879 -15.5001870157725,-44.7626102070014;-15.5003181189044,-44.761890321404 -15.5000157926369,-44.7622112241879;-15.5004153195045,-44.7624517659246 -15.5004049783859,-44.7622661540931 -15.5003181189044,-44.761890321404;-15.499231241383,-44.7628872808072 -15.499759494088,-44.7634928162411 -15.5001547175397,-44.7640787837739 -15.5001373050029,-44.7643954018128 -15.5000774790556,-44.7646526991965;-15.4999237310301,-44.7622905441652 -15.499231241383,-44.7628872808072;-15.5006711471973,-44.7641498046189 -15.4999237310301,-44.7622905441652;-15.500868546756,-44.764954176897 -15.5000774790556,-44.7646526991965;-15.4998740487497,-44.7647506891588 -15.4986327446412,-44.7634633963506;-15.4986327446412,-44.7634633963506 -15.4991838379147,-44.7629334201542;-15.4991838379147,-44.7629334201542 -15.4997227731705,-44.7635336718097 -15.5001073253295,-44.7640897017376 -15.5000841779473,-44.7644069239798 -15.5000244407617,-44.7646404936527 -15.4998740487497,-44.7647506891588;-15.4971473141587,-44.7641154947548 -15.4964439936808,-44.7634763813058;-15.4964439936808,-44.7634763813058 -15.4979323964743,-44.762864212734;-15.4979323964743,-44.762864212734 -15.4982870253283,-44.763205819499;-15.4982870253283,-44.763205819499 -15.4971473141587,-44.7641154947548;-15.4963860894038,-44.7634346243527 -15.4958966929165,-44.7629696103073;-15.4958966929165,-44.7629696103073 -15.4975173052584,-44.7624392507147;-15.4975173052584,-44.7624392507147 -15.4978917570754,-44.7628186375781;-15.4978917570754,-44.7628186375781 -15.4963875911992,-44.7634363287641 -15.4963860894038,-44.7634346243527;-15.4967836901922,-44.7610952720946 -15.4970047258271,-44.7618581164867;-15.4967836901922,-44.7610952720946 -15.4971870802152,-44.7609331610479;-15.4975049251267,-44.7617402133927 -15.4975059690391,-44.7617399135461 -15.4971870802152,-44.7609331610479;-15.4970047258271,-44.7618581164867 -15.4975049251267,-44.7617402133927;-15.4973296020726,-44.7618933147516 -15.4975941836486,-44.7623566254823;-15.498456620726,-44.7615798138251 -15.4973296020726,-44.7618933147516;-15.4986978850169,-44.7620599578471 -15.4984570183955,-44.7615797032182 -15.498456620726,-44.7615798138251;-15.4986978850169,-44.7620599578471 -15.4975941836486,-44.7623566254823;-15.4985189132968,-44.7615496194064 -15.498787623557,-44.7620511728012 -15.4992000429038,-44.7628440029346;-15.4992600377145,-44.7612670621684 -15.4985189132968,-44.7615496194064;-15.4999043290938,-44.7622379304667 -15.4992600377145,-44.7612670621684;-15.4992000429038,-44.7628440029346 -15.4999046559393,-44.762238416598 -15.4999043290938,-44.7622379304667;-15.4976146935596,-44.7624310848813 -15.4985896270295,-44.7634241751229;-15.4976146935596,-44.7624310848813 -15.4987317790717,-44.7621184789283;-15.4991462259752,-44.7628930256292 -15.4987317790717,-44.7621184789283;-15.4985896270295,-44.7634241751229 -15.4991462254887,-44.7628930256292;-15.346397645216,-44.2401661683222 -15.3460893014688,-44.2396563406978 -15.3456749135756,-44.2391244885199;-15.3463586324663,-44.2402103261624 -15.3460726616036,-44.2397516316856;-15.3456448315119,-44.2391788090961 -15.3460459185585,-44.239698884047;-15.3471668789704,-44.238235679561 -15.346523329164,-44.2377234059137;-15.3476512112899,-44.2386421235613 -15.3472587331365,-44.2382941537674;-15.3480902729292,-44.238993564786 -15.3476979762154,-44.2386815303641;-15.3476089956517,-44.2387003119364 -15.3470851140906,-44.2393229136624;-15.34079052291,-44.2425891718677 -15.341213208103,-44.2424020683521;-15.3398133472775,-44.2430528527137 -15.3395028435888,-44.2421432217349;-15.3439446605838,-44.2401253821123 -15.3436244152026,-44.2395359449208;-15.3438630881639,-44.2413342853754 -15.3452061716544,-44.2440578036026;-15.343627604708,-44.241463338631 -15.3438630881639,-44.2413342853754;-15.3519621210038,-44.2418367817296 -15.35181644754,-44.2416384156361 -15.3514584678135,-44.2410520944023 -15.3513182083852,-44.2408202690489 -15.3508723592291,-44.2400145974883 -15.3504558731067,-44.2391277514167 -15.3503198144864,-44.2389781047693;-15.3481484797197,-44.2390357697609 -15.3487746655323,-44.239669392285;-15.3501877109672,-44.2386322800562 -15.3501777491704,-44.2385360755254 -15.3496527880414,-44.2374069923836 -15.3493159583125,-44.2366841725391;-15.339791808686,-44.2431370358555 -15.3394573617644,-44.2421907957845;-15.3449168486427,-44.2404599739127 -15.3440263349692,-44.2409174503096;-15.3478773689132,-44.2401555639076 -15.3482599435626,-44.2406547871175 -15.3486449653846,-44.2414085162775;-15.3471680673736,-44.2395172667535 -15.3474613495717,-44.2397860408454 -15.3478023222869,-44.2401449594931 -15.3482240516979,-44.2406743644983 -15.3486090735199,-44.2414313565551;-15.3494515683564,-44.2391267950076 -15.3501238733576,-44.2388210391179 -15.3501877109672,-44.2386322800562;-15.3459151681409,-44.2386783279001 -15.345661246927,-44.2384281471893;-15.3449464718658,-44.2405161140036 -15.3469462952044,-44.244703095625;-15.3449464718658,-44.2405161140036 -15.3441428441984,-44.2409199281817;-15.3474572709507,-44.2396791809754 -15.3480576439612,-44.2390396532032;-15.344076807904,-44.2411629832936 -15.3436456976648,-44.2402771068134;-15.3441428441984,-44.2409199281817 -15.344453672484,-44.2415382164252;-15.3436641721722,-44.2413944840906 -15.344076807904,-44.2411629832936;-15.3476577344968,-44.238726363805 -15.3480576439612,-44.2390396532032;-15.3439055058222,-44.2413032878559 -15.3452596079927,-44.2440441211649;-15.3436456976648,-44.2402771068134 -15.3439446605838,-44.2401253821123;-15.3440131814165,-44.240099278938 -15.3436901546336,-44.2394956430306;-15.3444112548257,-44.2415643195996 -15.3441861149467,-44.2411401430161;-15.347123222347,-44.2393576424189 -15.3476577344968,-44.238726363805;-15.3495435352901,-44.239319260259 -15.3501064359993,-44.2389695346647 -15.3503198144864,-44.2389781047693;-15.3459151681409,-44.2386783279001 -15.3460834057921,-44.2385141664346;-15.3460834057921,-44.2385141664346 -15.3458613517098,-44.2382934608954;-15.3441861149467,-44.2411401430161 -15.3439055058222,-44.2413032878559;-15.3444177806192,-44.239890453543 -15.3440131814165,-44.240099278938;-15.3458613517098,-44.2382934608954 -15.3457866498214,-44.238359008407 -15.345661246927,-44.2384281471893;-15.3464805745857,-44.2377637579042 -15.3476089956517,-44.2387003119364;-15.3437293093952,-44.2403146301265 -15.3444504095872,-44.2399557114789;-15.3474572709507,-44.2396791809754 -15.347123222347,-44.2393576424189;-15.3440263349692,-44.2409174503096 -15.3437293093952,-44.2403146301265;-15.3470017402624,-44.2446752390938 -15.3453052778056,-44.2410854246194;-15.3475062144026,-44.2397477018081 -15.3481025087922,-44.239075545068;-15.3478382141517,-44.2401131462493 -15.3475062144026,-44.2397477018081;-15.3486686213864,-44.2396506306284 -15.3478382141517,-44.2401131462493;-15.3481025087922,-44.239075545068 -15.3486686213864,-44.2396506306284;-15.3487746655323,-44.239669392285 -15.3478773689132,-44.2401555639076;-15.3471105881661,-44.239444252406 -15.346397645216,-44.2401661683222;-15.3461578223015,-44.2385436928902 -15.3471105881661,-44.239444252406;-15.3456749135756,-44.2391244885199 -15.3461578223015,-44.2385436928902;-15.3230458356537,-44.2630149489329 -15.3225828508789,-44.2631067857968 -15.3215757459221,-44.2634315079971 -15.3201261959063,-44.2639392034874 -15.3194019495013,-44.2642447099876 -15.3187567178201,-44.2644082013802 -15.3181053729903,-44.264519206425 -15.3178528271728,-44.2646213318302;-15.323962087447,-44.2677508391116 -15.3238426082056,-44.2666186717885 -15.3238282590159,-44.2653211267011 -15.3230632275827,-44.2631842065899 -15.3230458356537,-44.2630149489329;-15.3231159020358,-44.2630049197359 -15.3231319965781,-44.2631975760478 -15.3239017574548,-44.2653117131903 -15.3239113769446,-44.2666186717885 -15.3239999435203,-44.267539983669;-15.3395028435888,-44.2421432217349 -15.3401001351539,-44.2418978129124 -15.340284134262,-44.2417966934761;-15.3336354963858,-44.2508675206265 -15.3323836512573,-44.2519998623006 -15.3318083615651,-44.2526244719119 -15.3313703964287,-44.2531537615909 -15.3308344222801,-44.2539508468574 -15.3301647215421,-44.2550447217669 -15.3294350768149,-44.2561158917099 -15.3289633246382,-44.2568242899039 -15.3281431651571,-44.2579581327606 -15.3274279024851,-44.2589690209504 -15.3270612089724,-44.259500871152 -15.3260859871725,-44.26104454224 -15.3258671118791,-44.2614172333255 -15.3255948537609,-44.2617949765519 -15.3244860803386,-44.2626706890301 -15.3240423092637,-44.2628553899779 -15.3236149862302,-44.2629217051226 -15.3231159020358,-44.2630049197359;-15.333676450834,-44.2508194976352 -15.3350408919999,-44.25199794;-15.3349907684024,-44.2520558208428 -15.3336354963858,-44.2508675206265;-15.333676450834,-44.2508194976352 -15.3338944370923,-44.2504849691039 -15.334058096177,-44.2501449326399 -15.3343197033939,-44.2494877509786 -15.3345081892725,-44.2486440885802 -15.3352717825059,-44.2468070483214 -15.3355349932765,-44.24622272753;-15.3355349932765,-44.24622272753 -15.3364002425905,-44.2467248399747 -15.3374116916212,-44.2471144234595;-15.3374266163707,-44.2470761680131 -15.3364169082466,-44.2466987581549 -15.3355566376345,-44.2461832241359;-15.3355566376345,-44.2461832241359 -15.3363331488985,-44.2448015131767 -15.3365845780563,-44.244486481616 -15.3368484586248,-44.2441983987966 -15.337256128286,-44.2438601388433 -15.3379527921805,-44.2432983131837 -15.3382848006591,-44.2430254178247 -15.3386989053954,-44.2426823370035 -15.3390008712437,-44.2424115913205 -15.3394116352962,-44.2421919149234 -15.3394573617644,-44.2421907957845;-15.340284134262,-44.2417966934761 -15.3407100185336,-44.2426321936758;-15.3398133472775,-44.2430528527137 -15.3407100185336,-44.2426321936758;-15.339791808686,-44.2431370358555 -15.3412467951865,-44.2424782135079;-15.34079052291,-44.2425891718677 -15.3403334499681,-44.2417627840319;-15.3403334499681,-44.2417627840319 -15.3405211391945,-44.2416473609795 -15.340925587805,-44.2413120599667 -15.3414182014491,-44.2409474681566;-15.3414746542061,-44.2409062438987 -15.3418768408754,-44.2415744311294 -15.3414945987087,-44.2418257236815;-15.3414622545925,-44.2417753585232 -15.3417831109607,-44.2415598842643 -15.3414182014491,-44.2409474681566;-15.3414746542061,-44.2409062438987 -15.3419762269836,-44.2405181711739 -15.3422763363575,-44.2403193942352;-15.3422763363575,-44.2403193942352 -15.3428828959449,-44.2415757186846;-15.3429341999564,-44.2415420878405 -15.3423182163941,-44.2402900476395;-15.3423182163941,-44.2402900476395 -15.3429298802734,-44.2399139509276;-15.3429298802734,-44.2399139509276 -15.343627604708,-44.241463338631;-15.3436641721722,-44.2413944840906 -15.3429925704698,-44.2398829037383;-15.3429925704698,-44.2398829037383 -15.3436244152026,-44.2395359449208;-15.3443162318077,-44.239179580008 -15.3449168486427,-44.2404599739127;-15.3453052778056,-44.2410854246194 -15.3463958590284,-44.2403205417933 -15.3471680673736,-44.2395172667535;-15.3463586324663,-44.2402103261624 -15.3452638634547,-44.2409878876533;-15.3452638634547,-44.2409878876533 -15.345014587887,-44.2404655368933;-15.345014587887,-44.2404655368933 -15.3460726616036,-44.2397516316856;-15.3460459185585,-44.239698884047 -15.3449840006963,-44.2404096080483;-15.3449840006963,-44.2404096080483 -15.3447664511984,-44.2399270141592;-15.3447664511984,-44.2399270141592 -15.3456448315119,-44.2391788090961;-15.3458601011147,-44.2387300495809 -15.3456279159005,-44.2390592923811 -15.3447252543311,-44.2398378792592;-15.3447252543311,-44.2398378792592 -15.3443801404223,-44.2391245404663;-15.3443801404223,-44.2391245404663 -15.3446172816469,-44.2389730706711 -15.3448119924717,-44.2388728928326 -15.3451536268204,-44.2386980673582 -15.3455922982641,-44.2384741717296;-15.3455922982641,-44.2384741717296 -15.3458601011147,-44.2387300495809;-15.3470851140906,-44.2393229136624 -15.3459275184273,-44.2382357110103;-15.346523329164,-44.2377234059137 -15.3466485564623,-44.2376128462448 -15.346799836811,-44.2374990472261 -15.346917278301,-44.2374386276491 -15.3470450158917,-44.2374020408355 -15.3472591138125,-44.237411304209 -15.3474822955241,-44.2374443194466 -15.34760516775,-44.237512508003 -15.3476719793915,-44.2375808129076;-15.3436901546336,-44.2394956430306 -15.3443162318077,-44.239179580008;-15.3476719793915,-44.2375808129076 -15.3471668789704,-44.238235679561;-15.3472587331365,-44.2382941537674 -15.3477856294565,-44.2376476054819;-15.3477856294565,-44.2376476054819 -15.348175403932,-44.2380337188862;-15.348175403932,-44.2380337188862 -15.3476512112899,-44.2386421235613;-15.3476979762154,-44.2386815303641 -15.3482339968584,-44.2380897386194;-15.3482339968584,-44.2380897386194 -15.3485868698188,-44.23846270321;-15.3485868698188,-44.23846270321 -15.3480902729292,-44.238993564786;-15.3481484797197,-44.2390357697609 -15.3486255780444,-44.2385091342814;-15.3486255780444,-44.2385091342814 -15.3505917982224,-44.2406264573435;-15.3506514965853,-44.240558558277 -15.3495435352901,-44.239319260259;-15.3494515683564,-44.2391267950076 -15.3493733259207,-44.2391217655789 -15.3474785742914,-44.2372408729685;-15.3474785742914,-44.2372408729685 -15.347931879433,-44.2370615998352 -15.348374049555,-44.2369139958643 -15.3485205680464,-44.2369126385924 -15.3493159583125,-44.2366841725391;-15.3459275184273,-44.2382357110103 -15.3464805745857,-44.2377637579042;-15.1772182362632,-44.2147336956986 -15.1772243171427,-44.2145678925825 -15.177350003201,-44.2140342731293 -15.1779752747184,-44.2125493058725 -15.1779957343071,-44.2122058779388 -15.1779113713247,-44.2115870430903 -15.1777456822192,-44.2108869087642 -15.1777341858454,-44.2106076634013 -15.177789845645,-44.2102737275633 -15.1778734060979,-44.2100470503789 -15.1786299844258,-44.2083815491462 -15.1794320238686,-44.2066553119281;-15.1794320238686,-44.2066553119281 -15.1791887326902,-44.206552249091 -15.1789700305593,-44.2065049621438 -15.1779601586924,-44.2060926790726 -15.1776699350538,-44.2059771215953 -15.1772821820865,-44.2058219612997 -15.1766000678727,-44.2056269026424 -15.1762253188158,-44.2055358752689 -15.1759809782932,-44.2054273369479;-15.1781949557705,-44.2060971869544 -15.1790050969361,-44.2064582078463 -15.1792038262792,-44.2065027537555 -15.1794600890463,-44.20660353817;-15.1787028967765,-44.204672556176 -15.1786280512354,-44.204796561681 -15.1784180639346,-44.2052902759336 -15.1781949557705,-44.2060971869544;-15.1780691495077,-44.2060190404487 -15.1781280104103,-44.2059890748408 -15.1781628603853,-44.2059442731237 -15.1783393753988,-44.205278251841 -15.1786288580559,-44.2045651215756 -15.1789261182854,-44.2036912790042 -15.1789120240504,-44.2035874941826 -15.178839677791,-44.2032387766058 -15.1787411856536,-44.2029497166469 -15.1785944016624,-44.2027666629549 -15.178546393872,-44.2026505507471 -15.1784800650873,-44.202432503133 -15.1784414612882,-44.2020472381745;-15.1794600890463,-44.20660353817 -15.1797018095344,-44.2062182431162 -15.1800204401965,-44.2056787579897 -15.1800759720518,-44.2053952021127 -15.1800700657514,-44.2053474887462;-15.1783703333009,-44.2091811181567 -15.1787006584429,-44.2084171843663 -15.1794891881079,-44.2066891346986 -15.1797528917257,-44.2062525629357 -15.1800861598797,-44.2057075128695 -15.1801658800865,-44.2053373077443 -15.1805162042548,-44.2041333254663 -15.1814131512366,-44.2033903804759 -15.1817231832904,-44.2031108527801;-15.1800953984161,-44.2052509034101 -15.1801254654475,-44.2052136751272 -15.180416057732,-44.2040963209243 -15.1815437345119,-44.2031205330869 -15.1815563420939,-44.202999356736 -15.1815348892377,-44.2028835143672;-15.1787134645827,-44.2045278908916 -15.1789111610262,-44.2045327286614 -15.1790775938568,-44.2045656868807 -15.179416618703,-44.2048293559756 -15.1800953984161,-44.2052509034101;-15.1780691495077,-44.2060190404487 -15.178011878791,-44.2060345309047 -15.1779378451642,-44.206025738488 -15.1776245691388,-44.2058939261225 -15.1772179013926,-44.2057437900651 -15.1770453040352,-44.2056965031178 -15.1766108552075,-44.2055877431392 -15.176238470498,-44.2054813475079 -15.1759959771218,-44.2053786461694;-15.1785027270811,-44.2020557424711 -15.1784822396983,-44.2020863394922 -15.1785298422794,-44.202421265374 -15.1785929601753,-44.2026361044217 -15.178640019423,-44.2027460856538 -15.1787813320529,-44.2029263464307 -15.1788899442967,-44.2032220169634 -15.178969143891,-44.2035798441987 -15.1789747750564,-44.2037021446521 -15.1787134645827,-44.2045278908916;-15.1783703333009,-44.2091811181567 -15.1783733868282,-44.2092319728814 -15.1788689204393,-44.2100473861389 -15.1794277411406,-44.210579514326;-15.1783110885609,-44.2092681227777 -15.1779423168133,-44.2100736317754 -15.1778761311194,-44.210282452474 -15.1778045798508,-44.2106121650918 -15.1778158577002,-44.2108714098849 -15.1779906685862,-44.2115806978651 -15.1780655618656,-44.2121982861572 -15.1780414524979,-44.2125642319169 -15.1774085839745,-44.2140677206924 -15.1772867431841,-44.214576503071 -15.1772764105979,-44.2147642117195;-15.1800700657514,-44.2053474887462 -15.1793873019254,-44.20489850474 -15.1790413900057,-44.2046520131069 -15.1789078517295,-44.2046060381008 -15.1787828203106,-44.2046314325016 -15.1787028967765,-44.204672556176;-15.1794105201637,-44.2105932911075 -15.1788473942182,-44.2100628850182 -15.1783540132292,-44.2092517770049 -15.1783110885609,-44.2092681227777;-15.1784414612882,-44.2020472381745 -15.1763040264855,-44.2014776136153;-15.1815348892377,-44.2028835143672 -15.1785027270811,-44.2020557424711;-15.1817231832904,-44.2031108527801 -15.1819056626344,-44.2030288104256 -15.1821353090108,-44.2030297459066 -15.1828962575063,-44.203256005423;-15.3038464765704,-44.1834795653182 -15.3046191468638,-44.1838520386689;-15.3073809130259,-44.1782163174674 -15.3082941145231,-44.178385943196;-15.3042894030285,-44.1826105835879 -15.3048878298138,-44.1813415495266;-15.3038768425621,-44.1834034444075 -15.3046502997425,-44.1837803919903;-15.3031760467738,-44.184822045663 -15.3038464765704,-44.1834795653182;-15.3056652942106,-44.1816870309479 -15.3049214079992,-44.1812576020454;-15.3058690604954,-44.1812501119149 -15.3053536137746,-44.1808414823106 -15.3053015085394,-44.1807555080803 -15.3052673340918,-44.1806347905141 -15.3052886132181,-44.1805384433591;-15.3050207206392,-44.1829977101548 -15.3042894030285,-44.1826105835879;-15.3048878298138,-44.1813415495266 -15.30563564529,-44.1817389819752;-15.3053340144704,-44.1804608536688 -15.3061640949044,-44.1786827445938;-15.3052089374556,-44.1804980492443 -15.3048216546142,-44.1812400634386 -15.3041801508868,-44.1825998247269 -15.3030809728204,-44.1847710822338;-15.3049774521409,-44.183094342895 -15.3042461168303,-44.1826911712324;-15.3060988829882,-44.1786564042126 -15.3052442526661,-44.1804243534114;-15.3060868322633,-44.1808468220703 -15.3053340144704,-44.1804608536688;-15.3042461168303,-44.1826911712324 -15.3038768425621,-44.1834034444075;-15.3052442526661,-44.1804243534114 -15.3045645469446,-44.1799944572466;-15.3056511165903,-44.1777298740133 -15.305809313193,-44.177861696256 -15.3059283629475,-44.1779359509842 -15.3060586899857,-44.178001614996 -15.30614142964,-44.1780360896658 -15.3062588180355,-44.1780855068444 -15.3064288836462,-44.1780864097269 -15.3067192200741,-44.1780631986773 -15.3069439941897,-44.1780671721188 -15.3070775833127,-44.1781055645701 -15.3072818715693,-44.1781784858709;-15.3049214079992,-44.1812576020454 -15.3051878289127,-44.1807369745583;-15.3051878289127,-44.1807369745583 -15.3052674093222,-44.1808659451852 -15.3053957130191,-44.1810071579979 -15.3058334123083,-44.1813132058878;-15.3045645469446,-44.1799944572466 -15.3046290436977,-44.1798952716195 -15.3054255490063,-44.1782019229579 -15.3056511165903,-44.1777298740133;-15.3044667526658,-44.1800344568963 -15.3052089374556,-44.1804980492443;-15.3052886132181,-44.1805384433591 -15.305333344923,-44.1805303544971 -15.3060653013264,-44.1808860024212;-15.3067110243589,-44.1817335889958 -15.3059664283334,-44.1813076547987;-15.3037472807073,-44.1857403779077 -15.3059128689106,-44.1814030827552;-15.3058334123083,-44.1813132058878 -15.3056652937296,-44.1816870309479;-15.3046191468638,-44.1838520386689 -15.303689672007,-44.1857157431724;-15.3049774521409,-44.183094342895 -15.3046502997425,-44.1837803919903;-15.3059128689106,-44.1814030827552 -15.3064778009968,-44.1816935535482 -15.3066698924079,-44.1818028475538;-15.30563564529,-44.1817389819752 -15.3050207206392,-44.1829977101548;-15.3072818715693,-44.1781784858709 -15.307148638897,-44.1784310553603 -15.3070643203152,-44.178772443191 -15.3069326208147,-44.1791865059446 -15.3060868322633,-44.1808468220703;-15.3059664283334,-44.1813076547987 -15.3067971577635,-44.1796017501869 -15.3070069277245,-44.1792162776286 -15.3071509037082,-44.1787950540308 -15.3072364741959,-44.1784684079168 -15.3073809130259,-44.1782163174674;-15.3058690604954,-44.1812501119149 -15.3060653013264,-44.1808860024212;-15.3417026999782,-44.232210193532 -15.3419017366828,-44.2322428225 -15.342107299181,-44.2322787143648 -15.3425388172823,-44.2324092302366 -15.3426095249579,-44.2324135518199;-15.3406357327258,-44.2292540090344 -15.3417026999782,-44.232210193532;-15.3428561339958,-44.2280597888069 -15.3427386697111,-44.22813809833 -15.3422459722948,-44.228330609241 -15.3406357327258,-44.2292540090344;-15.3570333170177,-44.2255876250964 -15.3567930878343,-44.2253556630868 -15.3567878813335,-44.2253502903675 -15.356771471143,-44.2253342503265 -15.3567614785216,-44.2253250734293 -15.356584772267,-44.225184361005 -15.3551291124336,-44.2241288138913 -15.354467152246,-44.2231140529876 -15.3539997422799,-44.2223733754148 -15.3539569042943,-44.2223642156442;-15.3552840545719,-44.2262778861782 -15.3567775262084,-44.2256881717982 -15.3570333170177,-44.2255876250964;-15.3319021815879,-44.2358320089761 -15.3325384464632,-44.2372513690826 -15.3328119521646,-44.2379606744585 -15.3330303281552,-44.2386348373243;-15.3539260212054,-44.2222746727867 -15.3530551104622,-44.2208139091054;-15.3536926096538,-44.2223609527474 -15.3539260212054,-44.2222746727867;-15.3476764513435,-44.2297362119838 -15.3468867235826,-44.2285488816872;-15.353116564309,-44.2225869272418 -15.3527718096262,-44.2215558731691;-15.3356774521525,-44.2367471634211 -15.3349693045766,-44.2346622604746;-15.3349693045766,-44.2346622604746 -15.3399174875684,-44.2327763061262 -15.3410130051679,-44.2323749698202 -15.3416081173852,-44.2323230470913 -15.3416778203901,-44.2323313222968 -15.3418795750286,-44.2323536241912 -15.3420663215974,-44.2323902903662 -15.3424415467299,-44.2325155539733;-15.3315817317119,-44.2398083541972 -15.3330488858808,-44.2387474072638 -15.3341631651368,-44.2378566364384 -15.3356649133874,-44.2368581900186 -15.3360923528677,-44.2365808437909 -15.3361251957304,-44.2365303973247;-15.3341611258263,-44.2377342778085 -15.3355804859328,-44.2367913006343;-15.3570868913526,-44.2255406989387 -15.3566248447182,-44.2251346018288 -15.3551834600584,-44.2240790547152 -15.354026763144,-44.2222877243739 -15.3531392345226,-44.2208305148466;-15.3603511784675,-44.2227651937161 -15.3612527539965,-44.2249004889837 -15.3612625728807,-44.2249763222401;-15.3341611258263,-44.2377342778085 -15.3332907481058,-44.2353001567983;-15.3446825404776,-44.2312704792546 -15.3426095249579,-44.2324135518199;-15.353116564309,-44.2225869272418 -15.3536098799511,-44.2223880794508;-15.3536926096538,-44.2223609527474 -15.3534685491186,-44.2217404288234;-15.3551485650747,-44.2263332099289 -15.3537187276025,-44.2268633506149 -15.3521188945751,-44.2275142541852 -15.3518765713449,-44.227561153702 -15.3516174152693,-44.2275332476577 -15.3513187849733,-44.2274745848977 -15.3509366991018,-44.2275575630359 -15.3504051217506,-44.2278721142691 -15.3494756962289,-44.2284678354814;-15.3526836776251,-44.2215999731303 -15.3534956129189,-44.223913909501 -15.3534248554374,-44.2240588817122 -15.3534039492089,-44.2242305650171 -15.3534518465099,-44.2244614016769 -15.3544807412385,-44.2257376900847 -15.3551485650747,-44.2263332099289;-15.3291572696578,-44.236851664225 -15.3313189387855,-44.2360245198871 -15.3317847173032,-44.2358597435989;-15.3426296672265,-44.2324758645953 -15.3430453181127,-44.2326744592911 -15.346112954915,-44.2343988841865;-15.3494756962289,-44.2284678354814 -15.3479557436546,-44.2267869846699 -15.3475215620397,-44.2262764168467 -15.3471580907912,-44.2256387592979;-15.3476764513435,-44.2297362119838 -15.3474296782818,-44.2298907641763 -15.3470141969672,-44.2301376856462 -15.3466046903937,-44.2303764021138 -15.3457590534127,-44.2307092436382 -15.3447751910945,-44.231225811748;-15.3604870630168,-44.2225824674278 -15.3603218614284,-44.2226769714022 -15.3602900384805,-44.2227007510391 -15.3594890798692,-44.2235122675374 -15.3586954652266,-44.2241282371605 -15.3580976453602,-44.2248006476549 -15.3576130142707,-44.22524013271 -15.3570868913526,-44.2255406989387;-15.3552840545719,-44.2262778861782 -15.3545757326589,-44.2256660952688 -15.3535593705916,-44.2244187895022 -15.3535127241605,-44.224240569777 -15.3535287941915,-44.224105778106 -15.3536080114626,-44.2238934975047 -15.3531809802387,-44.2227007885854;-15.3424415467299,-44.2325155539733 -15.3389709879606,-44.2345563928078 -15.337122000738,-44.2356411295135 -15.3361280745908,-44.236324996113 -15.3360130847788,-44.2365156179315 -15.3356774521525,-44.2367471634211;-15.336167399494,-44.2364633795063 -15.3362068195593,-44.2363741310025 -15.3371722361057,-44.2357232883869 -15.3390092393881,-44.2346428896451 -15.3425083090817,-44.2325516693911;-15.3477716358769,-44.229665846163 -15.3470048966662,-44.2284700231903;-15.3312720471191,-44.2399606144602 -15.3329658859435,-44.238703358157;-15.3330303281552,-44.2386348373243 -15.3340614035429,-44.2377995357444;-15.3429440282782,-44.2280238969421 -15.3470678312387,-44.2256991257329;-15.3317847173032,-44.2358597435989 -15.3324666627336,-44.2372986810861 -15.3327423775129,-44.2379920466554 -15.3329658859435,-44.238703358157;-15.348276003663,-44.2292946272032 -15.3475402538024,-44.2282880262338;-15.3536098799511,-44.2223880794508 -15.3533830709977,-44.2217730564974;-15.3361251957304,-44.2365303973247 -15.336376224889,-44.2367505144243 -15.3368126373355,-44.2372758408086 -15.3371030351504,-44.2377538551893 -15.337404445242,-44.2382269752248 -15.3378400419643,-44.2388142966481 -15.337981971602,-44.2389172435909;-15.3447751910945,-44.231225811748 -15.3429440282782,-44.2280238969421;-15.3493852247194,-44.2285310360645 -15.3483686717499,-44.2292307067523;-15.3340614035429,-44.2377995357444 -15.3331902100983,-44.2353360486631;-15.3315817317119,-44.2398083541972 -15.331842470393,-44.2403618760403 -15.3321878005767,-44.2409584279191 -15.332607309169,-44.2413884011845 -15.3334899406662,-44.2421387065846 -15.3338549648637,-44.2424199476593 -15.3341170033747,-44.2425830555358 -15.3345330819227,-44.2425603085334;-15.3426296672265,-44.2324758645953 -15.3444185199533,-44.2315149228066 -15.3447792423757,-44.2313326992798 -15.3458033657245,-44.2307924805363 -15.34666306872,-44.2304599427307 -15.3477732906886,-44.2297969865235 -15.3484039213138,-44.2293513617391 -15.3495199614947,-44.2285888366737 -15.350460966948,-44.2279652364681 -15.3509721953159,-44.2276681093913 -15.3513120904474,-44.2275956217618 -15.3515977196469,-44.2276435795406 -15.3518862373668,-44.2276924102531 -15.3521476663733,-44.2276211680226 -15.3537627845448,-44.2269603155166 -15.3545217184986,-44.2266778304718 -15.3552767030663,-44.226404681102 -15.3571207543837,-44.2256489684212 -15.3576827757363,-44.2253260602226 -15.3581649320062,-44.2248662285673 -15.3587643501288,-44.2242052483809 -15.3595480550911,-44.2235852568109 -15.3603511784675,-44.2227651937161;-15.3431032793114,-44.2328461123391 -15.3432984715359,-44.2332785238283 -15.3437642046045,-44.2340959993543 -15.344157511577,-44.234614441098;-15.3477716358769,-44.229665846163 -15.348276003663,-44.2292946272032;-15.3331902100983,-44.2353360486631 -15.3319021815879,-44.2358320089761;-15.3493852247194,-44.2285310360645 -15.3478996817206,-44.2268449815573 -15.3474541438701,-44.2263284640308 -15.3470678312387,-44.2256991257329;-15.3312720471191,-44.2399606144602 -15.3301410330419,-44.2383134419898 -15.3298702126078,-44.2378435848511 -15.3291572696578,-44.236851664225;-15.3430357297317,-44.2328296584038 -15.3426870286149,-44.2326268247998 -15.3425083090817,-44.2325516693911;-15.3355804859328,-44.2367913006343 -15.3348789631215,-44.2346899950973;-15.3441003425186,-44.2346572288943 -15.3437287528811,-44.2341160616117 -15.3432633408114,-44.2332976656019 -15.3432626408758,-44.2332963209936 -15.3430357297317,-44.2328296584038;-15.3531809802387,-44.2227007885854 -15.3539569042943,-44.2223642156442;-15.3348789631215,-44.2346899950973 -15.3332907481058,-44.2353001567983;-15.3458577919465,-44.2343739108634 -15.3431032793114,-44.2328461123391;-15.3446825404776,-44.2312704792546 -15.3428561339958,-44.2280597888069;-15.3380063957047,-44.2388570424154 -15.3378722630702,-44.2387702475414 -15.3374497179351,-44.2381894519116 -15.3371515707403,-44.2377163318761 -15.3368681065811,-44.2372399489438 -15.3364145639264,-44.2367015709724 -15.336167399494,-44.2364633795063;-15.3483686717499,-44.2292307067523 -15.3476281759355,-44.2282212330542;-15.3365390899064,-44.2443794736269 -15.3367396236467,-44.2441280897749;-15.3368122722128,-44.2440756232218 -15.3352545977422,-44.2423579682628;-15.3352545977422,-44.2423579682628 -15.3351624209077,-44.2423432852272 -15.3347323303238,-44.2425125479985 -15.3345330819625,-44.242560308521;-15.334734101582,-44.2425922507575 -15.3345211823398,-44.2426110954183;-15.3490877149576,-44.2364042216786 -15.3489911893244,-44.2362571669775 -15.3485996417088,-44.2358900910879 -15.3482407230612,-44.235648636725 -15.3470481342821,-44.2349927944689 -15.345860747377,-44.2343768662939;-15.3348307201847,-44.2425691877554 -15.3351663683394,-44.2424313140834;-15.3351663683394,-44.2424313140834 -15.3352336666954,-44.2424397504938 -15.3367396236467,-44.2441280897749;-15.3490877149576,-44.2364042216786 -15.3489406427755,-44.2366840402089 -15.3479047873852,-44.2369742845989 -15.3474356032767,-44.2371454906304 -15.3473522266649,-44.2371855615745 -15.3467919425776,-44.2374048002571 -15.3466555064574,-44.2374806043844;-15.3466555064574,-44.2374806043844 -15.3441591660494,-44.2346162824702;-15.3465825992902,-44.2375347934762 -15.3461844250997,-44.2378863382942;-15.3461844250997,-44.2378863382942 -15.3459719779036,-44.2376351189418;-15.3459355017432,-44.2376635254493 -15.3461430455409,-44.2379281172234;-15.3461430455409,-44.2379281172234 -15.3456799179889,-44.2383148100997 -15.3446151209214,-44.2388620840754 -15.3429621760198,-44.2397470111069 -15.3422437662252,-44.2402077357423 -15.341916658142,-44.240444867478 -15.3414070959767,-44.240846781021 -15.3408815519998,-44.2412367182509 -15.3406175001769,-44.2414361244206;-15.3406175001769,-44.2414361244206 -15.340439122777,-44.2411615069178 -15.3398166617613,-44.2406277399023 -15.339306744648,-44.2400756778504 -15.3380070485326,-44.2388576542197;-15.3403610186456,-44.2412044949889 -15.3400951339765,-44.2409416961246 -15.33991713831,-44.2408641996029 -15.339751395848,-44.2406791385041 -15.3392702481316,-44.240113034248 -15.3379833618912,-44.2389185340706;-15.3403610186456,-44.2412044949889 -15.3396194349591,-44.2418035033796 -15.3393325094559,-44.2420307674567 -15.339210537069,-44.2421749955743;-15.3394461622029,-44.2420494593238 -15.339555665613,-44.2419421697326 -15.34040843915,-44.241243036473;-15.3368122722128,-44.2440756232218 -15.337198221264,-44.243783023103 -15.3378835769264,-44.2432200675478 -15.3382001749009,-44.2429478370876 -15.3386306183454,-44.2425972509286 -15.3389250320186,-44.2423146510993 -15.339210537069,-44.2421749955743;-15.3348307201847,-44.2425691877554 -15.3365390899064,-44.2443794736269;-15.334734101582,-44.2425922507575 -15.3364654194223,-44.2444686008478;-15.3441009227507,-44.2346579396851 -15.3465825992902,-44.2375347934762;-15.3405488480199,-44.2414909681628 -15.34040843915,-44.241243036473;-15.3394461622029,-44.2420494593238 -15.3395853197378,-44.2420119812931 -15.3400549722787,-44.241806981134 -15.3404575418246,-44.2415633277571 -15.3405488480199,-44.2414909681628;-15.3364654194223,-44.2444686008478 -15.336238701319,-44.2447603657553 -15.3360663781479,-44.245097512021 -15.3354895225258,-44.2461132194187 -15.3351468112374,-44.24689564095 -15.3347652703807,-44.2477814799363 -15.3344146462118,-44.2486219253242 -15.334215212846,-44.2495188370795 -15.3339783966536,-44.2501017099441 -15.333812083187,-44.2504393601222 -15.3335801167483,-44.2508003828509 -15.332325918347,-44.2519483652398 -15.3317604431353,-44.2525692037874 -15.3313208744188,-44.2530985135222 -15.3307668581181,-44.2539020647008 -15.3301010464615,-44.254999687982 -15.3293773345211,-44.2560501003549 -15.3288970154343,-44.2567785821096 -15.3280714534261,-44.257895766663 -15.3273593020139,-44.25890629904 -15.3269808324794,-44.2594574645934 -15.3260232772833,-44.2609955301996 -15.3257947831275,-44.2613614044949 -15.3255303011419,-44.2617388196356 -15.3244556256739,-44.2626005647289 -15.3240210971142,-44.2627842904759 -15.3236050976709,-44.2628438302774 -15.3230640226257,-44.2629204922222 -15.3225546476215,-44.2630185251986 -15.3215549176801,-44.2633616428039 -15.3200987323084,-44.2638712563722 -15.3193785286932,-44.2641733634843 -15.3187486068085,-44.2643520869713 -15.3180880684613,-44.2644785023579 -15.3178374879562,-44.2645739128358;-15.2766464223767,-44.233309665465 -15.2773303357132,-44.2337375437918;-15.2766139023663,-44.2332118597862 -15.2759049863756,-44.2322837765574 -15.2756978437514,-44.231938596345 -15.2756098269519,-44.2317204970729 -15.2754781184815,-44.2315355850437 -15.2754288244388,-44.2314893228162 -15.2753192499113,-44.2312778921497;-15.2774018190468,-44.233715113749 -15.2766139023663,-44.2332118597862;-15.2768344120459,-44.2336268259498 -15.2766464223767,-44.233309665465;-15.276704246658,-44.2335467647596 -15.2766077864631,-44.2334972226427 -15.2761798279701,-44.2332928099098 -15.2759824709773,-44.2332224497854 -15.275835933174,-44.2331742956035 -15.2755988618548,-44.2330961903137 -15.2751116539576,-44.2329563198521 -15.2750600638186,-44.2329432399364;-15.275363458158,-44.2315327264081 -15.2753831371007,-44.2315404457425 -15.2754138214014,-44.231583591608 -15.2755464521496,-44.2317712929495 -15.2756212369888,-44.231960522058;-15.2772530638859,-44.2338724811618 -15.2768344120459,-44.2336268259498;-15.2749821352439,-44.2329242057621 -15.2746813060894,-44.2328784703525 -15.2743474602525,-44.2328151572582;-15.2742821345247,-44.2328080625834 -15.2740277443238,-44.2328031925042;-15.2752156707206,-44.2311952824813 -15.2753509659598,-44.2314624939683;-15.2750600638186,-44.2329432399364 -15.2750789053577,-44.2328714740699 -15.2756655031298,-44.2320442372554;-15.2756212369888,-44.231960522058 -15.2749938522877,-44.2328546808186 -15.2749821352439,-44.2329242057621;-15.2743474602525,-44.2328151572582 -15.275363458158,-44.2315327264081;-15.2773303357132,-44.2337375437918 -15.2772530638859,-44.2338724811618;-15.2753509659598,-44.2314624939683 -15.2742821345247,-44.2328080625834;-15.2756655031298,-44.2320442372554 -15.2758534441092,-44.2323396890439 -15.276541342913,-44.2332466953827 -15.276704246658,-44.2335467647596;-15.2759313886508,-44.2333032597533 -15.2757040389812,-44.2338760055156 -15.2756237239768,-44.2340637865997 -15.2755932542019,-44.2342463006109;-15.2759794389198,-44.2333190418871 -15.276146894613,-44.2333712234318 -15.2765855852291,-44.233575359453;-15.2756370685725,-44.2342481587443 -15.2756630042073,-44.2340725122084 -15.2757448503667,-44.2338899331056 -15.2759794389198,-44.2333190418871;-15.2740525725172,-44.2329104376895 -15.2742296037361,-44.2329213467044 -15.2746680713396,-44.2329878858017 -15.275085785007,-44.2330478943531 -15.275571748795,-44.2331809349395 -15.2758018038994,-44.2332606484789 -15.2759313886508,-44.2333032597533;-15.3703241448033,-44.2617739554452 -15.3707707205812,-44.2623760250681;-15.3689403019483,-44.2598574239254 -15.368823083373,-44.2597079219998;-15.3688574773574,-44.2618307515959 -15.3684438959155,-44.2620302330299 -15.3681697694852,-44.2621694923313 -15.3678780540856,-44.2623176870264;-15.367532301947,-44.2618479203981 -15.3654664178255,-44.2630600220613;-15.368987727678,-44.2618472964373 -15.3691962871026,-44.2622351649621;-15.3681791974781,-44.2628938245467 -15.3691483818093,-44.2624063304093;-15.3690921569429,-44.262298433088 -15.3681176910646,-44.2627990211623;-15.3689652949959,-44.2598430405894 -15.3688438268011,-44.2596932002614;-15.3672103473356,-44.2627997053699 -15.3678381150873,-44.2624264573778;-15.3690281184927,-44.2598017021846 -15.3689652949959,-44.2598430405894;-15.3686113368061,-44.261299432629 -15.3684063691309,-44.260875991084;-15.3673282472272,-44.261451949196 -15.367532301947,-44.2618479203981;-15.3684567402482,-44.2634224397372 -15.3681791974781,-44.2628938245467;-15.3678381150873,-44.2624264573778 -15.3680502647196,-44.2628328408647;-15.3688902073921,-44.2618882810991 -15.3679089797035,-44.2623912484421;-15.3691293121062,-44.2599075224972 -15.3697099157183,-44.2605055003429;-15.3676219829161,-44.26179863147 -15.3674176962643,-44.2614097052391;-15.3674176962643,-44.2614097052391 -15.3684063691309,-44.260875991084;-15.3690281184927,-44.2598017021846 -15.3688933672054,-44.2596575503806;-15.3686521329288,-44.2614001881647 -15.3682513253554,-44.2616182068687 -15.3679710576724,-44.261764088487 -15.3676821620593,-44.2619144610133;-15.3696626626027,-44.2608951554469 -15.3699134031396,-44.2612341354195;-15.368742952388,-44.2613515928584 -15.3696626626027,-44.2608951554469;-15.3702608669104,-44.2616866746179 -15.3699833948342,-44.261326583727;-15.3691483818093,-44.2624063304093 -15.3694906762326,-44.263061888192;-15.3678780540856,-44.2623176870264 -15.3676821620593,-44.2619144610133;-15.3689403019483,-44.2598574239254 -15.3649433951705,-44.2621248041515;-15.3697099157183,-44.2605055003429 -15.3696295280078,-44.2605350546483 -15.3695493981761,-44.2605275640699 -15.3693845439153,-44.2602935092065 -15.3691736761458,-44.2600407535939 -15.3691293121062,-44.2599075224972;-15.3695900466864,-44.2608083321603 -15.3687092940868,-44.2612425098826;-15.3684989295808,-44.2608323578937 -15.3693307058376,-44.2603930322678;-15.3689406076714,-44.2617478564941 -15.368742952388,-44.2613515928584;-15.3690064613067,-44.2599515545692 -15.3692661820427,-44.2602982328633;-15.3650012615642,-44.2622283814918 -15.3690064613067,-44.2599515545692;-15.3687092940868,-44.2612425098826 -15.3684989295808,-44.2608323578937;-15.3686113368061,-44.261299432629 -15.3676219829161,-44.26179863147;-15.3691962871026,-44.2622351649621 -15.3702608669104,-44.2616866746179;-15.3654961613117,-44.2631855390798 -15.3675883815666,-44.261955620654;-15.3699833948342,-44.261326583727 -15.368987727678,-44.2618472964373;-15.3671634218915,-44.2627244589919 -15.3677978264764,-44.2623667521849;-15.3695900466864,-44.2608083321603 -15.3693307058376,-44.2603930322678;-15.3699134031396,-44.2612341354195 -15.3689406076714,-44.2617478564941;-15.3677978264764,-44.2623667521849 -15.3675883815666,-44.261955620654;-15.3690921569429,-44.262298433088 -15.3688902073921,-44.2618882810991;-15.3695698348508,-44.2630108158652 -15.3692163952086,-44.2623587211584;-15.3688574773574,-44.2618307515959 -15.3686521329288,-44.2614001881647;-15.3652302366079,-44.2626324689076 -15.3673282472272,-44.2614519491961;-15.3692163952086,-44.2623587211584 -15.3703241448033,-44.2617739554452;-15.3674813928585,-44.26326563144 -15.3680981846095,-44.2629212968796;-15.3708424366979,-44.262330774239 -15.3698554126342,-44.2609947471915 -15.3698644385297,-44.2609160436359 -15.3699443892373,-44.260839197117 -15.3699981894333,-44.2608258358101;-15.3699981894333,-44.2608258358101 -15.371546863565,-44.2624671673581;-15.3681176910646,-44.2627990211623 -15.3679089797035,-44.2623912484421;-15.3692661820427,-44.2602982328633 -15.3651857042585,-44.262551276757;-15.3680981846095,-44.2629212968796 -15.3683716589516,-44.2634623484394;-15.3674286915871,-44.2631750381847 -15.3680502647196,-44.2628328408647;-15.1910589386193,-44.2039355815344 -15.1910589386193,-44.2038933188253;-15.1923494865372,-44.2037208285061 -15.1922195142681,-44.2026238078202;-15.1915483585232,-44.2039237597976 -15.1915448120021,-44.2038803149148;-15.1909241708197,-44.20389804752 -15.1903573185398,-44.2039228731673;-15.1909203413764,-44.2038114034033 -15.1903680620293,-44.2038358191923;-15.1920948943282,-44.2025160817617 -15.1915615582242,-44.2025632315591;-15.1909066972782,-44.2027086399694 -15.1909203413764,-44.2038114034033;-15.1929669669402,-44.2038161819926 -15.1942995722219,-44.2036994423417;-15.1922115931937,-44.2025260356709 -15.1921574585223,-44.202088004824;-15.1903567274529,-44.2039698645712 -15.1903573185398,-44.2039228731673;-15.1923652405366,-44.2038634689399 -15.1928653000036,-44.203822092861;-15.1908986484235,-44.2012891204402 -15.1909216199594,-44.2009484110116;-15.1916795798018,-44.2039202132765 -15.1916736689334,-44.2038773594806;-15.1922505696896,-44.2038223884045 -15.1916736689334,-44.2038773594806;-15.1874380262458,-44.2039851745171 -15.1902389629753,-44.2039682428299;-15.1903567274529,-44.2039698645712 -15.1909253529934,-44.2039367637081;-15.1903914223627,-44.2026290139045 -15.1909066972782,-44.2026047768192;-15.1942457833194,-44.2036494955036 -15.1929643070494,-44.2037659396112;-15.1910269780125,-44.2027086399694 -15.1910514488763,-44.2038180042404;-15.1922552983843,-44.2038634689399 -15.1922505696896,-44.2038223884045;-15.1929669669402,-44.2038161819926 -15.1929643070494,-44.2037659396112;-15.1909253529934,-44.2039367637081 -15.1909241708197,-44.20389804752;-15.1941641222851,-44.2035729019284 -15.1929653287448,-44.203669297723;-15.1928653000036,-44.203822092861 -15.1928614579392,-44.2037683039586;-15.1916719843655,-44.2037757690536 -15.1922437934844,-44.2037319337949;-15.1914212310497,-44.2025632315591 -15.1913366276369,-44.2013873320221 -15.1910002489664,-44.2010260569355;-15.1910514488763,-44.2038180042404 -15.1915363939584,-44.2037944247953;-15.1909066972782,-44.2026047768192 -15.1908861016175,-44.2014105880995;-15.1928614579392,-44.2037683039586 -15.1923593296682,-44.2038200240571;-15.1910269780125,-44.2025840041891 -15.1914212310497,-44.2025632315591;-15.1929653287448,-44.203669297723 -15.1929494867452,-44.2030963910297 -15.1928306873851,-44.2028021661618 -15.192587990919,-44.2024956319181 -15.1922115931937,-44.2025260356709;-15.1909216199594,-44.2009484110116 -15.1906498690683,-44.2006908475005;-15.1902389629753,-44.2039682428299 -15.1902915382885,-44.2014545280627 -15.1908986484235,-44.2012891204402;-15.1915615582242,-44.2025632315591 -15.1914344232168,-44.2013423714915 -15.1908549216872,-44.2007677152644;-15.1903921622521,-44.2027432610195 -15.1909066972782,-44.2027086399694;-15.1923652405366,-44.2038634689399 -15.1923593296682,-44.2038200240571;-15.1903914223627,-44.2026290139045 -15.1903928250769,-44.2015360580216 -15.1908861016175,-44.2014105880995;-15.1915682404683,-44.2026947915494 -15.1916719843655,-44.2037757690536;-15.1922195142681,-44.2026238078202 -15.1925390200677,-44.202598247558 -15.1927445588333,-44.2029094608626 -15.1928247453013,-44.2031275617265 -15.1928552850261,-44.2036829131115;-15.1910589386193,-44.2039355815344 -15.1915483585232,-44.2039237597976;-15.1903680620293,-44.2038358191923 -15.1903921622521,-44.2027432610195;-15.1928552850261,-44.2036829131115 -15.1923494865372,-44.2037208285061;-15.1915448120021,-44.2038803149148 -15.1910589386193,-44.2038933188253;-15.1922437934844,-44.2037319337949 -15.1921095015357,-44.2026515046602;-15.1921095015357,-44.2026515046602 -15.1915682404683,-44.2026947915494;-15.1920948943282,-44.2025160817617 -15.1920511100284,-44.2020957886245;-15.1914479600426,-44.2026947915494 -15.1910269780125,-44.2027086399694;-15.1916795798018,-44.2039202132765 -15.1922552983843,-44.2038634689399;-15.1915363939584,-44.2037944247953 -15.1914479600425,-44.2026947915494;-15.1910269780125,-44.2025840041891 -15.1910002489664,-44.2010260569355;-15.3157580101864,-44.2620749805821 -15.3156903275489,-44.2615848041752 -15.3157647196113,-44.2606408018371 -15.3157877537216,-44.2605393198019 -15.315821280493,-44.260447292132 -15.3158748348506,-44.2603504095644 -15.3159462319288,-44.2602790124863 -15.3160413003997,-44.2602338904349 -15.3161982102527,-44.2601750492401 -15.3164639693671,-44.2600580177034 -15.3166647278843,-44.2599249849511 -15.317027596473,-44.2595814693538 -15.3170819329537,-44.2593995602663 -15.3171629359954,-44.2589675440439 -15.317304021135,-44.2585730321636;-15.3173487222703,-44.2586276147291 -15.317211728289,-44.2589786321544 -15.3171302170514,-44.2594126128141 -15.3170668244808,-44.2596131843919 -15.3166941518573,-44.259965468506 -15.3164898084957,-44.2601008767577 -15.3164860744858,-44.2601029167327 -15.3162164225374,-44.2602216196567 -15.3160596762807,-44.260280399503 -15.3159784013245,-44.2603175537687 -15.3159127701825,-44.2603831849106 -15.3158661531879,-44.2604694263506 -15.3158353137597,-44.2605548278442 -15.3158138929852,-44.2606500312865 -15.3157403929797,-44.2615859313568 -15.3158103884156,-44.2620673410143 -15.3159550716002,-44.262842043296;-15.3618326204011,-44.2521077345554 -15.3622030521316,-44.2520954119933 -15.3626203429246,-44.2520972703307 -15.3630464725736,-44.2521215568441 -15.3634071355774,-44.252158170123 -15.3637122448209,-44.2522454291933 -15.3637955383932,-44.2522610893371 -15.36391209307,-44.252255360972 -15.3642605993355,-44.2521845332617 -15.3642621499399,-44.2521842686287 -15.365045541944,-44.2520758121702 -15.3662536465434,-44.2518223953106 -15.367198841185,-44.251527485711 -15.3707470729854,-44.2499234687518 -15.3709731180952,-44.249802733928 -15.3710099494311,-44.2497526636736;-15.3692961901712,-44.2455463249394 -15.3683772572426,-44.2456603921152 -15.3678087341792,-44.245803405859 -15.3671205563857,-44.2460494395188 -15.3666805687868,-44.2462606216028 -15.3666743397728,-44.246262658544 -15.366461371943,-44.2463024245271 -15.3664594162452,-44.2463027102229 -15.365860831648,-44.2463661073611 -15.3655286013856,-44.2464432539787 -15.3652968510795,-44.2465086440366 -15.3648811757306,-44.2466868015061 -15.3645275688607,-44.2468381555708 -15.3639857911999,-44.2471838109142 -15.3638900583849,-44.2472470601231 -15.3638867813349,-44.2472488877295 -15.3638088670577,-44.2472849627546 -15.3638076469228,-44.2472854887786 -15.3634922805457,-44.2474116203679 -15.3634904371998,-44.2474122751902 -15.3632070888713,-44.2475006078116 -15.3629683876309,-44.2475872931045 -15.362962910802,-44.2475886070539 -15.362133832877,-44.2476907442332 -15.361872890269,-44.2477480316428 -15.3617244122651,-44.2478625194018 -15.3617377487918,-44.2494139069478 -15.3617247921354,-44.2494360303014 -15.360122176213,-44.2503169404138;-15.3710099494311,-44.2497526636736 -15.3710222844709,-44.2496865399261 -15.3710067868025,-44.2496285139553 -15.3703807922127,-44.2484609755478 -15.3700888033173,-44.2479332023698 -15.3700882170268,-44.2479320760296 -15.3696028074943,-44.2469387300136 -15.3696025046482,-44.2469380872699 -15.3694550989848,-44.2466133520378 -15.3694540161289,-44.2466105223153 -15.369413762338,-44.2464825919696 -15.3694133945588,-44.2464813034958 -15.3693653696946,-44.2462941927874 -15.369364828443,-44.246291459359 -15.3693277816931,-44.2460280454211 -15.3693276356102,-44.2460267700925 -15.3692998606711,-44.2457132930742 -15.3692961901712,-44.2455463249394;-15.3601221762322,-44.2503169402891 -15.3618326204011,-44.2521077345554;-15.3618774225321,-44.2521538434095 -15.3625110956082,-44.2528290148016;-15.363412163654,-44.252203930513 -15.3630434379774,-44.2521611869035 -15.3626200538595,-44.2521429436332 -15.3623897763732,-44.2521385505771 -15.3622025091684,-44.2521383311056 -15.3618774224905,-44.2521538435108;-15.4033098239875,-44.288506357896 -15.4033963817343,-44.2890292987287;-15.4053975808204,-44.2876440032305 -15.4042676517607,-44.2887684878249 -15.4042405107095,-44.2887738460009 -15.4039541994748,-44.2886556858088 -15.4034068081237,-44.2890844757005;-15.4034068081895,-44.289084475522 -15.4037173085151,-44.2906137672965;-15.4041190791903,-44.2918144649918 -15.4068082219083,-44.2889905688505;-15.4068473043053,-44.2890221461512 -15.4041422692973,-44.2918597229378;-15.4037299898549,-44.2906741562378 -15.4038361372749,-44.2911223342331 -15.4041190791903,-44.2918144649918;-15.4059610327649,-44.2882189439563 -15.4037299898013,-44.2906741564454;-15.403717308407,-44.2906137672668 -15.4059229392968,-44.2881868142612;-15.4047373738327,-44.2868287085384 -15.4044382367163,-44.2864554222585 -15.4039720133719,-44.285637407059 -15.4035613062946,-44.2847417823842;-15.4025558046346,-44.2859432768682 -15.4016351801199,-44.286930242214 -15.4000971292952,-44.2888808776884;-15.4011616289829,-44.2844951868964 -15.3984727020957,-44.2872613078122 -15.3980018920779,-44.2899587371992;-15.4054877304966,-44.29330730862 -15.4088075993291,-44.2908214566846;-15.4077336772372,-44.2964236344631 -15.4075004789951,-44.2960379334449 -15.4071961317811,-44.2954435052926 -15.4067199003128,-44.2945884263471 -15.4065613090601,-44.2943568599342 -15.4062485768637,-44.2939931717351 -15.4057984856468,-44.2936451669869 -15.4054686222944,-44.2933567243991 -15.4046855974677,-44.2926751418511 -15.4040928290401,-44.2918709178963 -15.4037918687507,-44.2911349337241 -15.4036785934274,-44.2906723790005 -15.4033560330731,-44.2890791568625 -15.403004927926,-44.2870659175846 -15.4026565175204,-44.2860682834801 -15.4025558046346,-44.2859432768682;-15.408839896782,-44.290858177065 -15.4055201382953,-44.2933399795373;-15.4041422692973,-44.2918597229378 -15.404724136561,-44.2926356779719 -15.4054877304966,-44.29330730862;-15.4055201382953,-44.2933399795373 -15.4058233817406,-44.2936042746208 -15.4062717605706,-44.2939594654311 -15.4065958340851,-44.2943260597791 -15.4067583068341,-44.2945644794429 -15.4072317487612,-44.2954238643276 -15.4075404585325,-44.2960136045375 -15.4077676337286,-44.2964006959724;-15.4000609275302,-44.2888462220226 -15.4015965779633,-44.2868984470866 -15.4015979161772,-44.2868968887256 -15.4025272318488,-44.2859006059323;-15.4033963817343,-44.2890292987287 -15.4039348435097,-44.2886073339848 -15.4039597972505,-44.2886039053378 -15.4042442350186,-44.2887212923532 -15.4053715477292,-44.2876083910568;-15.4025272318488,-44.2859006059323 -15.4024632421174,-44.2857705662225 -15.4018752200544,-44.2851939555806 -15.4011616289829,-44.2844951868964;-15.408839896782,-44.290858177065 -15.4113964643448,-44.2932301063103 -15.4115475132063,-44.2935143906627;-15.4088075993291,-44.2908214566846 -15.4069359022389,-44.2891026418064 -15.4068473043053,-44.2890221461512;-15.4068082219083,-44.2889905688505 -15.4059610327649,-44.2882189439563;-15.4059229392968,-44.2881868142612 -15.4054810078232,-44.2877473084513 -15.4053975808204,-44.2876440032305;-15.4053715477292,-44.2876083910568 -15.404765948214,-44.2868665719087;-15.4035613062946,-44.2847417823842 -15.4027062498642,-44.2860607575225;-15.4027062498642,-44.2860607575225 -15.4030504960912,-44.2870440632289 -15.4032990866439,-44.2884428373468;-15.4032990866439,-44.2884428373468 -15.4047373738327,-44.2868287085384;-15.404765948214,-44.2868665719087 -15.4033098239875,-44.288506357896;-15.3910732014854,-44.2791818548074 -15.3922065966009,-44.2776627679289;-15.3946696031996,-44.280505265442 -15.3910670769539,-44.2792356547559 -15.3897410521855,-44.2788183338473;-15.3922573173369,-44.2776794235056 -15.3911190211663,-44.2791995189125;-15.389478542458,-44.2786370575602 -15.3897431696563,-44.2787662792688 -15.3910732014854,-44.2791818548074;-15.3883823431022,-44.2803877224482 -15.3896930028034,-44.2787980139265;-15.3911190211663,-44.2791995189125 -15.3947214052988,-44.2804677527556 -15.3954046341195,-44.2806957709603;-15.3897410521855,-44.2788183338473 -15.3884137268667,-44.2804295540991 -15.3875854396098,-44.2814077700047;-15.3896930028034,-44.2787980139265 -15.3894584749967,-44.2786865438437 -15.3878406892142,-44.2781150450052;-15.3922573173369,-44.2776794235056 -15.3961314338055,-44.2787921614397;-15.3917794821698,-44.2847075691792 -15.3946696031996,-44.280505265442;-15.3922065966009,-44.2776627679289 -15.3901859177804,-44.2770962754084;-15.4907007397852,-45.1626533936091 -15.4909428880462,-45.161422644302;-15.4886587288285,-45.1624928543008 -15.4894650766095,-45.1613639726741 -15.4896415658775,-45.1610080461696;-15.4887868369938,-45.1526793756596 -15.4885445171261,-45.1535462312689;-15.4869392549507,-45.1537369079943 -15.4869264621196,-45.153603454355;-15.4899172531958,-45.159745769222 -15.4903027023392,-45.1598321574854;-15.4877568081767,-45.1541403485213 -15.4869392549507,-45.1537369079943;-15.4908597882208,-45.1613976604111 -15.4901070144735,-45.1612044706884;-15.4901070144735,-45.1612044706884 -15.4897805904591,-45.1625634604623;-15.4897074026769,-45.1537485808492 -15.4908439256372,-45.1539933380172;-15.4897805904591,-45.1625634604623 -15.4906099739241,-45.1626400701799;-15.4885081292039,-45.1535437247379 -15.4887474378126,-45.1526731806939;-15.4872143600858,-45.1532897552577 -15.4873109549471,-45.1526085949422;-15.488746423303,-45.162469726007 -15.4893516962319,-45.1625217416493;-15.4893516962319,-45.1625217416493 -15.4896023170541,-45.1612449940648;-15.4894037118743,-45.1625288346914 -15.4896869100979,-45.1625584641764;-15.4908925112912,-45.1613116045906 -15.4901227893535,-45.161123233821;-15.4910274110114,-45.160687068849 -15.4908925112912,-45.1613116045906;-15.488938217253,-45.1536929430033 -15.4885465257395,-45.1536220693069;-15.4887569899165,-45.1542743845768 -15.488938217253,-45.1536929430033;-15.4910411455931,-45.160609738191 -15.4902827171954,-45.160386745224;-15.4902827171954,-45.160386745224 -15.4903915891433,-45.1598674139633;-15.4919303339509,-45.1601540846423 -15.4912622310553,-45.1599958034958;-15.4872648082903,-45.1533016090875 -15.4873564810112,-45.1526114390769;-15.488746423303,-45.162469726007 -15.4896023170541,-45.1612449940648;-15.4913116760603,-45.1627185648504 -15.4907007397852,-45.1626533936091;-15.489712138936,-45.1609915679749 -15.4900416463992,-45.1610812289687;-15.4883325002528,-45.1541780272373 -15.4884723962589,-45.1536151123555;-15.4896869100979,-45.1625584641764 -15.4900329028988,-45.1611744929728;-15.4906099739241,-45.1626400701799 -15.4908597882208,-45.1613976604111;-15.4900416463992,-45.1610812289687 -15.4902027766205,-45.1603967377958 -15.4903027023392,-45.1598321574854;-15.4919087749708,-45.160249610375 -15.4912436695233,-45.1600836372107;-15.4917899301187,-45.1608180912429 -15.4919087749708,-45.160249610375;-15.4899172531958,-45.159745769222 -15.489712138936,-45.1609915679749;-15.4884017175746,-45.1542004301003 -15.488627840603,-45.1542476889962 -15.4887569899165,-45.1542743845768;-15.4880119052387,-45.1535251792087 -15.4879602769507,-45.154104748377;-15.4911121006604,-45.1606432212352 -15.4917899301187,-45.1608180912429;-15.4898273135393,-45.1529949743877 -15.4897074026769,-45.1537485808492;-15.4911121006604,-45.1606432212352 -15.4912436695233,-45.1600836372107;-15.4900329028988,-45.1611744929728 -15.4896781665975,-45.1610762326828;-15.4869460309062,-45.1532936846271 -15.4880119052387,-45.1535251792087;-15.4902685300329,-45.1604508654117 -15.4910274110114,-45.160687068849;-15.4901227893535,-45.161123233821 -15.4902685300329,-45.1604508654117;-15.4883325002528,-45.1541780272373 -15.4880227305249,-45.154104748377;-15.4879602769507,-45.154104748377 -15.4877820760857,-45.1540697743754 -15.4872530292572,-45.1538338299781 -15.4870622335881,-45.1537422314027 -15.4869826703364,-45.1536883912158;-15.4884723962589,-45.1536151123555 -15.4880776896701,-45.1535468297811;-15.489671595961,-45.1537435845632 -15.4897990012523,-45.1529916435304;-15.4880227305249,-45.154104748377 -15.4880776896701,-45.1535468297811;-15.4869264621196,-45.153603454355 -15.4864849061182,-45.1535070846538;-15.4885445171261,-45.1535462312689 -15.489671595961,-45.1537435845632;-15.4869826703364,-45.1536883912158 -15.4869460309062,-45.1532936846271;-15.4884017175746,-45.1542004301003 -15.4885465257395,-45.1536220693069;-15.4896781665975,-45.1610762326828 -15.4896175124581,-45.1613878728595 -15.4894037118743,-45.1625288346914;-15.4911575432406,-45.1600588012526 -15.4903915891433,-45.1598674139633;-15.4911575432406,-45.1600588012526 -15.4910411455931,-45.160609738191;-15.4915911810824,-45.1615836772193 -15.4909428880462,-45.161422644302;-15.4913116760603,-45.1627185648504 -15.4915911810824,-45.1615836772193;-15.4898502448718,-45.1555411364229 -15.489384938478,-45.1553294696851 -15.4891943595763,-45.1551439758511 -15.488950804487,-45.154738623247 -15.4877568081767,-45.1541403485213;-15.4892364640274,-45.1594337175987 -15.4895128437046,-45.1576527978492 -15.4896337580157,-45.1568213895964 -15.4898502448718,-45.1555411364229;-15.4895835589317,-45.1577028058 -15.4892972198944,-45.1594482663956;-15.4901844096039,-45.157818968492 -15.4895835589317,-45.1577028058;-15.4896415658775,-45.1610080461696 -15.4900699939388,-45.1583825449422 -15.4901844096039,-45.157818968492;-15.4895963112939,-45.1576155032696 -15.4901972871011,-45.1577367617064;-15.4897153903226,-45.1568869110435 -15.4895963112939,-45.1576155032696;-15.4902767106914,-45.1570392323148 -15.4897153903226,-45.1568869110435;-15.4901972871011,-45.1577367617064 -15.4902767106914,-45.1570392323148;-15.4897335422791,-45.156819710752 -15.490295082873,-45.156967929441;-15.4899444590089,-45.1555866095489 -15.4897335422791,-45.156819710752;-15.4905246775958,-45.1557398831606 -15.4899444590089,-45.1555866095489;-15.490295082873,-45.156967929441 -15.4903981481664,-45.1563710013645 -15.4905246775958,-45.1557398831606;-15.4900951677145,-45.1547812772238 -15.4899635754475,-45.1554743891175;-15.4900951677145,-45.1547812772238 -15.4906556281766,-45.1549228335959;-15.4905267203349,-45.1556342987569 -15.4906556281766,-45.1549228335959;-15.4899635754475,-45.1554743891175 -15.4905267203349,-45.1556342987569;-15.4869100030011,-45.1532223053976 -15.4872143600858,-45.1532897552577;-15.4894121143715,-45.1544694772501 -15.4895686646641,-45.1538199600788;-15.4878771197683,-45.1541311725239 -15.488618500401,-45.1543144576192 -15.4900095766198,-45.1547594852916;-15.4898652601685,-45.155468173703 -15.4900095766198,-45.1547594852916;-15.4878771197683,-45.1541311725239 -15.4889909012982,-45.1546732537878 -15.4892398699681,-45.1551026922533 -15.4894088003517,-45.15528789446 -15.4898652601685,-45.155468173703;-15.4900505226974,-45.1546602924152 -15.4894969176672,-45.1544943413179;-15.4894969176672,-45.1544943413179 -15.4896484766559,-45.1538357561715;-15.4902019513641,-45.1539394315565 -15.4896484766559,-45.1538357561715;-15.4900505226974,-45.1546602924152 -15.4902019513641,-45.1539394315565;-15.4902743940269,-45.1539606145771 -15.4901187834974,-45.1546811767338;-15.4908107902712,-45.1540823287625 -15.4902743940269,-45.1539606145771;-15.4906511163965,-45.1548287530676 -15.4908107902712,-45.1540823287625;-15.4906511163965,-45.1548287530676 -15.4901187834974,-45.1546811767338;-15.4907539729375,-45.1548599107977 -15.4909896900664,-45.1549309451059;-15.4909076692943,-45.1540964212338 -15.4907539729375,-45.1548599107977;-15.491199323762,-45.1541774583489 -15.4909076692943,-45.1540964212338;-15.4909896900664,-45.1549309451059 -15.491199323762,-45.1541774583489;-15.4937578267219,-45.1519767770712 -15.4942549596792,-45.1496821245464;-15.4937578267219,-45.1519767770712 -15.4931219450512,-45.1518452248323;-15.4931219450512,-45.1518452248323 -15.4928867319567,-45.1529040947159;-15.4928867319567,-45.1529040947159 -15.492289923514,-45.1527404889123;-15.4918359351667,-45.1542211571943 -15.492289923514,-45.1527404889123;-15.4909099945866,-45.1540094355815 -15.491262456431,-45.1540997832609 -15.4918359351667,-45.1542211571943;-15.4911404129474,-45.1527807326046 -15.4909099945866,-45.1540094355815;-15.4908439256372,-45.1539933380172 -15.4910773177504,-45.1527719899054;-15.4872648082903,-45.1533016090875 -15.4885081292039,-45.1535437247379;-15.4918936503944,-45.1542334372761 -15.492560383502,-45.1543968099636;-15.4923238452648,-45.1528324070384 -15.4918936503944,-45.1542334372761;-15.4928761945254,-45.1529769004718 -15.4923238452648,-45.1528324070384;-15.492560383502,-45.1543968099636 -15.4927022022969,-45.1537964484818 -15.4928761945254,-45.1529769004718;-15.4935423950513,-45.153057417147 -15.4929669670783,-45.1529224002589;-15.4929669670783,-45.1529224002589 -15.4931775466729,-45.1519442525054;-15.4931775466729,-45.1519442525054 -15.4937487560772,-45.1520596309695;-15.4935423950513,-45.153057417147 -15.4937487560772,-45.1520596309695;-15.4927905333517,-45.153782452525 -15.4933821535332,-45.1538988780064;-15.492948251953,-45.1530150509016 -15.4927905333517,-45.153782452525;-15.4935183419802,-45.1531606584344 -15.492948251953,-45.1530150509016;-15.4933821535332,-45.1538988780064 -15.4935183419802,-45.1531606584344;-15.4926512491206,-45.1544175285755 -15.493234466022,-45.1545617648559;-15.492774865471,-45.153851342898 -15.4926512491206,-45.1544175285755;-15.4933705274446,-45.1539602929816 -15.492774865471,-45.153851342898;-15.493234466022,-45.1545617648559 -15.4933705274446,-45.1539602929816;-15.4923993397341,-45.1553608795436 -15.4930456217942,-45.1555184557118;-15.4926250018077,-45.1544961155897 -15.4923993397341,-45.1553608795436;-15.4932242793188,-45.1546565411376 -15.4926250018077,-45.1544961155897;-15.4930456217942,-45.1555184557118 -15.4932242793188,-45.1546565411376;-15.4922104535837,-45.1560809272091 -15.4928968928113,-45.1562898361249;-15.4923759115144,-45.1554269502634 -15.4922104535837,-45.1560809272091;-15.493031553485,-45.1555978048837 -15.4923759115144,-45.1554269502634;-15.4928968928113,-45.1562898361249 -15.493031553485,-45.1555978048837;-15.4920336632731,-45.1567633474239 -15.4927368980635,-45.1569734414356;-15.4921854103352,-45.1561787320661 -15.4920336632731,-45.1567633474239;-15.4928784451991,-45.1563801821783 -15.4921854103352,-45.1561787320661;-15.4927368980635,-45.1569734414356 -15.4928784451991,-45.1563801821783;-15.4918674299229,-45.1573948120963 -15.492578052961,-45.1576333265998;-15.4920109157868,-45.1568585684252 -15.4918674299229,-45.1573948120963;-15.4927152998817,-45.1570744970687 -15.4920109157868,-45.1568585684252;-15.492578052961,-45.1576333265998 -15.4927152998817,-45.1570744970687;-15.4916987907694,-45.1580293515331 -15.4924230350988,-45.1582513559348;-15.4918473874069,-45.1574789068107 -15.4916987907694,-45.1580293515331;-15.4925548188146,-45.1577073849691 -15.4918473874069,-45.1574789068107;-15.4924230350988,-45.1582513559348 -15.4925548188146,-45.1577073849691;-15.4915387204772,-45.1586671186359 -15.4922546431516,-45.15888966288;-15.4916817993287,-45.1581255120252 -15.4915387204772,-45.1586671186359;-15.4923950435744,-45.1583318717518 -15.4916817993287,-45.1581255120252;-15.4922546431516,-45.15888966288 -15.4923950435744,-45.1583318717518;-15.4921025940404,-45.1595199134905 -15.4913981324511,-45.1593204951325;-15.4913981324511,-45.1593204951325 -15.4915299897309,-45.1587732557769;-15.4922302409685,-45.1590177674783 -15.4915299897309,-45.1587732557769;-15.4921025940404,-45.1595199134905 -15.4922302409685,-45.1590177674783;-15.4909807855343,-45.161316615761 -15.4916289983535,-45.1614789279075;-15.4913849700395,-45.1594146060727 -15.4912622310553,-45.1599958034958;-15.4913849700395,-45.1594146060727 -15.4920727057424,-45.1596228242414;-15.4919303339509,-45.1601540846423 -15.4920727057424,-45.1596228242414;-15.4911800767484,-45.1599784165793 -15.4904092477839,-45.1597839950037;-15.4904092477839,-45.1597839950037 -15.4905443062603,-45.1591831680212;-15.4905443062603,-45.1591831680212 -15.4912966233861,-45.1593832314912;-15.4912966233861,-45.1593832314912 -15.4911800767484,-45.1599784165793;-15.4899333480176,-45.1596782033548 -15.4903203916646,-45.1597530655832;-15.4901488535001,-45.1584289055122 -15.4899333480176,-45.1596782033548;-15.4906203326986,-45.158516309186 -15.4901488535001,-45.1584289055122;-15.4903203916646,-45.1597530655832 -15.4906203326986,-45.158516309186;-15.4901659534332,-45.1583422272809 -15.4906439993134,-45.158442544906;-15.4902826988037,-45.1577422708515 -15.4902770313179,-45.1577913047939 -15.4901659534332,-45.1583422272809;-15.4907765692919,-45.1578684474472 -15.4902826988037,-45.1577422708515;-15.4906439993134,-45.158442544906 -15.4906455210786,-45.158442881303 -15.4907765692919,-45.1578684474472;-15.4902885742897,-45.1576553691359 -15.4907816055328,-45.1577748668302;-15.4903744724262,-45.1570749702775 -15.4902885742897,-45.1576553691359;-15.4909502801849,-45.1572306059571 -15.4903744724262,-45.1570749702775;-15.4907816055328,-45.1577748668302 -15.4909502801849,-45.1572306059571;-15.4903801351018,-45.1569927814237 -15.4909920665232,-45.1571570145847;-15.4904641886894,-45.156428572905 -15.4903801351018,-45.1569927814237;-15.4911417866996,-45.1565992808487 -15.4904641886894,-45.156428572905;-15.4909920665232,-45.1571570145847 -15.4911417866996,-45.1565992808487;-15.4904764671648,-45.1563526966954 -15.4911607060016,-45.1565176256663;-15.4905987322807,-45.1557501918778 -15.4904764671648,-45.1563526966954;-15.4913117213479,-45.1559535951008 -15.4905987322807,-45.1557501918778;-15.4911607060016,-45.1565176256663 -15.4913117213479,-45.1559535951008;-15.4906058272048,-45.1556723572178 -15.4913297617062,-45.1558802256929;-15.4907352974296,-45.1549641095576 -15.4906058272048,-45.1556723572178;-15.4915515733018,-45.1552062654688 -15.4907352974296,-45.1549641095576;-15.4913297617062,-45.1558802256929 -15.4915515733018,-45.1552062654688;-15.4910503866496,-45.1549535101377 -15.4915663892471,-45.1551221827137;-15.4912813593311,-45.1541883658928 -15.4910503866496,-45.1549535101377;-15.4918137599771,-45.1543127365986 -15.4912813593311,-45.1541883658928;-15.4915663892471,-45.1551221827137 -15.4918137599771,-45.1543127365986;-15.4916400896696,-45.155132229299 -15.4923405794398,-45.155325024965;-15.4918732015509,-45.1543162578149 -15.4916400896696,-45.155132229299;-15.4925513932958,-45.1544809623425 -15.4918732015509,-45.1543162578149;-15.4923405794398,-45.155325024965 -15.4925513932958,-45.1544809623425;-15.4913986249838,-45.1558876495801 -15.4921466532673,-45.1560835138266;-15.4916061678785,-45.155217780611 -15.4913986249838,-45.1558876495801;-15.4923248037567,-45.155408793475 -15.4916061678785,-45.155217780611;-15.4921466532673,-45.1560835138266 -15.4923248037567,-45.155408793475;-15.4912441139201,-45.1565128656602 -15.4919899635223,-45.1567305484878;-15.4913811753196,-45.1559779701788 -15.4912441139201,-45.1565128656602;-15.4921234323816,-45.1561664681672 -15.4913811753196,-45.1559779701788;-15.4919899635223,-45.1567305484878 -15.4921234323816,-45.1561664681672;-15.4910507830278,-45.1571763932714 -15.4917940619304,-45.1573758343264;-15.4911937991428,-45.1566236721889 -15.4910507830278,-45.1571763932714;-15.4919476300834,-45.156831680588 -15.4911937991428,-45.1566236721889;-15.4917940619304,-45.1573758343264 -15.4919476300834,-45.156831680588;-15.4908578206029,-45.1577933393589 -15.4909498920234,-45.1578156587681 -15.4916248548186,-45.1580057791033;-15.491029753503,-45.1572375858666 -15.4908578206029,-45.1577933393589;-15.4917768876172,-45.1574497183624 -15.491029753503,-45.1572375858666;-15.4916248548186,-45.1580057791033 -15.4917768876172,-45.1574497183624;-15.4906971854107,-45.1584493346881 -15.4914626368621,-45.1586450305191;-15.4908333270555,-45.1578862222447 -15.4906971854107,-45.1584493346881;-15.4916015259963,-45.1581026409848 -15.4908333270555,-45.1578862222447;-15.4914626368621,-45.1586450305191 -15.4916015259963,-45.1581026409848;-15.4913129874688,-45.1593069119879 -15.490555052068,-45.159102660349;-15.490681353744,-45.1585401902188 -15.490555052068,-45.159102660349;-15.4914402740233,-45.1587344923954 -15.490681353744,-45.1585401902188;-15.4913129874688,-45.1593069119879 -15.4914402740233,-45.1587344923954;-15.4888236346837,-45.1542812178885 -15.4894121143715,-45.1544694772501;-15.4895686646641,-45.1538199600788 -15.4890075156892,-45.153713651261;-15.4888236346837,-45.1542812178885 -15.4890075156892,-45.153713651261;-15.4916289983535,-45.1614789279075 -15.4917686959035,-45.1608913701033;-15.4911046062315,-45.160709838381 -15.4917686959035,-45.1608913701033;-15.4909807855343,-45.161316615761 -15.4911046062315,-45.160709838381;-15.4913920495789,-45.1628511960826 -15.491561364411,-45.1621884674399;-15.4912231322145,-45.1635676261418 -15.4913816434086,-45.1629021579128;-15.4928061734049,-45.1623627351667 -15.4927330233706,-45.1629885150226;-15.4926064020742,-45.1637404308227 -15.4926780134692,-45.1630318549145;-15.4937916712601,-45.163153959006 -15.4938807716925,-45.1625444121221;-15.4936962341965,-45.1639225038869 -15.492650735787,-45.163796053416;-15.4926507358976,-45.163796053328 -15.4925724196337,-45.1644711623821;-15.4944916717372,-45.1587796065821 -15.4947348243193,-45.1575521856711;-15.4943736740871,-45.1587744320008 -15.4944916717372,-45.1587796065821;-15.4917619962396,-45.1614201423308 -15.4928507703538,-45.1616073026484;-15.4937832875267,-45.1632032253669 -15.4927276190105,-45.1630382771612;-15.493972370268,-45.1617983000894 -15.4929057559493,-45.1616099530838;-15.4908417119075,-45.165229968175 -15.4912149573482,-45.1636241913932;-15.4926780135586,-45.163031855024 -15.4913816434086,-45.1629021579128;-15.4929057559493,-45.1616099530838 -15.4928100668369,-45.1623141088386;-15.4943369051988,-45.1549835336696 -15.4939549999999,-45.1549323087657;-15.4927629127683,-45.1623055769637 -15.4928507703538,-45.1616073026484;-15.4926010844163,-45.1637901540346 -15.4912149573482,-45.1636241913932;-15.4938857382387,-45.1624973486747 -15.493972370268,-45.1617983000894;-15.4927330232833,-45.1629885149078 -15.4937916712601,-45.163153959006;-15.4925310358064,-45.1644670084109 -15.4926010843283,-45.1637901539229;-15.4927567147034,-45.1623551929181 -15.491561364411,-45.1621884674399;-15.4912231322145,-45.1635676261418 -15.4926064021835,-45.1637404307354;-15.4927276191196,-45.163038277077 -15.4926560599099,-45.1637463366247;-15.491577897976,-45.1621392006377 -15.4927629128806,-45.1623055768777;-15.4926560598206,-45.1637463365139 -15.493659956454,-45.1638633462757;-15.4913920495789,-45.1628511960826 -15.4926834273429,-45.1629821475645;-15.493659956454,-45.1638633462757 -15.4937832875267,-45.1632032253669;-15.4939549999999,-45.1549323087657 -15.4938687433547,-45.1558861323871;-15.4928100668369,-45.1623141088386 -15.4938857382387,-45.1624973486747;-15.4938807716925,-45.1625444121221 -15.4928061732946,-45.1623627352493;-15.4947348243193,-45.1575521856711 -15.4948900291438,-45.1575680132455;-15.4926834272318,-45.1629821476538 -15.4927567146159,-45.1623551928055;-15.4964968478252,-45.154053120089 -15.4952498712612,-45.1543532791987;-15.4952498712612,-45.1543532791987 -15.495211546907,-45.1542540173998 -15.4951365520113,-45.1541351500713 -15.4950730477681,-45.1540592836818 -15.4949859192213,-45.1540066380546 -15.4950733374603,-45.1535494795417;-15.4957425466773,-45.1535766249744 -15.4950531387813,-45.1534522136767 -15.4946597816016,-45.1533432274844;-15.4954914710908,-45.1528635522574 -15.4947118315222,-45.1527276988701;-15.494327208028,-45.1496781664733 -15.4938353778828,-45.1520340075608 -15.4936288407151,-45.1530799140357;-15.4934362777491,-45.1541200309159 -15.4944025493723,-45.1542926413866;-15.4936189906022,-45.1531591786437 -15.4934362777491,-45.1541200309159;-15.4945599776573,-45.1534162943857 -15.4936189906022,-45.1531591786437;-15.4944025493723,-45.1542926413866 -15.4945599776573,-45.1534162943857;-15.4950829612814,-45.1543466130649 -15.4944885042153,-45.1543147059567;-15.494632641557,-45.1534379680904 -15.4949874356638,-45.1535333507924;-15.4949874356638,-45.1535333507924 -15.4948915848505,-45.1540354955314 -15.4950218021708,-45.1541293012075 -15.4950858399259,-45.1542364003186 -15.4950829612814,-45.1543466130649;-15.4933313338167,-45.154603048088 -15.4939661653567,-45.1547744319197 -15.4943705479006,-45.154857066205 -15.4950565241263,-45.1550364180159;-15.4934073881541,-45.1542219462823 -15.4933313338167,-45.154603048088;-15.4951522393137,-45.1544811206313 -15.4944139656796,-45.1544276443664 -15.4934073881541,-45.1542219462823;-15.493620428802,-45.1573714823206 -15.4936570695964,-45.1570526906828 -15.4937430977267,-45.1564379474407 -15.4937956549482,-45.1559389742567 -15.493911654386,-45.1548376867983;-15.4933065349679,-45.1546647492315 -15.492967467503,-45.1563183544049 -15.4927540885844,-45.1572485493054;-15.493911654386,-45.1548376867983 -15.4933065349679,-45.1546647492315;-15.4947537124417,-45.1564884588137 -15.4938245578827,-45.156395365218;-15.4938245578827,-45.156395365218 -15.4938733993971,-45.1559900311003;-15.4938687433547,-45.1558861323871 -15.4942646534961,-45.1559341188251 -15.4943369051988,-45.1549835336696;-15.4938733993971,-45.1559900311003 -15.4943006650399,-45.1560289115887 -15.4943801189097,-45.1549910148271;-15.4950121260403,-45.1551612326315 -15.4943801189097,-45.1549910148271;-15.4947537124417,-45.1564884588137 -15.4947822177247,-45.1561175062331 -15.4950121260403,-45.1551612326315;-15.4948428461943,-45.1571333370576 -15.4937265344241,-45.1570152031824;-15.4937265344241,-45.1570152031824 -15.493818444458,-45.1564851902287;-15.4947683311949,-45.1565793678825 -15.493818444458,-45.1564851902287;-15.491577897976,-45.1621392006377 -15.4917619962396,-45.1614201423308;-15.4936962341965,-45.1639225038869 -15.4938444172207,-45.1631865888172 -15.4939447190006,-45.1625300077887 -15.4940434391764,-45.1617807453281 -15.494169012739,-45.1608802153382 -15.4942529650987,-45.1602307439059 -15.4943378305173,-45.1595298522664 -15.4943736740871,-45.1587744320008;-15.4938561513468,-45.158662338259 -15.4943290235626,-45.1587102928892 -15.4944396908732,-45.1587075308832;-15.4938561513468,-45.158662338259 -15.4940651019544,-45.157478708947;-15.4946651350385,-45.1575404697395 -15.4940651019544,-45.157478708947;-15.4952684117745,-45.1544461227227 -15.49523407487,-45.1548298498669 -15.4951266234108,-45.1551154825225 -15.4948447727681,-45.1561145526742 -15.4948283109764,-45.156537647151 -15.4949127256,-45.1571556452225 -15.4948900291438,-45.1575680132455;-15.4964609647627,-45.1541650862686 -15.4952684117745,-45.1544461227227;-15.4937156269005,-45.157084401329 -15.4948452881472,-45.1571910356936;-15.4940257730919,-45.1574752093594 -15.4938053170192,-45.1586553674074;-15.4931984283852,-45.1585987190943 -15.4938053170192,-45.1586553674074;-15.4934400719559,-45.1574131942441 -15.4931984283852,-45.1585987190943;-15.4931371290589,-45.1585804419141 -15.4924503686513,-45.158489280682;-15.4924503686513,-45.158489280682 -15.4927413608186,-45.1573054714537;-15.4931371290589,-45.1585804419141 -15.4933926083489,-45.1574052267677;-15.4942665487508,-45.1594924219342 -15.4931467364328,-45.1594009655694;-15.4931923433722,-45.1586666949732 -15.4931467364328,-45.1594009655694;-15.4942977181177,-45.1587730968721 -15.4931923433722,-45.1586666949732;-15.4920975144535,-45.1599327942161 -15.4924363934347,-45.1585529186848;-15.4924363934347,-45.1585529186848 -15.4931374709759,-45.1586526124682;-15.4930164566994,-45.160077126334 -15.4930830675945,-45.1594437969574 -15.4931374709759,-45.1586526124682;-15.4931437282554,-45.1594820838003 -15.4942608566808,-45.1595694325807;-15.4930651021521,-45.1601381136469 -15.4941838980624,-45.1602504941645;-15.4929386883535,-45.1607611459247 -15.4919438729635,-45.1606006677367;-15.4919438729635,-45.1606006677367 -15.492091145086,-45.1599913474225;-15.492091145086,-45.1599913474225 -15.4930023922491,-45.1601314030368;-15.4930023922491,-45.1601314030368 -15.4929386883535,-45.1607611459247;-15.4929121719914,-45.1615520701769 -15.4930018625566,-45.160832472011;-15.4919292230054,-45.1606684310109 -15.49293183615,-45.1608222467287;-15.4950733374603,-45.1535494795417 -15.4957326762654,-45.1536630806101;-15.4957326762654,-45.1536630806101 -15.4957425466773,-45.1535766249744;-15.4946597816016,-45.1533432274844 -15.49478749407,-45.1528071310686;-15.49478749407,-45.1528071310686 -15.4954752970648,-45.1529335775885 -15.4954914710908,-45.1528635522574;-15.4945655526618,-45.1533072892168 -15.4947118315222,-45.1527276988701;-15.4944885042153,-45.1543147059567 -15.494632641557,-45.1534379680904;-15.4950565241263,-45.1550364180159 -15.4951457688373,-45.1548208826941 -15.4951522393137,-45.1544811206313;-15.4927540885844,-45.1572485493054 -15.4934298912557,-45.1573528106999 -15.493620428802,-45.1573714823206;-15.4948428461943,-45.1571333370576 -15.4947683311949,-45.1565793678825;-15.4944396908732,-45.1587075308832 -15.4946651350385,-45.1575404697395;-15.4948266251214,-45.15748840951 -15.4936920261304,-45.1573720112544;-15.4936920261304,-45.1573720112544 -15.4937156269005,-45.157084401329;-15.4948452881472,-45.1571910356936 -15.4948266251214,-45.15748840951;-15.4940257730919,-45.1574752093594 -15.4934400719559,-45.1574131942441;-15.4933926083489,-45.1574052267677 -15.4927413608186,-45.1573054714537;-15.4942977181177,-45.1587730968721 -15.4942665487508,-45.1594924219342;-15.4930164566994,-45.160077126334 -15.4920975144535,-45.1599327942161;-15.4942608566808,-45.1595694325807 -15.4941995414423,-45.1601928173309;-15.4941995414423,-45.1601928173309 -15.4930738487315,-45.1600853011193;-15.4930738487315,-45.1600853011193 -15.4931437282554,-45.1594820838003;-15.4941838980624,-45.1602504941645 -15.4941082150325,-45.160843226536;-15.4941082150325,-45.160843226536 -15.4930084515795,-45.1607643838136;-15.4930084515795,-45.1607643838136 -15.4930651021521,-45.1601381136469;-15.4940922273752,-45.160915837795 -15.4939769452833,-45.1617396013703;-15.4939769452833,-45.1617396013703 -15.4929121719914,-45.1615520701769;-15.49293183615,-45.1608222467287 -15.4928556492247,-45.1615407824936;-15.4928556492247,-45.1615407824936 -15.4917851433841,-45.1613544735279;-15.4917851433841,-45.1613544735279 -15.4919292230054,-45.1606684310109;-15.4936288407151,-45.1530799140357 -15.4945655526618,-45.1533072892168;-15.4930018625566,-45.160832472011 -15.4940922273752,-45.160915837795;-15.5658896031628,-44.5647223023278 -15.5673137866796,-44.5644383133251;-15.5647849068902,-44.5647038063766 -15.5648351565141,-44.5649407179086;-15.5647849068902,-44.5647038063766 -15.5656545300584,-44.5644225076563 -15.5658075082533,-44.5647224254332;-15.5658896031628,-44.5647223023278 -15.5656932623067,-44.5643163061536 -15.5647734754984,-44.5646357383907;-15.5647496726567,-44.5644729861482 -15.5647734754984,-44.5646357383907;-15.5648958154992,-44.562478181582 -15.5651958479813,-44.5637123807419 -15.5654106922659,-44.5640368033213 -15.5647496726567,-44.5644729861482;-15.5648958154992,-44.562478181582 -15.5651420260999,-44.5623070464996;-15.5652034238484,-44.5672057117739 -15.5650696865534,-44.5661864476512;-15.5650696865534,-44.5661864476512 -15.5661939086748,-44.5659903988222;-15.5650549764733,-44.5660939085747 -15.5661785052951,-44.5658928927502;-15.5649604210455,-44.5655890964933 -15.5650549764733,-44.5660939085747;-15.5659951222775,-44.564807713188 -15.5661023546803,-44.5653491973014 -15.5649604210455,-44.5655890964933;-15.5664409815567,-44.5647063739612 -15.5659951222775,-44.564807713188;-15.5630038236281,-44.5636254670596 -15.5643184093261,-44.5627808669121;-15.5623555117412,-44.5625533175846 -15.5623587657453,-44.5625550924957 -15.5624323765862,-44.5626314296639 -15.5630038236281,-44.5636254670596;-15.5612769039296,-44.5628097380232 -15.561292771717,-44.5627650197084 -15.5613745615401,-44.5626995878499 -15.5622142703911,-44.5625278292213 -15.5622987865417,-44.5625223765664 -15.5623555117412,-44.5625533175846;-15.5630294116245,-44.5654504039318 -15.5612877775218,-44.5629056168191 -15.5612627821151,-44.562849535859 -15.5612769039296,-44.5628097380232;-15.5621189622597,-44.5661762336906 -15.5630294121128,-44.5654504039319;-15.5621625470392,-44.5662321579135 -15.56310942181,-44.5655053007636;-15.56310942181,-44.5655053007636 -15.5634267440889,-44.5655874379963 -15.5640708685325,-44.5652209354256 -15.5645563890122,-44.5650438623727;-15.5645563890122,-44.5650438623727 -15.5648494374718,-44.5664477762931 -15.5649197850983,-44.5669800790155;-15.5643184093261,-44.5627808669121 -15.5636609344879,-44.559169849339;-15.5643919690945,-44.5627288974653 -15.5650903128857,-44.5622060379153;-15.5637442998985,-44.5591515495395 -15.5643919690945,-44.5627288974653;-15.5616962515105,-44.5632885754979 -15.5624183793255,-44.5628334083072;-15.5613798477954,-44.5628641685343 -15.5616962515105,-44.5632885754979;-15.5622228980954,-44.5626179476004 -15.5622224493734,-44.5626177980267 -15.5621161226033,-44.562625977009 -15.5614072774694,-44.56280591462 -15.5613798477954,-44.5628641685343;-15.5624183793255,-44.5628334083072 -15.5622878812319,-44.5626396086462 -15.5622228980954,-44.5626179476004;-15.5619934699466,-44.5637034679451 -15.5626790999794,-44.5632484165891;-15.561755029318,-44.5633687709983 -15.5619934699466,-44.5637034679451;-15.562465161625,-44.5629014083656 -15.561755029318,-44.5633687709983;-15.5626790999794,-44.5632484165891 -15.562465161625,-44.5629014083656;-15.5622608205393,-44.5641007933328 -15.5629311942604,-44.5636789928794;-15.5620443114386,-44.5637751251494 -15.5622606179576,-44.5641009201532 -15.5622608205393,-44.5641007933328;-15.5627208870858,-44.5633180320246 -15.5620443114386,-44.5637751251494;-15.5629311942604,-44.5636789928794 -15.5627208870858,-44.5633180320246;-15.563648063236,-44.5650089684764 -15.5636483186237,-44.5650087871902 -15.5628825101196,-44.5638178323275;-15.5631237146551,-44.5653811744617 -15.563648063236,-44.5650089684764;-15.5623179366031,-44.5641908846963 -15.5631221379163,-44.5653822940492 -15.5631237151434,-44.5653811744617;-15.5628825101196,-44.5638178323275 -15.5628822206135,-44.5638173820996 -15.5623179361149,-44.5641908846963;-15.5637037841831,-44.5648494721674 -15.5637329895829,-44.5648708723061 -15.5637902424591,-44.5648735986335 -15.5638474953353,-44.5648299773945 -15.5638747586097,-44.5647918088104 -15.5638747586097,-44.5647400085891 -15.5632395243165,-44.563725814782 -15.5631713661306,-44.5636876461978 -15.5630923026349,-44.5636985515076 -15.5630459550684,-44.5637339937643 -15.5630268707764,-44.5637721623484 -15.563018691794,-44.5638103309326 -15.5630377760861,-44.5638512258441 -15.5637037841831,-44.5648494721674;-15.5635564387436,-44.5633751261965 -15.5635557778111,-44.5633741185424 -15.5632499893168,-44.5635850071591;-15.5638878565629,-44.5638804017967 -15.5635564392318,-44.5633751261965;-15.5635710717236,-44.5640737759632 -15.5638878560746,-44.5638804017967;-15.5632499893168,-44.5635850071591 -15.5635694094483,-44.5640747846941 -15.5635710717236,-44.5640737759632;-15.5636182602437,-44.564140618462 -15.5639232410534,-44.5639468590851;-15.5639232410534,-44.5639468590851 -15.5643193640452,-44.5645574667286;-15.5643193640452,-44.5645574667286 -15.563999486946,-44.5647661516112;-15.5639994864577,-44.5647661516112 -15.5636182602437,-44.564140618462;-15.563604959989,-44.5633209126609 -15.5639333217187,-44.5631149121417 -15.5639339095893,-44.5631158301665;-15.563933909101,-44.5631158301665 -15.5645546420389,-44.5641197407301;-15.5645546420389,-44.5641197407301 -15.5646259965078,-44.5643473300843;-15.5646259965078,-44.5643473300843 -15.564626316736,-44.5643489712525 -15.5643668492415,-44.5645254694901;-15.5643668492415,-44.5645254694901 -15.563604652221,-44.5633211054354 -15.5636049595007,-44.5633209126609;-15.5640240598413,-44.5630607281787 -15.5643437025088,-44.5628592291934 -15.5643438274157,-44.5628598416051;-15.5643438274157,-44.5628598416051 -15.5645738014492,-44.5640393035516;-15.5645738014492,-44.5640393035516 -15.564024059353,-44.5630607281787;-15.5648254547447,-44.5625189593814 -15.5644217791288,-44.562812808896;-15.5647363064046,-44.5643797691133 -15.5653036247096,-44.5640082815911 -15.565128868743,-44.5637580722515 -15.5648254547447,-44.5625189593814;-15.5644217791288,-44.562812808896 -15.5647363064046,-44.5643797691133;-15.5649499672994,-44.5655109892582 -15.564851079062,-44.5650300703378;-15.564851079062,-44.5650300703378 -15.5659090102061,-44.5648328257552;-15.5659090102061,-44.5648328257552 -15.5659871968368,-44.5652830042153 -15.5649499672994,-44.5655109892582;-15.5646045591928,-44.5649722453264 -15.5647498878764,-44.5649297435437;-15.5644102613272,-44.5645746137183 -15.5646043562355,-44.5649723046842 -15.5646045591928,-44.5649722453264;-15.5644102608389,-44.5645746137183 -15.5646418083163,-44.5644096550549;-15.5647498878764,-44.5649297435437 -15.5647507406066,-44.5649294941605 -15.5646418088046,-44.5644096550549;-15.563149751837,-44.5654513550396 -15.5634025818047,-44.56551277919 -15.564046587483,-44.5651655123707 -15.5645418670494,-44.564987822917;-15.5648351565141,-44.5649407179086 -15.5658075082533,-44.5647224254332;-15.5643519430498,-44.5646182410782 -15.5643505716283,-44.564615572368 -15.563149751837,-44.5654513550396;-15.5645418670494,-44.564987822917 -15.5643519430498,-44.5646182410782;-15.5646460472813,-44.5650828777431 -15.5647389945377,-44.565055724612 -15.564880712524,-44.5658810051089;-15.564880712524,-44.5658810051089 -15.5646460472813,-44.5650828777431;-15.5293565145897,-44.522202349986 -15.5294608035214,-44.5219200247287 -15.5296399241538,-44.521263758207 -15.5297057370337,-44.5211756049357 -15.5321152619028,-44.5194214383119 -15.5344140844826,-44.5181120890966 -15.5350844298923,-44.5162690808694 -15.5355511029739,-44.5152114845855 -15.5368704782062,-44.5138899413519 -15.5386149810881,-44.5129357426307 -15.5405036078465,-44.5112031615728 -15.5413822348483,-44.5102661626658 -15.5418400366193,-44.5098375256048 -15.5438004726845,-44.5070541532905 -15.5442616704192,-44.5065554428909 -15.5448735731805,-44.5064086840825;-15.5293223168765,-44.5221658587504 -15.5294200858166,-44.5219060033765 -15.5295979579684,-44.5212412764366 -15.5296677861013,-44.5211348332478 -15.5320902328163,-44.5193777887862 -15.5343698914581,-44.5180685368399 -15.5350291384247,-44.5162479177766 -15.5354867671043,-44.5151690764266 -15.5368328450644,-44.5138473223636 -15.5385706352976,-44.5128729891358 -15.5404340584951,-44.5111264813722 -15.541329323628,-44.5102249313711 -15.5418071841764,-44.5097927581363 -15.5437470634332,-44.5070200377191 -15.5442180299422,-44.506500204313 -15.5448137918403,-44.5063502057597;-15.5767562357019,-44.7081736899404 -15.5767793816543,-44.7084136026165 -15.5767479092588,-44.7087335185575 -15.5770939481889,-44.7089886490433 -15.5769127906184,-44.7098751166296;-15.5783276921157,-44.7079131395905 -15.5776273590027,-44.7061343979721 -15.5760459166078,-44.7038987351301 -15.575847982473,-44.7035915755813;-15.5760864180011,-44.7081559801549 -15.5768090688981,-44.7080804791344;-15.5753655499152,-44.7047814454242 -15.5749303800455,-44.70242113774;-15.576738607347,-44.7068837383471 -15.5767363103744,-44.7068897458156 -15.5758576777355,-44.7051893849965 -15.5753655499152,-44.7047814454242;-15.5749895404625,-44.7046168115539 -15.5752708978006,-44.7047397576176;-15.5749303800455,-44.70242113774 -15.5757644441784,-44.7035232018999;-15.5752708978006,-44.7047397576176 -15.575145822926,-44.7039370043311 -15.5749895404625,-44.7046168115539;-15.5757644441784,-44.7035232018999 -15.5769241351641,-44.7065288702291 -15.576738607347,-44.7068837383471;-15.5760300342027,-44.7089354178141 -15.5766093494968,-44.7109738430623 -15.5767944652562,-44.7121375622307;-15.5749056048714,-44.7104492759959 -15.5750641429868,-44.7101237940529 -15.5756934304039,-44.7092860635788 -15.575948898551,-44.7090953373594 -15.5760300342027,-44.7089354178141;-15.5760205441973,-44.7088401403705 -15.5759175999317,-44.7090661337533 -15.5756604329774,-44.7092451981511 -15.575018468062,-44.7100757521663 -15.5748477951233,-44.7104189094362;-15.5753050767634,-44.7049291181147 -15.5757995637471,-44.7072310553725 -15.5758455203623,-44.7078906112649 -15.5760234131494,-44.7082109234434 -15.5760205441973,-44.7088401403705;-15.5746407566025,-44.7045888342044 -15.5753050767634,-44.7049291181147;-15.5760918271732,-44.70823811191 -15.5760960673931,-44.7088608317351 -15.5766677227557,-44.7109451596506 -15.5768606050527,-44.7121574390811;-15.5760918271732,-44.70823811191 -15.5767562357019,-44.7081736899404;-15.5769560760254,-44.7098892226385 -15.577138941613,-44.7089645506745 -15.5767927113969,-44.7087211645265 -15.5768254961099,-44.7084157398777 -15.5768045514811,-44.7081680336743;-15.5768045514811,-44.7081680336743 -15.5784807396425,-44.7080091271362;-15.5754211258431,-44.7049623297501 -15.5760864180011,-44.7081559801549;-15.5767124494515,-44.7070585813008 -15.5757927770536,-44.7052533604608 -15.5754211258431,-44.7049623297501;-15.5768090688981,-44.7080804791344 -15.5767124494515,-44.7070585813008;-15.5740775351982,-44.704187448502 -15.5749252894804,-44.7045872365009;-15.5749252894804,-44.7045872365009 -15.5750744724608,-44.704033212262 -15.5750746195316,-44.7036084353379 -15.5748346403597,-44.7023053972633;-15.5783276921157,-44.7079131395905 -15.5769109023365,-44.7080601497769;-15.5769109023365,-44.7080601497769 -15.5768148398041,-44.7069674771304;-15.5768148398041,-44.7069674771304 -15.5770060312521,-44.7065300789803 -15.575847982473,-44.7035915755813;-15.6897919487846,-44.5671462768035 -15.6910754078978,-44.5664574293618;-15.6880196070584,-44.5673974602094 -15.6885118114661,-44.5677974964365 -15.6888563353892,-44.5680145062305;-15.6894375584868,-44.5680123913508 -15.6889232603267,-44.5668400207506;-15.6910754078978,-44.5664574293618 -15.6913475117498,-44.5669470818755;-15.6888563353892,-44.5680145062305 -15.6890136203489,-44.5683366268141;-15.691659496009,-44.5660977223403 -15.6896937861195,-44.5671095267306;-15.6914682077713,-44.5669262669989 -15.6919915666801,-44.5666477735753;-15.6888634583919,-44.5679714528175 -15.6886446919539,-44.5674701114127;-15.6900207093007,-44.5676525056405 -15.6897919487846,-44.5671462768035;-15.6918830536951,-44.5664581986522 -15.6913419364743,-44.5667259663898;-15.6920065784951,-44.5666834130533 -15.6921545784764,-44.5670042422774;-15.6919915666801,-44.5666477735753 -15.6919127701569,-44.5664902147887;-15.6896937861195,-44.5671095267306 -15.689971240838,-44.5676789011351;-15.6890247500128,-44.5668452561118 -15.6911575761349,-44.5655032153023;-15.6914682077713,-44.5669262669989 -15.6913644745459,-44.5667492274507;-15.6919127701569,-44.5664902147887 -15.6913644745459,-44.5667492274507;-15.6917299600692,-44.5660822432455 -15.6911956371962,-44.5654330526107;-15.6890263706079,-44.568236821271 -15.6894375584868,-44.5680123913508;-15.6890263706079,-44.568236821271 -15.6886907109553,-44.5674510440018;-15.6888634583919,-44.5679714528175 -15.6885340771914,-44.5677637849659 -15.6880653998733,-44.5673690284067;-15.6918830536951,-44.5664581986522 -15.6916997544877,-44.5661420505953;-15.6920065810552,-44.5666834207335 -15.6895479624029,-44.5680129483376;-15.6916997544877,-44.5661420505953 -15.691169101007,-44.5664313044307;-15.6911575761349,-44.5655032153023 -15.691659496009,-44.5660977223403;-15.6921098177578,-44.5667891143477 -15.6920522682746,-44.5666389852609 -15.6919511215075,-44.5664452464285 -15.6917401524821,-44.5660946268048 -15.6917299600692,-44.5660822432455;-15.6895054663854,-44.5679109610027 -15.6890247500128,-44.5668452561118;-15.6895479624029,-44.5680129483376 -15.6897656468344,-44.5683411192884 -15.6900934803118,-44.5685972949484;-15.689971240838,-44.5676789011351 -15.6895054663854,-44.5679109610027;-15.6913475117498,-44.5669470818755 -15.6900207093007,-44.5676525056405;-15.6913419364742,-44.5667259663898 -15.691169101007,-44.5664313044307;-15.5673142069987,-44.5644381108354 -15.5692861587094,-44.5638249767524 -15.576260427202,-44.5591035109888 -15.5776018854236,-44.5581953657011 -15.5788897807336,-44.5562278709292;-15.5650917660016,-44.5622050658178 -15.5681351292043,-44.5601691333513 -15.5697655910947,-44.5597647479056 -15.5704679127746,-44.5593979167126 -15.5745764897508,-44.5578369393294 -15.5760164917828,-44.5575076775312 -15.5770365585683,-44.5573155838353 -15.5776431644674,-44.5568928778148 -15.5778527846121,-44.5567821069538 -15.5781807100225,-44.5565863865241 -15.5786030381904,-44.5562491534334 -15.5790296759541,-44.5561031690921;-15.5790296759541,-44.5561031690921 -15.5777722537309,-44.5582941253931 -15.5763187664864,-44.5591788329379 -15.5735416028094,-44.5610202129872 -15.5693380668511,-44.5639243628702 -15.5673718301579,-44.5644996401737 -15.5664412004466,-44.5647063051565;-15.5651427510364,-44.5623065426136 -15.5681672747145,-44.5602587627713 -15.5697854725504,-44.5598365510686 -15.5704910303172,-44.5594464976862 -15.5746143176995,-44.5579205301365 -15.5760391653658,-44.5575969567828 -15.5770620344823,-44.5574021403009 -15.5776951705965,-44.5569599122043 -15.5779098802194,-44.5568368298216 -15.5781883594068,-44.5567019355223 -15.5783586703262,-44.5565969805935 -15.5784982936169,-44.5565011639748 -15.5788897807336,-44.5562278709292;-15.6462789817886,-44.5079731785441 -15.647426734811,-44.5076988376198;-15.6405581791776,-44.5046023710109 -15.6418544405623,-44.5037396787648 -15.6428710734335,-44.5030435317751;-15.6402162063445,-44.5029467851807 -15.6403158065543,-44.5028415117985 -15.6404016650585,-44.5027020026192 -15.6404020777085,-44.5027013859281 -15.6407116496822,-44.5022491870117 -15.6408267392286,-44.5020717572943 -15.6408581991038,-44.5020558668134 -15.6410932955445,-44.5020699725999 -15.6412861500278,-44.5020240548658 -15.6415232586425,-44.5019811596746 -15.6416462054871,-44.5020827471491 -15.6420887106046,-44.5020801475729 -15.6422912495137,-44.5023326591789 -15.6424730588892,-44.5024423325465 -15.6429154187366,-44.5030087158312;-15.6461803757691,-44.5080321531216 -15.6462765718702,-44.5078404980543 -15.6462869097471,-44.5076878896313 -15.6462277305736,-44.5075057998668 -15.6460611902417,-44.5072060272693 -15.6460602922526,-44.5072042993394 -15.6459834078836,-44.5070457253284 -15.645985779617,-44.5070110412488 -15.6460709787984,-44.5068832424768 -15.6461752685789,-44.5066699224712 -15.6462810199618,-44.5064216366157 -15.6461932218549,-44.5060288556109 -15.6459456121228,-44.5055669682261 -15.6459453968302,-44.5055665601869 -15.6458230116002,-44.5053308552997 -15.6456186934586,-44.5052817296262 -15.6455943788934,-44.5052606981232 -15.6455174945244,-44.5050684872007 -15.645517260628,-44.5050678864742 -15.6454011160806,-44.5047612648691 -15.6447238490819,-44.5043113322476 -15.6443354583551,-44.5040712234817;-15.6391195905277,-44.5038703849454 -15.6402162063445,-44.5029467851807;-15.6469345718944,-44.5078817508092 -15.6474433988373,-44.5077517782576;-15.6387741321733,-44.5034070136874 -15.6416167154557,-44.5009645246445 -15.6416182531518,-44.5009632755846 -15.6434391472435,-44.4995723168824;-15.6443603088571,-44.5040056063961 -15.6447610388119,-44.5042520254131 -15.6447620727692,-44.5042526864774 -15.6454492268171,-44.5047091874183 -15.6454625899626,-44.5047259425577 -15.6455826076072,-44.5050427891394 -15.6456526517679,-44.5052178995413 -15.6458548989392,-44.5052665272765 -15.6458777791829,-44.5052844289187 -15.646007415254,-44.505534098389 -15.6462571804622,-44.5060000065658 -15.6462604904575,-44.5060089080308 -15.6463517906456,-44.5064173562411 -15.6463498344195,-44.5064387065221 -15.6462393131391,-44.5066981912674 -15.6462385557525,-44.5066998484498 -15.6461328397451,-44.5069160857376 -15.6461305180528,-44.5069201278898 -15.6460551321285,-44.5070332067763 -15.6461228542896,-44.5071728837336 -15.6462905658082,-44.507474764467 -15.6462932564959,-44.5074809439571 -15.6463557250457,-44.5076731548796 -15.6463572822341,-44.5076872802804 -15.646341996883,-44.5078483116642 -15.6463380955843,-44.5078613623797 -15.6462789818559,-44.5079731786309;-15.6429114775536,-44.5030994946266 -15.6419181222578,-44.5037809107684;-15.6434777143738,-44.499628371156 -15.6416616190186,-44.5010182336009 -15.6388186575003,-44.5034667064273;-15.644254069376,-44.504011144806 -15.6440834416526,-44.5038770529315 -15.64407722378,-44.50387073988 -15.6438067534678,-44.5035156006005 -15.6436547061045,-44.5034543277825 -15.6436421405018,-44.5034456804096 -15.6435484376771,-44.5033447696753 -15.6435427086995,-44.5033364619356 -15.6434480992619,-44.5031450428409 -15.643224999286,-44.503125162645 -15.6432151950308,-44.5031228324925 -15.6429114775536,-44.5030994946266;-15.6419181222451,-44.5037809106559 -15.6420129750907,-44.5038182769284 -15.6422554031555,-44.503875318826 -15.6425325852014,-44.5039374458363 -15.6426994074387,-44.5039612775845 -15.642701937082,-44.5039617343161 -15.6430079177239,-44.5040286675816 -15.6433117116644,-44.5040666418241 -15.6436136625646,-44.5040666418241 -15.6440292793558,-44.5040427558016 -15.6442540694043,-44.5040111447011;-15.6429154187366,-44.5030087158312 -15.6430273305752,-44.5030309285526 -15.6432469970353,-44.5030568454761 -15.6434738785813,-44.5030770626435 -15.6435021488282,-44.5030964164599 -15.6436032028757,-44.5033008746491 -15.6436881186098,-44.5033923223627 -15.643841847091,-44.5034542726462 -15.6438566092642,-44.5034655298512 -15.6441302063384,-44.5038247747051 -15.6443603102878,-44.5040056073933;-15.6428710734335,-44.5030435317751 -15.6424174743718,-44.5024943639918 -15.6422475479745,-44.5023584650884 -15.6420815916236,-44.5021277478539 -15.6416810834069,-44.5021385721174 -15.6415390622524,-44.5020781259401 -15.6413138404712,-44.5020884720233 -15.6413062947138,-44.5020912152891 -15.6411044732452,-44.5021392680197 -15.6410942702966,-44.5021401569718 -15.640874366785,-44.5021269627611 -15.6407701399652,-44.502287645775 -15.6407696569326,-44.5022883705361 -15.6404600485269,-44.5027406226694 -15.6403711096151,-44.5028657902348 -15.6402538706946,-44.5029872982963;-15.6421261774307,-44.4987134993386 -15.6421381428145,-44.4987446657468 -15.6414799296416,-44.4993419844291 -15.6414782512029,-44.4993434091234 -15.6386219526548,-44.501617283794 -15.6378941989174,-44.5022238007053;-15.6418476076859,-44.5038276694148 -15.6406237724719,-44.5046276491406;-15.6443354583551,-44.5040712234817 -15.6440376001582,-44.5041122744391 -15.6440347344196,-44.5041125578 -15.6436166756632,-44.5041365841654 -15.6436146674827,-44.5041366418241 -15.6433095326432,-44.5041366418241 -15.6433051914275,-44.5041363715498 -15.6429976539515,-44.5040979293653 -15.6429945157765,-44.5040973911402 -15.6426882347304,-44.5040303921614 -15.6425213233866,-44.5040065476837 -15.6425186182331,-44.5040060520866 -15.6422399123955,-44.5039435835368 -15.6422395509198,-44.5039435005025 -15.6419944819936,-44.5038858372258 -15.6419896700121,-44.5038843319186 -15.6418476076859,-44.5038276694148;-15.2432487921646,-45.1665345287303 -15.2428818607776,-45.1664437804674;-15.2427751114191,-45.1663906228602 -15.2428079463771,-45.1664411962439 -15.2427615873065,-45.1668216152574 -15.242657486543,-45.1669633719764;-15.2415044866048,-45.1665254852167 -15.2427268025152,-45.1663785456342 -15.2427751114191,-45.1663906228602;-15.2428818607776,-45.1664437804674 -15.2428288306911,-45.1668500280141 -15.2426910434513,-45.1670260542812 -15.242641139802,-45.1672355308029 -15.2426597220331,-45.1674163741562 -15.2426991255391,-45.1675233660114;-15.2415095187823,-45.1670488316749 -15.2415044866048,-45.1665254852167;-15.2439913367295,-45.1658187832633 -15.2443506979663,-45.1659527096576;-15.2442669270591,-45.1690627316948 -15.2442218043367,-45.1694366341092;-15.2414290586665,-45.1674657902988 -15.2414484104858,-45.167144918008;-15.2447005027558,-45.1662695545824 -15.244736544195,-45.1660445687843;-15.2413433256651,-45.1681261889846 -15.2414156611505,-45.167574130643;-15.2443506979663,-45.1659527096576 -15.2443207535079,-45.1661897853037;-15.2432701018095,-45.1664817142636 -15.2428989029851,-45.1663876035537 -15.2428020269737,-45.1663386418253 -15.2427318346927,-45.1663221852464 -15.2415014672983,-45.1664620797804;-15.2415014672983,-45.1664620797804 -15.2414974415563,-45.1658189674982;-15.2439104454342,-45.1657890112892 -15.2435621832118,-45.1656245383367;-15.2438952139801,-45.1661211586945 -15.2439104454342,-45.1657890112892;-15.244736544195,-45.1660445687843 -15.2449685232533,-45.1661134935013 -15.2450969512564,-45.1663260435534;-15.2412258863683,-45.1670729447101 -15.2414573099409,-45.1670639282073 -15.2414496358702,-45.1657706585944;-15.241270112351,-45.1686974598834 -15.2413298550714,-45.1682265500886;-15.2435831420829,-45.1660902153539 -15.2438952139801,-45.1661211586945;-15.243973269897,-45.1661419948931 -15.2439913367295,-45.1658187832633;-15.2435621832118,-45.1656245383367 -15.2435831420829,-45.1660902153539;-15.2425589031886,-45.1675557984737 -15.2425910422485,-45.1670811358942;-15.2450969512564,-45.1663260435534 -15.2447005027558,-45.1662695545824;-15.2443207535079,-45.1661897853037 -15.243973269897,-45.1661419948931;-15.2425356272298,-45.1689301363095 -15.2424602578249,-45.1693249882091;-15.2442669270591,-45.1690627316948 -15.2425356272298,-45.1689301363095;-15.2443082605903,-45.1692904264198 -15.2446955890928,-45.1663436292373;-15.2446955890928,-45.1663436292373 -15.2458215306353,-45.1665125367229;-15.2458468545775,-45.1664289684994 -15.2451765876206,-45.1663174180966;-15.2437206371353,-45.1655344482249 -15.243978305055,-45.1656949243232 -15.2450129708474,-45.166075473731 -15.2451765876206,-45.1663174180966;-15.2442366922654,-45.1618454187244 -15.2442124383701,-45.1631808320487 -15.2438175944579,-45.1653922554062 -15.2437206371353,-45.1655344482249;-15.2414496358702,-45.1657706585944 -15.2429744625724,-45.1656137956861 -15.2430377910836,-45.165667498956 -15.2430780283658,-45.1657618955797 -15.2431394410688,-45.1658471476921 -15.2434689345835,-45.1658399525966;-15.2425910422485,-45.1670811358942 -15.2414484104858,-45.167144918008;-15.2426991255391,-45.1675233660114 -15.243069010023,-45.1668096098723 -15.2431345158509,-45.16675404568 -15.2432487921646,-45.1665345287303;-15.2414290586665,-45.1674657902988 -15.2425589031886,-45.1675557984737;-15.2425705529672,-45.1676729139505 -15.2414156611505,-45.167574130643;-15.2425193624795,-45.1682453083923 -15.2425705529672,-45.1676729139505;-15.2413433256651,-45.1681261889846 -15.2425193624795,-45.1682453083923;-15.2425131136531,-45.1683466341709 -15.2413298550714,-45.1682265500886;-15.2424506824711,-45.1688243563282 -15.2425131136531,-45.1683466341709;-15.241270112351,-45.1686974598834 -15.2424506824711,-45.1688243563282;-15.2424433596232,-45.1689258215806 -15.2411436029268,-45.1687701983756;-15.242385065851,-45.1693194845795 -15.2424433596232,-45.1689258215806;-15.2436648175093,-45.1655102002816 -15.2437565536827,-45.1653586076882 -15.2441366583841,-45.1631748201623 -15.2441457848486,-45.1618354545421;-15.2434689345835,-45.1658399525966 -15.2434459650499,-45.1655257773428 -15.2436648175093,-45.1655102002816;-15.2434758001324,-45.1658975856854 -15.243121218129,-45.1658914561294 -15.2430395114332,-45.1658017921458 -15.2430000228258,-45.16571687162 -15.2429521773651,-45.1656717823621 -15.2414974415563,-45.1658189674982;-15.2432701018095,-45.1664817142636 -15.2435024285443,-45.1661422499406 -15.2434758001324,-45.1658975856854;-15.2415095187823,-45.1670488316749 -15.242657486543,-45.1669633719764;-15.2432296593013,-45.1667598782337 -15.243543404927,-45.1662295300744;-15.243543404927,-45.1662295300744 -15.2445162448279,-45.1663191659399 -15.2446136317424,-45.1663289420534;-15.2446136317424,-45.1663289420534 -15.2445130520394,-45.16705484779;-15.2445130520394,-45.16705484779 -15.2432296593013,-45.1667598782337;-15.2427351508315,-45.1675892130245 -15.2431379314155,-45.1668530799708;-15.2431379314155,-45.1668530799708 -15.2445067936001,-45.1671334405053;-15.2445067936001,-45.1671334405053 -15.2444700943129,-45.1674640379349;-15.2444700943129,-45.1674640379349 -15.2427351508315,-45.1675892130245;-15.2435500667513,-45.1682168000685 -15.2435266638279,-45.1676016745699;-15.2435266638279,-45.1676016745699 -15.244457534337,-45.1675320692146;-15.244457534337,-45.1675320692146 -15.2443816319788,-45.1682027799673;-15.2443816319788,-45.1682027799673 -15.2435500667513,-45.1682168000685;-15.2435503057833,-45.1682808398298 -15.2435690317832,-45.1689252614127;-15.2443762125263,-45.1682630344528 -15.2435503057833,-45.1682808398298;-15.2442785177509,-45.1689822529035 -15.2443762125263,-45.1682630344528;-15.2435690317832,-45.1689252614127 -15.2442785177509,-45.1689822529035;-15.2426362845052,-45.1683329894271 -15.2425451241076,-45.1688307819748;-15.2434934287587,-45.1682940115971 -15.2426362845052,-45.1683329894271;-15.2435184357092,-45.1689193698883 -15.2434934287587,-45.1682940115971;-15.2425451241076,-45.1688307819748 -15.2435184357092,-45.1689193698883;-15.242717228047,-45.1676622992752 -15.2426495025599,-45.1682528370269;-15.2434710536613,-45.1676065741966 -15.242717228047,-45.1676622992752;-15.2434924995021,-45.1682067590254 -15.2434710536613,-45.1676065741966;-15.2426495025599,-45.1682528370269 -15.2434924995021,-45.1682067590254